timestamp	ch1	ch2	ch3
00:00:00.000	1.305495	1.279853	1.300366
00:00:00.000	1.305495	1.282051	1.306960
00:00:00.001	1.308425	1.305495	1.302564
00:00:00.001	1.329670	1.297436	1.273993
00:00:00.002	1.315018	1.309890	1.274725
00:00:00.002	1.296703	1.342125	1.304029
00:00:00.002	1.302564	1.345788	1.316484
00:00:00.003	1.321612	1.339927	1.304029
00:00:00.003	1.292308	1.353114	1.304029
00:00:00.003	1.287912	1.347253	1.308425
00:00:00.004	1.287179	1.292308	1.309158
00:00:00.004	1.295238	1.289377	1.312821
00:00:00.004	1.316484	1.279121	1.306960
00:00:00.005	1.311355	1.287179	1.298901
00:00:00.006	1.345788	1.342125	1.309158
00:00:00.006	1.420513	1.298168	1.312821
00:00:00.006	1.386081	1.261538	1.308425
00:00:00.006	1.351648	1.258608	1.314286
00:00:00.007	1.331136	1.269597	1.306960
00:00:00.007	1.231502	1.234432	1.305495
00:00:00.007	1.279853	1.269597	1.281319
00:00:00.010	1.273993	1.347253	1.305495
00:00:00.010	1.275458	1.393407	1.319414
00:00:00.010	1.246886	1.336264	1.323810
00:00:00.010	1.293773	1.317949	1.314286
00:00:00.010	1.317216	1.295238	1.315751
00:00:00.010	1.323810	1.271062	1.320147
00:00:00.010	1.324542	1.237363	1.322344
00:00:00.010	1.312088	1.276923	1.317216
00:00:00.013	1.326007	1.361905	1.323810
00:00:00.013	1.319414	1.358242	1.312821
00:00:00.013	1.307692	1.282784	1.304762
00:00:00.013	1.304029	1.260806	1.276923
00:00:00.013	1.283516	1.259341	1.282784
00:00:00.013	1.281319	1.276923	1.264469
00:00:00.013	1.281319	1.299634	1.202198
00:00:00.013	1.321612	1.355311	1.263004
00:00:00.013	1.317949	1.395604	1.311355
00:00:00.014	1.387546	1.363370	1.321612
00:00:00.014	1.332601	1.344322	1.323077
00:00:00.014	1.351648	1.322344	1.312821
00:00:00.015	1.313553	1.297436	1.311355
00:00:00.015	1.309158	1.267399	1.314286
00:00:00.015	1.306227	1.273260	1.308425
00:00:00.016	1.297436	1.320879	1.312821
00:00:00.016	1.305495	1.350916	1.312088
00:00:00.048	1.306960	1.369231	1.306960
00:00:00.049	1.309890	1.400733	1.314286
00:00:00.049	1.302564	1.372161	1.304762
00:00:00.049	1.306227	1.316484	1.309158
00:00:00.050	1.312821	1.257875	1.315751
00:00:00.050	1.304029	1.235165	1.313553
00:00:00.051	1.305495	1.277656	1.323077
00:00:00.051	1.317216	1.334799	1.320879
00:00:00.051	1.303297	1.361172	1.307692
00:00:00.052	1.306960	1.347253	1.315751
00:00:00.052	1.304762	1.282051	1.268132
00:00:00.052	1.303297	1.219780	1.282051
00:00:00.053	1.312821	1.147253	1.311355
00:00:00.053	1.317216	1.162637	1.311355
00:00:00.053	1.320147	1.260806	1.335531
00:00:00.054	1.311355	1.320879	1.322344
00:00:00.054	1.298901	1.334799	1.317216
00:00:00.054	1.304029	1.318681	1.305495
00:00:00.055	1.299634	1.317216	1.294505
00:00:00.055	1.308425	1.326740	1.288645
00:00:00.056	1.307692	1.298901	1.305495
00:00:00.056	1.315018	1.317949	1.312821
00:00:00.056	1.327473	1.386813	1.306960
00:00:00.057	1.323810	1.391209	1.252747
00:00:00.057	1.320879	1.350916	1.287179
00:00:00.057	1.322344	1.298901	1.245421
00:00:00.058	1.309890	1.287912	1.249817
00:00:00.058	1.299634	1.330403	1.326007
00:00:00.058	1.310623	1.409524	1.333333
00:00:00.059	1.298901	1.402930	1.309158
00:00:00.059	1.300366	1.347253	1.312821
00:00:00.059	1.308425	1.282784	1.318681
00:00:00.060	1.306960	1.219780	1.315018
00:00:00.060	1.308425	1.239560	1.317216
00:00:00.061	1.306960	1.265934	1.306960
00:00:00.061	1.303297	1.261538	1.297436
00:00:00.061	1.312088	1.254945	1.312088
00:00:00.062	1.309158	1.230037	1.304029
00:00:00.062	1.309158	1.263004	1.309890
00:00:00.062	1.323077	1.309890	1.318681
00:00:00.063	1.322344	1.323810	1.323810
00:00:00.064	1.315751	1.330403	1.320879
00:00:00.064	1.312821	1.354579	1.312821
00:00:00.064	1.302564	1.356044	1.300366
00:00:00.064	1.315018	1.356044	1.319414
00:00:00.064	1.317949	1.364103	1.308425
00:00:00.065	1.304762	1.356777	1.296703
00:00:00.065	1.316484	1.324542	1.293040
00:00:00.066	1.311355	1.260073	1.260806
00:00:00.066	1.294505	1.260806	1.288645
00:00:00.099	1.316484	1.262271	1.307692
00:00:00.099	1.312821	1.274725	1.300366
00:00:00.099	1.318681	1.282784	1.316484
00:00:00.099	1.316484	1.332601	1.309158
00:00:00.100	1.312088	1.325275	1.300366
00:00:00.100	1.311355	1.319414	1.308425
00:00:00.100	1.322344	1.268864	1.315018
00:00:00.101	1.317949	1.253480	1.314286
00:00:00.101	1.309890	1.298168	1.304029
00:00:00.101	1.306227	1.311355	1.312821
00:00:00.103	1.300366	1.349451	1.309158
00:00:00.103	1.309158	1.353846	1.304029
00:00:00.103	1.304762	1.366300	1.295238
00:00:00.103	1.316484	1.315751	1.304029
00:00:00.105	1.317216	1.274725	1.311355
00:00:00.105	1.320147	1.248352	1.313553
00:00:00.105	1.309158	1.230037	1.309890
00:00:00.105	1.301832	1.240293	1.306227
00:00:00.106	1.284982	1.361905	1.304762
00:00:00.106	1.306960	1.403663	1.303297
00:00:00.106	1.315018	1.398535	1.308425
00:00:00.106	1.305495	1.357509	1.304029
00:00:00.106	1.318681	1.348718	1.304762
00:00:00.106	1.310623	1.309158	1.304029
00:00:00.107	1.312821	1.267399	1.302564
00:00:00.110	1.310623	1.232234	1.298168
00:00:00.110	1.314286	1.261538	1.287179
00:00:00.110	1.314286	1.310623	1.308425
00:00:00.110	1.301099	1.312821	1.291575
00:00:00.110	1.301099	1.293773	1.300366
00:00:00.110	1.301832	1.274725	1.293773
00:00:00.110	1.311355	1.281319	1.302564
00:00:00.110	1.309158	1.276190	1.309890
00:00:00.110	1.313553	1.226374	1.307692
00:00:00.110	1.310623	1.237363	1.303297
00:00:00.111	1.311355	1.375092	1.307692
00:00:00.111	1.314286	1.372894	1.309158
00:00:00.111	1.314286	1.330403	1.297436
00:00:00.112	1.307692	1.300366	1.293040
00:00:00.112	1.314286	1.287179	1.308425
00:00:00.112	1.315018	1.263004	1.306227
00:00:00.113	1.317949	1.255678	1.302564
00:00:00.113	1.323077	1.347253	1.305495
00:00:00.113	1.311355	1.399267	1.307692
00:00:00.114	1.317216	1.410989	1.307692
00:00:00.114	1.308425	1.376557	1.309890
00:00:00.115	1.308425	1.327473	1.308425
00:00:00.115	1.314286	1.276923	1.311355
00:00:00.116	1.311355	1.206593	1.305495
00:00:00.116	1.300366	1.182418	1.295971
00:00:00.148	1.298168	1.250549	1.289377
00:00:00.148	1.306960	1.349451	1.298168
00:00:00.149	1.314286	1.380220	1.308425
00:00:00.149	1.305495	1.371429	1.298901
00:00:00.149	1.311355	1.352381	1.305495
00:00:00.150	1.318681	1.313553	1.311355
00:00:00.150	1.315018	1.244689	1.306960
00:00:00.150	1.318681	1.267399	1.309158
00:00:00.151	1.312088	1.285714	1.318681
00:00:00.151	1.307692	1.276923	1.304762
00:00:00.151	1.319414	1.303297	1.308425
00:00:00.152	1.322344	1.305495	1.306227
00:00:00.152	1.307692	1.293773	1.298901
00:00:00.152	1.297436	1.293773	1.299634
00:00:00.153	1.304762	1.330403	1.304029
00:00:00.153	1.300366	1.328938	1.302564
00:00:00.154	1.312088	1.347253	1.303297
00:00:00.154	1.306227	1.316484	1.297436
00:00:00.154	1.312088	1.315018	1.300366
00:00:00.155	1.315751	1.329670	1.311355
00:00:00.155	1.314286	1.302564	1.309890
00:00:00.155	1.313553	1.257143	1.302564
00:00:00.156	1.319414	1.271795	1.314286
00:00:00.156	1.315751	1.293773	1.300366
00:00:00.156	1.307692	1.308425	1.304029
00:00:00.157	1.307692	1.312821	1.301832
00:00:00.157	1.312088	1.332601	1.297436
00:00:00.157	1.316484	1.350916	1.302564
00:00:00.158	1.317949	1.337729	1.313553
00:00:00.158	1.309158	1.323077	1.312088
00:00:00.159	1.307692	1.297436	1.312821
00:00:00.159	1.311355	1.306227	1.305495
00:00:00.159	1.308425	1.286447	1.309158
00:00:00.160	1.310623	1.299634	1.301832
00:00:00.160	1.311355	1.323810	1.312821
00:00:00.160	1.302564	1.316484	1.304029
00:00:00.161	1.311355	1.310623	1.312088
00:00:00.161	1.314286	1.315018	1.306227
00:00:00.161	1.306227	1.322344	1.300366
00:00:00.162	1.301832	1.309158	1.306960
00:00:00.162	1.317949	1.316484	1.308425
00:00:00.162	1.308425	1.310623	1.310623
00:00:00.164	1.296703	1.279853	1.304029
00:00:00.164	1.304762	1.276923	1.298168
00:00:00.164	1.309158	1.275458	1.300366
00:00:00.164	1.295238	1.294505	1.300366
00:00:00.164	1.306960	1.301099	1.295238
00:00:00.169	1.308425	1.318681	1.306227
00:00:00.169	1.302564	1.316484	1.300366
00:00:00.169	1.314286	1.338462	1.309158
00:00:00.197	1.306960	1.326007	1.306227
00:00:00.199	1.310623	1.315751	1.309158
00:00:00.199	1.301832	1.305495	1.307692
00:00:00.199	1.312088	1.283516	1.306227
00:00:00.201	1.314286	1.270330	1.305495
00:00:00.201	1.309158	1.274725	1.299634
00:00:00.201	1.318681	1.298168	1.305495
00:00:00.201	1.318681	1.286447	1.298901
00:00:00.201	1.309158	1.279853	1.302564
00:00:00.201	1.316484	1.290110	1.301832
00:00:00.202	1.317216	1.317949	1.305495
00:00:00.202	1.312088	1.331136	1.302564
00:00:00.202	1.306960	1.330403	1.303297
00:00:00.202	1.310623	1.319414	1.302564
00:00:00.203	1.312088	1.296703	1.303297
00:00:00.203	1.303297	1.268864	1.287912
00:00:00.203	1.313553	1.315751	1.301832
00:00:00.207	1.308425	1.319414	1.298168
00:00:00.207	1.311355	1.326007	1.306227
00:00:00.207	1.306227	1.321612	1.304762
00:00:00.207	1.314286	1.312821	1.293773
00:00:00.207	1.314286	1.319414	1.306960
00:00:00.207	1.317216	1.317949	1.305495
00:00:00.207	1.311355	1.312088	1.303297
00:00:00.207	1.318681	1.320879	1.309158
00:00:00.207	1.320879	1.327473	1.311355
00:00:00.207	1.306960	1.309158	1.306227
00:00:00.207	1.316484	1.308425	1.306227
00:00:00.208	1.310623	1.301099	1.300366
00:00:00.208	1.303297	1.305495	1.298901
00:00:00.208	1.302564	1.302564	1.293773
00:00:00.209	1.308425	1.310623	1.305495
00:00:00.209	1.304762	1.311355	1.307692
00:00:00.209	1.301832	1.295971	1.298901
00:00:00.210	1.310623	1.281319	1.304029
00:00:00.210	1.306960	1.301832	1.304029
00:00:00.210	1.308425	1.328205	1.305495
00:00:00.211	1.315751	1.342125	1.306960
00:00:00.211	1.309890	1.320879	1.302564
00:00:00.211	1.310623	1.294505	1.304762
00:00:00.212	1.316484	1.285714	1.306227
00:00:00.212	1.312088	1.267399	1.300366
00:00:00.213	1.312821	1.257143	1.304029
00:00:00.213	1.320147	1.297436	1.307692
00:00:00.213	1.317216	1.300366	1.311355
00:00:00.214	1.312088	1.313553	1.306960
00:00:00.214	1.300366	1.327473	1.296703
00:00:00.214	1.306227	1.329670	1.295238
00:00:00.215	1.316484	1.324542	1.306227
00:00:00.215	1.310623	1.326007	1.303297
00:00:00.247	1.300366	1.334799	1.293773
00:00:00.248	1.306960	1.321612	1.300366
00:00:00.248	1.308425	1.312821	1.304762
00:00:00.248	1.316484	1.304029	1.309890
00:00:00.249	1.308425	1.285714	1.306227
00:00:00.249	1.313553	1.289377	1.306227
00:00:00.249	1.306227	1.290842	1.298168
00:00:00.250	1.315018	1.303297	1.304762
00:00:00.250	1.309158	1.303297	1.296703
00:00:00.250	1.303297	1.295971	1.300366
00:00:00.251	1.311355	1.315018	1.306960
00:00:00.252	1.315018	1.309158	1.305495
00:00:00.252	1.314286	1.321612	1.305495
00:00:00.252	1.309158	1.315751	1.300366
00:00:00.252	1.303297	1.320879	1.309890
00:00:00.253	1.308425	1.331136	1.306960
00:00:00.253	1.309158	1.372894	1.310623
00:00:00.253	1.307692	1.378755	1.308425
00:00:00.254	1.315751	1.345788	1.306960
00:00:00.254	1.319414	1.280586	1.309890
00:00:00.254	1.317216	1.246886	1.312088
00:00:00.255	1.315751	1.202198	1.309158
00:00:00.255	1.310623	1.194139	1.310623
00:00:00.255	1.301099	1.230037	1.297436
00:00:00.256	1.307692	1.320147	1.291575
00:00:00.256	1.316484	1.339927	1.309158
00:00:00.257	1.315018	1.331868	1.296703
00:00:00.257	1.315018	1.327473	1.303297
00:00:00.257	1.311355	1.328205	1.302564
00:00:00.258	1.308425	1.328205	1.295971
00:00:00.258	1.309890	1.330403	1.302564
00:00:00.258	1.310623	1.314286	1.299634
00:00:00.260	1.311355	1.304029	1.301832
00:00:00.260	1.311355	1.301099	1.304029
00:00:00.260	1.309890	1.300366	1.300366
00:00:00.260	1.309158	1.314286	1.309890
00:00:00.260	1.309890	1.323077	1.306227
00:00:00.260	1.310623	1.317216	1.304029
00:00:00.263	1.313553	1.316484	1.310623
00:00:00.263	1.308425	1.298901	1.306227
00:00:00.263	1.310623	1.304762	1.309158
00:00:00.263	1.323077	1.329670	1.312088
00:00:00.263	1.309890	1.336996	1.297436
00:00:00.264	1.317949	1.339927	1.309890
00:00:00.264	1.306227	1.323810	1.308425
00:00:00.264	1.312821	1.298901	1.301832
00:00:00.265	1.311355	1.270330	1.304762
00:00:00.265	1.312821	1.266667	1.308425
00:00:00.265	1.308425	1.288645	1.309890
00:00:00.265	1.309158	1.316484	1.301832
00:00:00.298	1.313553	1.312821	1.312821
00:00:00.298	1.316484	1.302564	1.309890
00:00:00.298	1.307692	1.298168	1.312088
00:00:00.298	1.308425	1.288645	1.303297
00:00:00.298	1.312088	1.298168	1.305495
00:00:00.302	1.300366	1.298901	1.304029
00:00:00.302	1.316484	1.312088	1.306960
00:00:00.302	1.306227	1.298168	1.304762
00:00:00.302	1.315018	1.301832	1.306960
00:00:00.302	1.307692	1.297436	1.295971
00:00:00.302	1.321612	1.312821	1.307692
00:00:00.302	1.318681	1.315751	1.307692
00:00:00.302	1.306227	1.312088	1.300366
00:00:00.302	1.306960	1.306960	1.296703
00:00:00.302	1.311355	1.312821	1.305495
00:00:00.302	1.306960	1.309890	1.304762
00:00:00.303	1.310623	1.324542	1.309158
00:00:00.303	1.317949	1.323077	1.306960
00:00:00.304	1.301832	1.304762	1.293773
00:00:00.304	1.317216	1.326740	1.305495
00:00:00.304	1.309890	1.323810	1.299634
00:00:00.304	1.306227	1.312821	1.305495
00:00:00.305	1.314286	1.308425	1.307692
00:00:00.305	1.312821	1.308425	1.309890
00:00:00.306	1.314286	1.306227	1.306960
00:00:00.306	1.312821	1.294505	1.298168
00:00:00.306	1.308425	1.294505	1.293773
00:00:00.307	1.314286	1.302564	1.300366
00:00:00.307	1.296703	1.293773	1.300366
00:00:00.307	1.314286	1.300366	1.305495
00:00:00.308	1.315018	1.312088	1.310623
00:00:00.308	1.314286	1.323077	1.305495
00:00:00.308	1.305495	1.320879	1.306227
00:00:00.309	1.310623	1.306227	1.306227
00:00:00.309	1.308425	1.295971	1.306960
00:00:00.309	1.312088	1.317216	1.311355
00:00:00.310	1.310623	1.333333	1.306227
00:00:00.310	1.307692	1.367766	1.302564
00:00:00.311	1.314286	1.367033	1.302564
00:00:00.311	1.309158	1.308425	1.307692
00:00:00.311	1.311355	1.231502	1.303297
00:00:00.312	1.310623	1.217582	1.298168
00:00:00.312	1.304762	1.239560	1.300366
00:00:00.312	1.316484	1.246886	1.307692
00:00:00.313	1.307692	1.254945	1.297436
00:00:00.313	1.311355	1.318681	1.300366
00:00:00.313	1.315018	1.315751	1.306227
00:00:00.314	1.311355	1.317949	1.300366
00:00:00.314	1.310623	1.316484	1.309890
00:00:00.314	1.307692	1.316484	1.301099
00:00:00.347	1.314286	1.323077	1.306227
00:00:00.347	1.312088	1.329670	1.306960
00:00:00.347	1.316484	1.326007	1.306227
00:00:00.348	1.312088	1.331136	1.311355
