timestamp	ch1	ch2	ch3
00:00:00.000	1.315018	1.290842	1.307692
00:00:00.000	1.316484	1.269597	1.295238
00:00:00.000	1.306227	1.280586	1.297436
00:00:00.000	1.314286	1.291575	1.306960
00:00:00.000	1.312088	1.263004	1.300366
00:00:00.003	1.312088	1.279121	1.304762
00:00:00.003	1.308425	1.284982	1.308425
00:00:00.003	1.294505	1.296703	1.295971
00:00:00.003	1.310623	1.327473	1.304029
00:00:00.003	1.304762	1.312821	1.297436
00:00:00.003	1.307692	1.309890	1.307692
00:00:00.004	1.301832	1.312821	1.300366
00:00:00.004	1.306227	1.316484	1.303297
00:00:00.004	1.313553	1.323810	1.305495
00:00:00.004	1.315018	1.329670	1.306227
00:00:00.004	1.309158	1.312088	1.296703
00:00:00.005	1.316484	1.317216	1.309890
00:00:00.006	1.323810	1.303297	1.309890
00:00:00.006	1.315751	1.291575	1.309890
00:00:00.006	1.303297	1.285714	1.304762
00:00:00.006	1.313553	1.283516	1.306227
00:00:00.007	1.306227	1.295971	1.302564
00:00:00.007	1.313553	1.301099	1.299634
00:00:00.007	1.312088	1.318681	1.305495
00:00:00.008	1.305495	1.323810	1.306960
00:00:00.008	1.306960	1.318681	1.300366
00:00:00.008	1.309890	1.321612	1.306227
00:00:00.009	1.307692	1.319414	1.309890
00:00:00.009	1.306960	1.309890	1.305495
00:00:00.009	1.302564	1.290110	1.289377
00:00:00.010	1.315018	1.303297	1.303297
00:00:00.010	1.311355	1.301099	1.309890
00:00:00.011	1.309158	1.297436	1.305495
00:00:00.011	1.315751	1.298168	1.304029
00:00:00.011	1.300366	1.289377	1.299634
00:00:00.012	1.314286	1.294505	1.306960
00:00:00.012	1.314286	1.300366	1.308425
00:00:00.012	1.298901	1.289377	1.300366
00:00:00.013	1.313553	1.300366	1.298168
00:00:00.013	1.317216	1.325275	1.305495
00:00:00.013	1.312088	1.339927	1.309890
00:00:00.014	1.300366	1.332601	1.295238
00:00:00.046	1.306227	1.364103	1.303297
00:00:00.046	1.309158	1.353846	1.310623
00:00:00.047	1.307692	1.323077	1.306960
00:00:00.047	1.309158	1.293773	1.308425
00:00:00.047	1.309158	1.261538	1.290842
00:00:00.048	1.312088	1.231502	1.295238
00:00:00.048	1.324542	1.226374	1.306227
00:00:00.048	1.312821	1.233700	1.308425
00:00:00.049	1.307692	1.285714	1.299634
00:00:00.049	1.323077	1.336264	1.298168
00:00:00.050	1.320879	1.361172	1.309158
00:00:00.050	1.315751	1.350183	1.295971
00:00:00.050	1.312088	1.347253	1.306960
00:00:00.051	1.305495	1.309158	1.306960
00:00:00.051	1.293040	1.282051	1.302564
00:00:00.051	1.306227	1.312088	1.304029
00:00:00.052	1.308425	1.307692	1.306960
00:00:00.052	1.314286	1.322344	1.304029
00:00:00.052	1.310623	1.331868	1.303297
00:00:00.053	1.309890	1.310623	1.308425
00:00:00.053	1.304029	1.287179	1.304029
00:00:00.053	1.301099	1.282051	1.300366
00:00:00.054	1.306227	1.287912	1.295971
00:00:00.054	1.320147	1.299634	1.310623
00:00:00.055	1.315751	1.291575	1.303297
00:00:00.055	1.314286	1.299634	1.308425
00:00:00.055	1.306960	1.310623	1.300366
00:00:00.056	1.309158	1.312821	1.301832
00:00:00.056	1.302564	1.303297	1.294505
00:00:00.056	1.307692	1.302564	1.299634
00:00:00.057	1.310623	1.316484	1.304762
00:00:00.057	1.291575	1.313553	1.296703
00:00:00.058	1.285714	1.310623	1.300366
00:00:00.058	1.307692	1.326740	1.300366
00:00:00.058	1.316484	1.329670	1.307692
00:00:00.058	1.312821	1.321612	1.311355
00:00:00.059	1.300366	1.293773	1.307692
00:00:00.059	1.316484	1.282784	1.312088
00:00:00.060	1.316484	1.265934	1.304762
00:00:00.060	1.300366	1.273993	1.299634
00:00:00.060	1.309890	1.303297	1.302564
00:00:00.061	1.312088	1.317949	1.304762
00:00:00.061	1.312088	1.326740	1.295238
00:00:00.061	1.322344	1.320879	1.312821
00:00:00.063	1.315018	1.294505	1.304029
00:00:00.063	1.317949	1.272527	1.300366
00:00:00.063	1.312088	1.287179	1.306960
00:00:00.064	1.296703	1.279121	1.300366
00:00:00.064	1.302564	1.284249	1.295971
00:00:00.064	1.301832	1.289377	1.289377
00:00:00.096	1.306227	1.309890	1.304762
00:00:00.096	1.295971	1.327473	1.299634
00:00:00.096	1.312088	1.347985	1.305495
00:00:00.099	1.304762	1.324542	1.293773
00:00:00.099	1.308425	1.310623	1.302564
00:00:00.099	1.309158	1.284249	1.306960
00:00:00.099	1.314286	1.281319	1.306960
00:00:00.099	1.317949	1.277656	1.310623
00:00:00.099	1.309890	1.271062	1.306960
00:00:00.099	1.323810	1.303297	1.300366
00:00:00.099	1.326007	1.373626	1.305495
00:00:00.101	1.315018	1.369231	1.300366
00:00:00.101	1.311355	1.335531	1.298168
00:00:00.101	1.302564	1.293773	1.305495
00:00:00.102	1.306960	1.287179	1.305495
00:00:00.102	1.293773	1.290110	1.300366
00:00:00.102	1.308425	1.286447	1.299634
00:00:00.102	1.300366	1.291575	1.291575
00:00:00.102	1.308425	1.323810	1.306960
00:00:00.102	1.317949	1.317949	1.305495
00:00:00.103	1.302564	1.299634	1.308425
00:00:00.103	1.305495	1.297436	1.300366
00:00:00.104	1.315751	1.307692	1.308425
00:00:00.104	1.315018	1.310623	1.306227
00:00:00.104	1.315751	1.305495	1.306960
00:00:00.105	1.298901	1.298168	1.297436
00:00:00.105	1.312088	1.306227	1.292308
00:00:00.105	1.316484	1.310623	1.309158
00:00:00.106	1.303297	1.298168	1.289377
00:00:00.106	1.300366	1.290842	1.296703
00:00:00.106	1.309890	1.308425	1.304762
00:00:00.107	1.316484	1.309890	1.302564
00:00:00.107	1.298901	1.309158	1.304762
00:00:00.107	1.306227	1.297436	1.300366
00:00:00.108	1.289377	1.282784	1.295971
00:00:00.108	1.308425	1.300366	1.309890
00:00:00.109	1.308425	1.299634	1.304762
00:00:00.109	1.309158	1.306960	1.303297
00:00:00.109	1.313553	1.322344	1.303297
00:00:00.110	1.317216	1.321612	1.302564
00:00:00.110	1.312088	1.291575	1.295971
00:00:00.110	1.318681	1.288645	1.300366
00:00:00.111	1.305495	1.282784	1.306227
00:00:00.111	1.306960	1.277656	1.296703
00:00:00.111	1.320879	1.298901	1.305495
00:00:00.112	1.312821	1.306960	1.292308
00:00:00.112	1.305495	1.312088	1.293773
00:00:00.112	1.304762	1.314286	1.303297
00:00:00.113	1.293773	1.316484	1.300366
00:00:00.113	1.311355	1.323077	1.309158
00:00:00.145	1.302564	1.297436	1.306227
00:00:00.146	1.312088	1.290110	1.312821
00:00:00.146	1.306960	1.315018	1.309158
00:00:00.146	1.323077	1.318681	1.309158
00:00:00.147	1.310623	1.313553	1.306960
00:00:00.147	1.314286	1.308425	1.298901
00:00:00.148	1.304762	1.312088	1.300366
00:00:00.148	1.322344	1.318681	1.307692
00:00:00.148	1.302564	1.286447	1.290110
00:00:00.149	1.316484	1.294505	1.300366
00:00:00.149	1.311355	1.285714	1.301832
00:00:00.149	1.312088	1.265201	1.300366
00:00:00.150	1.314286	1.269597	1.306227
00:00:00.150	1.305495	1.312821	1.302564
00:00:00.150	1.309890	1.339927	1.304762
00:00:00.151	1.309158	1.335531	1.305495
00:00:00.151	1.306227	1.320879	1.305495
00:00:00.151	1.306960	1.309158	1.304762
00:00:00.152	1.305495	1.269597	1.300366
00:00:00.152	1.317216	1.262271	1.306960
00:00:00.153	1.316484	1.268132	1.308425
00:00:00.153	1.312088	1.295238	1.300366
00:00:00.153	1.308425	1.317216	1.300366
00:00:00.154	1.326007	1.360440	1.305495
00:00:00.154	1.326007	1.394139	1.305495
00:00:00.154	1.326740	1.375092	1.304029
00:00:00.155	1.314286	1.353114	1.308425
00:00:00.155	1.312088	1.317949	1.304762
00:00:00.155	1.303297	1.310623	1.306960
00:00:00.157	1.296703	1.304762	1.306960
00:00:00.157	1.301832	1.264469	1.309158
00:00:00.157	1.307692	1.252747	1.309890
00:00:00.157	1.314286	1.298168	1.309158
00:00:00.157	1.313553	1.293773	1.309890
00:00:00.159	1.301832	1.247619	1.309158
00:00:00.159	1.297436	1.231502	1.299634
00:00:00.159	1.308425	1.301832	1.309158
00:00:00.159	1.306960	1.337729	1.293040
00:00:00.159	1.313553	1.341392	1.300366
00:00:00.159	1.300366	1.309158	1.301832
00:00:00.162	1.312088	1.282784	1.310623
00:00:00.162	1.320147	1.252747	1.311355
00:00:00.162	1.323810	1.259341	1.309158
00:00:00.162	1.326740	1.308425	1.309158
00:00:00.162	1.316484	1.338462	1.310623
00:00:00.162	1.321612	1.336996	1.309158
00:00:00.163	1.315751	1.317949	1.309158
00:00:00.163	1.309890	1.335531	1.307692
00:00:00.163	1.307692	1.336996	1.306960
00:00:00.163	1.302564	1.327473	1.302564
00:00:00.195	1.290842	1.320879	1.298168
00:00:00.195	1.301832	1.343590	1.306960
00:00:00.196	1.291575	1.331868	1.304029
00:00:00.196	1.300366	1.319414	1.304029
00:00:00.197	1.317216	1.304029	1.304029
00:00:00.197	1.306227	1.292308	1.298168
00:00:00.197	1.306227	1.281319	1.306227
00:00:00.198	1.304762	1.265201	1.298168
00:00:00.198	1.312821	1.302564	1.300366
00:00:00.198	1.320879	1.320147	1.293040
00:00:00.199	1.321612	1.289377	1.291575
00:00:00.199	1.323810	1.240293	1.309890
00:00:00.199	1.316484	1.227839	1.304029
00:00:00.200	1.323810	1.271062	1.312088
00:00:00.200	1.307692	1.305495	1.304762
00:00:00.200	1.295238	1.317949	1.298168
00:00:00.201	1.304762	1.352381	1.304029
00:00:00.201	1.286447	1.350916	1.309890
00:00:00.202	1.273993	1.323077	1.312088
00:00:00.202	1.284982	1.304762	1.304029
00:00:00.202	1.234432	1.290842	1.300366
00:00:00.203	1.312821	1.311355	1.306960
00:00:00.203	1.345788	1.340659	1.302564
00:00:00.203	1.312088	1.336996	1.300366
00:00:00.204	1.326740	1.331868	1.308425
00:00:00.204	1.340659	1.282784	1.307692
00:00:00.204	1.380952	1.281319	1.302564
00:00:00.205	1.405861	1.295971	1.303297
00:00:00.205	1.345055	1.284982	1.299634
00:00:00.205	1.317949	1.314286	1.316484
00:00:00.206	1.292308	1.319414	1.304029
00:00:00.206	1.279853	1.322344	1.303297
00:00:00.207	1.269597	1.320879	1.305495
00:00:00.207	1.290842	1.304762	1.309890
00:00:00.207	1.308425	1.294505	1.304762
00:00:00.208	1.300366	1.302564	1.304762
00:00:00.208	1.304029	1.305495	1.309158
00:00:00.208	1.303297	1.302564	1.307692
00:00:00.209	1.305495	1.296703	1.300366
00:00:00.209	1.316484	1.302564	1.307692
00:00:00.209	1.319414	1.324542	1.308425
00:00:00.210	1.321612	1.324542	1.306227
00:00:00.210	1.322344	1.316484	1.303297
00:00:00.210	1.312088	1.295238	1.298168
00:00:00.211	1.309158	1.287912	1.289377
00:00:00.211	1.312088	1.287912	1.297436
00:00:00.212	1.306960	1.289377	1.307692
00:00:00.212	1.308425	1.306960	1.306227
00:00:00.212	1.293040	1.304762	1.303297
00:00:00.213	1.302564	1.304762	1.305495
00:00:00.245	1.303297	1.298168	1.305495
00:00:00.245	1.303297	1.310623	1.302564
00:00:00.246	1.302564	1.326007	1.312088
00:00:00.247	1.303297	1.325275	1.295238
00:00:00.247	1.306960	1.336264	1.299634
00:00:00.247	1.302564	1.350183	1.294505
00:00:00.247	1.320879	1.340659	1.307692
00:00:00.247	1.315751	1.281319	1.306227
00:00:00.248	1.307692	1.217582	1.307692
00:00:00.248	1.301099	1.208791	1.300366
00:00:00.248	1.316484	1.247619	1.295971
00:00:00.249	1.321612	1.284982	1.306227
00:00:00.249	1.304762	1.295971	1.299634
00:00:00.249	1.312088	1.318681	1.307692
00:00:00.250	1.305495	1.338462	1.306960
00:00:00.250	1.300366	1.347985	1.296703
00:00:00.252	1.301099	1.342857	1.287912
00:00:00.252	1.293040	1.320879	1.295238
00:00:00.252	1.309158	1.332601	1.309890
00:00:00.252	1.306960	1.323810	1.303297
00:00:00.252	1.310623	1.311355	1.295238
00:00:00.252	1.317949	1.309158	1.306227
00:00:00.254	1.315751	1.300366	1.304029
00:00:00.254	1.315018	1.296703	1.304029
00:00:00.254	1.315018	1.309158	1.297436
00:00:00.254	1.320147	1.293773	1.299634
00:00:00.254	1.323077	1.287912	1.303297
00:00:00.254	1.317216	1.273260	1.306960
00:00:00.256	1.309890	1.257143	1.304762
00:00:00.256	1.311355	1.264469	1.309158
00:00:00.256	1.314286	1.309890	1.307692
00:00:00.256	1.309158	1.358242	1.303297
00:00:00.256	1.300366	1.385348	1.300366
00:00:00.259	1.295971	1.357509	1.290110
00:00:00.259	1.318681	1.363370	1.306960
00:00:00.259	1.317949	1.349451	1.304762
00:00:00.259	1.317949	1.309158	1.306960
00:00:00.259	1.310623	1.263004	1.304762
00:00:00.259	1.307692	1.268864	1.292308
00:00:00.259	1.319414	1.280586	1.309158
00:00:00.259	1.322344	1.295971	1.311355
00:00:00.260	1.300366	1.304029	1.309158
00:00:00.260	1.322344	1.273260	1.312088
00:00:00.260	1.329670	1.267399	1.304029
00:00:00.261	1.323810	1.278388	1.314286
00:00:00.261	1.317216	1.277656	1.305495
00:00:00.261	1.301832	1.276923	1.294505
00:00:00.262	1.309890	1.311355	1.301832
00:00:00.262	1.306227	1.317949	1.303297
00:00:00.262	1.286447	1.304762	1.298168
00:00:00.295	1.302564	1.324542	1.304762
00:00:00.295	1.291575	1.309158	1.296703
00:00:00.295	1.304762	1.323810	1.304029
00:00:00.296	1.296703	1.328205	1.304762
00:00:00.296	1.310623	1.321612	1.299634
00:00:00.296	1.308425	1.306227	1.309158
00:00:00.297	1.309158	1.315751	1.310623
00:00:00.297	1.311355	1.315018	1.304762
00:00:00.297	1.337729	1.279853	1.299634
00:00:00.298	1.329670	1.281319	1.306227
00:00:00.299	1.320879	1.287912	1.307692
00:00:00.299	1.322344	1.293773	1.308425
00:00:00.299	1.312088	1.313553	1.315751
00:00:00.299	1.303297	1.309158	1.305495
00:00:00.300	1.306960	1.316484	1.305495
00:00:00.300	1.302564	1.321612	1.308425
00:00:00.300	1.306227	1.328938	1.309890
00:00:00.301	1.301832	1.326007	1.301832
00:00:00.301	1.294505	1.319414	1.305495
00:00:00.301	1.302564	1.320879	1.300366
00:00:00.302	1.308425	1.316484	1.304029
00:00:00.302	1.317216	1.312088	1.306227
00:00:00.302	1.304762	1.301832	1.303297
00:00:00.303	1.318681	1.300366	1.308425
00:00:00.303	1.315018	1.293773	1.298901
00:00:00.304	1.320147	1.293773	1.306227
00:00:00.304	1.323077	1.300366	1.304762
00:00:00.304	1.309890	1.306227	1.310623
00:00:00.305	1.323077	1.308425	1.306227
00:00:00.305	1.320879	1.305495	1.306960
00:00:00.305	1.298901	1.293040	1.300366
00:00:00.306	1.304762	1.304762	1.306960
00:00:00.306	1.309890	1.300366	1.306960
00:00:00.306	1.310623	1.309890	1.307692
00:00:00.307	1.300366	1.339194	1.302564
00:00:00.307	1.297436	1.350916	1.305495
00:00:00.307	1.312821	1.330403	1.304762
00:00:00.308	1.297436	1.364103	1.299634
00:00:00.308	1.312821	1.358242	1.308425
00:00:00.309	1.309158	1.292308	1.303297
00:00:00.309	1.317216	1.232234	1.306960
00:00:00.309	1.324542	1.235897	1.309158
00:00:00.310	1.310623	1.256410	1.295238
00:00:00.310	1.321612	1.289377	1.303297
00:00:00.310	1.315751	1.318681	1.304029
00:00:00.311	1.316484	1.326007	1.306960
00:00:00.311	1.307692	1.296703	1.307692
00:00:00.311	1.309158	1.279853	1.300366
00:00:00.312	1.304762	1.273993	1.307692
00:00:00.312	1.305495	1.284249	1.310623
00:00:00.344	1.304029	1.298168	1.304029
00:00:00.345	1.306960	1.325275	1.305495
00:00:00.345	1.300366	1.330403	1.300366
00:00:00.345	1.306960	1.345788	1.306960
00:00:00.346	1.304762	1.334066	1.303297
00:00:00.346	1.311355	1.326740	1.298901
00:00:00.346	1.322344	1.321612	1.304762
00:00:00.347	1.314286	1.310623	1.308425
00:00:00.347	1.324542	1.289377	1.306960
00:00:00.348	1.316484	1.293040	1.301832
00:00:00.352	1.315751	1.301832	1.309890
00:00:00.352	1.317949	1.294505	1.311355
00:00:00.352	1.312821	1.281319	1.298901
00:00:00.352	1.321612	1.280586	1.313553
00:00:00.352	1.311355	1.268132	1.299634
00:00:00.352	1.308425	1.276923	1.300366
00:00:00.352	1.312088	1.312821	1.311355
00:00:00.352	1.300366	1.365568	1.304029
00:00:00.352	1.291575	1.364103	1.300366
00:00:00.352	1.307692	1.355311	1.309158
00:00:00.352	1.306227	1.341392	1.302564
00:00:00.352	1.309158	1.316484	1.304762
00:00:00.352	1.311355	1.301099	1.310623
00:00:00.355	1.308425	1.284249	1.306960
00:00:00.355	1.320879	1.282784	1.307692
00:00:00.355	1.317949	1.274725	1.304762
00:00:00.355	1.318681	1.301099	1.300366
00:00:00.355	1.323077	1.320879	1.311355
00:00:00.355	1.305495	1.300366	1.296703
00:00:00.355	1.315751	1.307692	1.302564
00:00:00.355	1.315018	1.314286	1.309158
00:00:00.355	1.309890	1.304762	1.307692
00:00:00.357	1.306227	1.299634	1.306227
00:00:00.357	1.303297	1.328938	1.305495
00:00:00.357	1.299634	1.336264	1.306960
00:00:00.357	1.296703	1.325275	1.304762
00:00:00.357	1.301832	1.342857	1.311355
00:00:00.358	1.310623	1.321612	1.306960
00:00:00.358	1.312088	1.306227	1.310623
00:00:00.358	1.317949	1.282051	1.307692
00:00:00.359	1.318681	1.254945	1.304762
00:00:00.359	1.317216	1.246886	1.295971
00:00:00.359	1.306960	1.262271	1.300366
00:00:00.360	1.320147	1.272527	1.306227
00:00:00.360	1.315751	1.273993	1.299634
00:00:00.360	1.320147	1.293773	1.312088
00:00:00.361	1.308425	1.301099	1.307692
00:00:00.361	1.315751	1.321612	1.309158
00:00:00.361	1.300366	1.324542	1.303297
00:00:00.362	1.309158	1.334799	1.299634
00:00:00.394	1.298901	1.334066	1.298901
00:00:00.394	1.303297	1.355311	1.303297
00:00:00.395	1.291575	1.354579	1.313553
00:00:00.395	1.298168	1.356044	1.309890
00:00:00.395	1.309890	1.339194	1.304762
00:00:00.396	1.318681	1.322344	1.315751
00:00:00.396	1.315018	1.301832	1.306960
00:00:00.397	1.310623	1.284249	1.307692
00:00:00.397	1.320879	1.279121	1.307692
00:00:00.397	1.325275	1.276190	1.309890
00:00:00.398	1.316484	1.255678	1.302564
00:00:00.398	1.317216	1.279853	1.304762
00:00:00.398	1.300366	1.293773	1.296703
00:00:00.399	1.312088	1.337729	1.303297
00:00:00.399	1.309158	1.331868	1.309158
00:00:00.399	1.297436	1.323810	1.306227
00:00:00.400	1.306227	1.312821	1.300366
00:00:00.400	1.295238	1.289377	1.297436
00:00:00.400	1.304762	1.304762	1.307692
00:00:00.401	1.304762	1.301099	1.306227
00:00:00.401	1.293040	1.295238	1.300366
00:00:00.402	1.298901	1.305495	1.294505
00:00:00.402	1.315018	1.316484	1.309890
00:00:00.403	1.316484	1.299634	1.307692
00:00:00.403	1.316484	1.301099	1.305495
00:00:00.403	1.316484	1.299634	1.306960
00:00:00.403	1.328205	1.302564	1.310623
00:00:00.404	1.320879	1.304762	1.306960
00:00:00.404	1.320879	1.308425	1.312088
00:00:00.404	1.316484	1.314286	1.309890
00:00:00.405	1.317216	1.316484	1.306960
00:00:00.405	1.312821	1.326740	1.312088
00:00:00.405	1.304029	1.317216	1.308425
00:00:00.406	1.305495	1.304762	1.309158
00:00:00.406	1.288645	1.309890	1.300366
00:00:00.407	1.305495	1.323077	1.305495
00:00:00.407	1.300366	1.319414	1.312088
00:00:00.407	1.300366	1.309158	1.307692
00:00:00.408	1.300366	1.296703	1.291575
00:00:00.408	1.320147	1.307692	1.300366
00:00:00.408	1.318681	1.354579	1.300366
00:00:00.410	1.319414	1.323810	1.305495
00:00:00.410	1.317949	1.287179	1.305495
00:00:00.410	1.315018	1.260073	1.299634
00:00:00.410	1.321612	1.282051	1.295971
00:00:00.410	1.315751	1.298901	1.310623
00:00:00.410	1.323077	1.290842	1.309890
00:00:00.411	1.308425	1.264469	1.292308
00:00:00.411	1.304029	1.265934	1.295971
00:00:00.412	1.303297	1.288645	1.306960
00:00:00.444	1.303297	1.315018	1.302564
00:00:00.444	1.304762	1.335531	1.309890
00:00:00.444	1.295238	1.309158	1.295238
00:00:00.445	1.288645	1.329670	1.295971
00:00:00.445	1.312088	1.329670	1.300366
00:00:00.447	1.303297	1.316484	1.298168
00:00:00.447	1.312088	1.311355	1.304029
00:00:00.447	1.315751	1.305495	1.309158
00:00:00.448	1.318681	1.290842	1.304762
00:00:00.448	1.315018	1.285714	1.304762
00:00:00.448	1.312821	1.287179	1.304029
00:00:00.448	1.315018	1.298901	1.301832
00:00:00.448	1.317216	1.308425	1.306227
00:00:00.448	1.309890	1.298168	1.295238
00:00:00.451	1.301832	1.317216	1.298168
00:00:00.451	1.298168	1.320879	1.298901
00:00:00.451	1.303297	1.319414	1.304762
00:00:00.451	1.301832	1.317216	1.307692
00:00:00.451	1.306960	1.302564	1.304029
00:00:00.451	1.308425	1.298901	1.303297
00:00:00.451	1.306227	1.298168	1.306960
00:00:00.451	1.304029	1.310623	1.306227
00:00:00.452	1.315018	1.336996	1.310623
00:00:00.452	1.312821	1.326740	1.309890
00:00:00.452	1.320147	1.325275	1.306227
00:00:00.453	1.313553	1.293040	1.300366
00:00:00.454	1.323810	1.294505	1.304029
00:00:00.454	1.320147	1.284982	1.310623
00:00:00.454	1.319414	1.265934	1.304762
00:00:00.454	1.320879	1.255678	1.309158
00:00:00.455	1.310623	1.245421	1.300366
00:00:00.455	1.300366	1.283516	1.306227
00:00:00.455	1.300366	1.334066	1.306227
00:00:00.456	1.300366	1.336264	1.299634
00:00:00.456	1.303297	1.356044	1.307692
00:00:00.456	1.298901	1.345055	1.309158
00:00:00.457	1.312821	1.315018	1.309890
00:00:00.457	1.306960	1.281319	1.292308
00:00:00.457	1.314286	1.285714	1.308425
00:00:00.458	1.299634	1.271062	1.295971
00:00:00.458	1.310623	1.296703	1.309890
00:00:00.458	1.323810	1.274725	1.309158
00:00:00.459	1.326007	1.310623	1.311355
00:00:00.459	1.323810	1.306960	1.295971
00:00:00.459	1.320879	1.309890	1.303297
00:00:00.460	1.317216	1.302564	1.304762
00:00:00.460	1.313553	1.309890	1.307692
00:00:00.461	1.308425	1.328938	1.310623
00:00:00.461	1.292308	1.329670	1.309158
00:00:00.461	1.310623	1.321612	1.296703
00:00:00.493	1.306227	1.326007	1.299634
00:00:00.494	1.298901	1.326007	1.304029
00:00:00.494	1.303297	1.322344	1.303297
00:00:00.495	1.311355	1.312088	1.308425
00:00:00.495	1.305495	1.308425	1.304029
00:00:00.495	1.311355	1.298168	1.306960
00:00:00.496	1.307692	1.293773	1.304029
00:00:00.496	1.323810	1.293040	1.312821
00:00:00.496	1.317216	1.289377	1.302564
00:00:00.497	1.317949	1.307692	1.301832
00:00:00.497	1.315018	1.326007	1.304762
00:00:00.497	1.312088	1.322344	1.302564
00:00:00.498	1.317949	1.320147	1.304029
00:00:00.498	1.301832	1.323810	1.303297
00:00:00.498	1.319414	1.317216	1.305495
00:00:00.499	1.304029	1.284249	1.306960
00:00:00.499	1.299634	1.282784	1.296703
00:00:00.500	1.292308	1.279853	1.295971
00:00:00.500	1.305495	1.297436	1.299634
00:00:00.500	1.300366	1.299634	1.295238
00:00:00.501	1.309890	1.309158	1.312821
00:00:00.501	1.305495	1.318681	1.310623
00:00:00.501	1.311355	1.324542	1.302564
00:00:00.502	1.312088	1.312088	1.298901
00:00:00.502	1.320879	1.327473	1.312821
00:00:00.502	1.312088	1.305495	1.304029
00:00:00.503	1.318681	1.294505	1.309158
00:00:00.503	1.324542	1.312821	1.304029
00:00:00.503	1.318681	1.312821	1.310623
00:00:00.504	1.319414	1.292308	1.303297
00:00:00.504	1.312088	1.292308	1.306960
00:00:00.505	1.314286	1.302564	1.307692
00:00:00.505	1.306960	1.276190	1.304029
00:00:00.505	1.304762	1.286447	1.306960
00:00:00.506	1.300366	1.358974	1.308425
00:00:00.506	1.293773	1.381685	1.302564
00:00:00.506	1.307692	1.347253	1.312821
00:00:00.508	1.304762	1.293040	1.306227
00:00:00.508	1.302564	1.258608	1.295971
00:00:00.508	1.316484	1.270330	1.309158
00:00:00.508	1.315018	1.274725	1.306227
00:00:00.508	1.315018	1.257143	1.309890
00:00:00.508	1.306227	1.257143	1.299634
00:00:00.510	1.314286	1.294505	1.295238
00:00:00.510	1.317949	1.347985	1.312088
00:00:00.510	1.315018	1.376557	1.300366
00:00:00.512	1.315751	1.391941	1.305495
00:00:00.512	1.312088	1.362637	1.306960
00:00:00.512	1.312088	1.331868	1.304762
00:00:00.512	1.301099	1.305495	1.303297
00:00:00.545	1.309158	1.271062	1.300366
00:00:00.545	1.287179	1.246886	1.287179
00:00:00.545	1.298901	1.235897	1.292308
00:00:00.545	1.292308	1.225641	1.295238
00:00:00.545	1.300366	1.242491	1.300366
00:00:00.545	1.313553	1.260073	1.309890
00:00:00.545	1.313553	1.287912	1.300366
00:00:00.548	1.321612	1.294505	1.312088
00:00:00.548	1.317949	1.298168	1.306960
00:00:00.548	1.310623	1.320879	1.309890
00:00:00.548	1.330403	1.351648	1.313553
00:00:00.548	1.317216	1.347985	1.309158
00:00:00.548	1.317216	1.346520	1.311355
00:00:00.548	1.319414	1.338462	1.309158
00:00:00.548	1.307692	1.330403	1.295971
00:00:00.550	1.310623	1.373626	1.312821
00:00:00.550	1.306227	1.458608	1.310623
00:00:00.550	1.309158	1.467399	1.308425
00:00:00.551	1.309158	1.397802	1.307692
00:00:00.551	1.304762	1.326007	1.291575
00:00:00.551	1.307692	1.288645	1.300366
00:00:00.551	1.312088	1.249817	1.306960
00:00:00.551	1.306960	1.175824	1.303297
00:00:00.551	1.309890	1.061538	1.298168
00:00:00.552	1.305495	1.117216	1.280586
00:00:00.552	1.313553	1.203663	1.296703
00:00:00.552	1.317216	1.281319	1.300366
00:00:00.553	1.304762	1.299634	1.296703
00:00:00.553	1.320879	1.345788	1.309158
00:00:00.554	1.309890	1.317216	1.298901
00:00:00.554	1.315751	1.312088	1.305495
00:00:00.554	1.312088	1.328205	1.312088
00:00:00.555	1.320879	1.345788	1.312088
00:00:00.555	1.312088	1.373626	1.310623
00:00:00.555	1.305495	1.372161	1.298168
00:00:00.556	1.304029	1.440293	1.305495
00:00:00.556	1.311355	1.466667	1.309158
00:00:00.556	1.322344	1.467399	1.309890
00:00:00.557	1.313553	1.421978	1.300366
00:00:00.557	1.311355	1.294505	1.301832
00:00:00.558	1.312821	1.192674	1.304029
00:00:00.558	1.323810	1.238828	1.304762
00:00:00.558	1.319414	1.237363	1.310623
00:00:00.559	1.290842	1.238828	1.301832
00:00:00.560	1.287912	1.169231	1.293773
00:00:00.560	1.285714	1.148718	1.295971
00:00:00.560	1.292308	1.246886	1.293040
00:00:00.560	1.303297	1.295971	1.295971
00:00:00.560	1.294505	1.235165	1.289377
00:00:00.561	1.303297	1.317216	1.298168
00:00:00.593	1.314286	1.494505	1.317216
00:00:00.593	1.295238	1.582418	1.323810
00:00:00.594	1.301099	1.528205	1.312088
00:00:00.594	1.301832	1.405861	1.298901
00:00:00.594	1.304762	1.281319	1.293040
00:00:00.595	1.309158	1.284249	1.293040
00:00:00.595	1.312088	1.208059	1.298901
00:00:00.595	1.309890	1.020513	1.282784
00:00:00.596	1.322344	1.043223	1.300366
00:00:00.596	1.334799	1.148718	1.301832
00:00:00.596	1.350183	1.222711	1.321612
00:00:00.597	1.345788	1.257875	1.328205
00:00:00.597	1.332601	1.227106	1.313553
00:00:00.598	1.318681	1.350916	1.310623
00:00:00.598	1.311355	1.404396	1.309158
00:00:00.598	1.321612	1.396337	1.310623
00:00:00.599	1.310623	1.353846	1.319414
00:00:00.599	1.281319	1.321612	1.310623
00:00:00.599	1.261538	1.321612	1.304762
00:00:00.600	1.275458	1.438095	1.311355
00:00:00.600	1.284982	1.551648	1.312088
00:00:00.600	1.298168	1.587546	1.325275
00:00:00.601	1.326740	1.561172	1.317949
00:00:00.601	1.317949	1.474725	1.298901
00:00:00.602	1.321612	1.266667	1.307692
00:00:00.602	1.323810	1.096703	1.307692
00:00:00.602	1.313553	0.906227	1.297436
00:00:00.603	1.325275	0.913553	1.290110
00:00:00.603	1.312088	0.942125	1.287179
00:00:00.603	1.315018	1.018315	1.290110
00:00:00.605	1.297436	1.138462	1.280586
00:00:00.605	1.293040	1.397802	1.297436
00:00:00.605	1.310623	1.457875	1.300366
00:00:00.605	1.317216	1.492308	1.319414
00:00:00.608	1.314286	1.494505	1.318681
00:00:00.608	1.302564	1.457875	1.303297
00:00:00.608	1.323810	1.441758	1.293773
00:00:00.608	1.328205	1.427839	1.312821
00:00:00.608	1.318681	1.358974	1.308425
00:00:00.608	1.331136	1.329670	1.296703
00:00:00.608	1.337729	1.326740	1.298901
00:00:00.608	1.319414	1.276190	1.293773
00:00:00.608	1.312821	1.323077	1.293040
00:00:00.608	1.309158	1.355311	1.295971
00:00:00.611	1.305495	1.353114	1.299634
00:00:00.611	1.306960	1.367033	1.312088
00:00:00.611	1.292308	1.316484	1.317949
00:00:00.611	1.304029	1.260073	1.323810
00:00:00.611	1.295238	1.277656	1.322344
00:00:00.611	1.299634	1.347985	1.326007
00:00:00.643	1.295971	1.353114	1.321612
00:00:00.645	1.289377	1.280586	1.308425
00:00:00.645	1.278388	1.263004	1.297436
00:00:00.645	1.289377	1.242491	1.304029
00:00:00.645	1.301832	1.259341	1.300366
00:00:00.645	1.287912	1.334799	1.300366
00:00:00.645	1.312821	1.373626	1.312821
00:00:00.645	1.319414	1.346520	1.304029
00:00:00.645	1.329670	1.282784	1.299634
00:00:00.646	1.328938	1.255678	1.292308
00:00:00.646	1.331136	1.224176	1.290110
00:00:00.647	1.336264	1.236630	1.293773
00:00:00.647	1.335531	1.238095	1.293773
00:00:00.647	1.323077	1.250549	1.300366
00:00:00.648	1.326740	1.308425	1.327473
00:00:00.648	1.310623	1.342857	1.321612
00:00:00.648	1.309158	1.308425	1.326740
00:00:00.649	1.302564	1.277656	1.328938
00:00:00.649	1.286447	1.275458	1.318681
00:00:00.649	1.303297	1.313553	1.315018
00:00:00.650	1.293773	1.331868	1.302564
00:00:00.650	1.300366	1.389011	1.304762
00:00:00.651	1.312088	1.467399	1.306227
00:00:00.651	1.315751	1.515751	1.315018
00:00:00.651	1.328205	1.484249	1.304762
00:00:00.652	1.325275	1.389011	1.304762
00:00:00.652	1.328205	1.243956	1.301832
00:00:00.652	1.312821	1.110623	1.297436
00:00:00.653	1.300366	1.041758	1.281319
00:00:00.653	1.305495	1.136264	1.293040
00:00:00.653	1.301832	1.175824	1.289377
00:00:00.654	1.311355	1.255678	1.283516
00:00:00.654	1.316484	1.343590	1.290110
00:00:00.654	1.323077	1.394139	1.302564
00:00:00.655	1.334799	1.374359	1.308425
00:00:00.655	1.334799	1.331136	1.316484
00:00:00.656	1.320147	1.336264	1.312821
00:00:00.656	1.312088	1.336264	1.318681
00:00:00.656	1.298168	1.347253	1.320147
00:00:00.657	1.289377	1.346520	1.323810
00:00:00.657	1.299634	1.372894	1.317216
00:00:00.657	1.295971	1.381685	1.298168
00:00:00.658	1.311355	1.363370	1.302564
00:00:00.658	1.306227	1.309890	1.300366
00:00:00.658	1.297436	1.273260	1.302564
00:00:00.659	1.297436	1.277656	1.300366
00:00:00.659	1.315018	1.299634	1.296703
00:00:00.659	1.320147	1.287179	1.306960
00:00:00.660	1.322344	1.284982	1.309158
00:00:00.660	1.316484	1.284249	1.308425
00:00:00.692	1.308425	1.295971	1.306960
00:00:00.693	1.308425	1.295238	1.298901
00:00:00.693	1.307692	1.307692	1.301099
00:00:00.693	1.290842	1.320147	1.296703
00:00:00.694	1.289377	1.323810	1.294505
00:00:00.694	1.304762	1.311355	1.302564
00:00:00.695	1.297436	1.300366	1.302564
00:00:00.695	1.323077	1.259341	1.298168
00:00:00.696	1.322344	1.287912	1.302564
00:00:00.696	1.320147	1.307692	1.301099
00:00:00.696	1.312088	1.399267	1.305495
00:00:00.696	1.310623	1.435897	1.307692
00:00:00.697	1.304762	1.482051	1.309158
00:00:00.697	1.313553	1.413919	1.309890
00:00:00.697	1.316484	1.305495	1.308425
00:00:00.698	1.309158	1.153846	1.302564
00:00:00.698	1.305495	0.982418	1.288645
00:00:00.698	1.308425	1.020513	1.295238
00:00:00.700	1.296703	1.147253	1.305495
00:00:00.700	1.309890	1.271795	1.305495
00:00:00.700	1.304029	1.374359	1.293773
00:00:00.700	1.308425	1.437363	1.299634
00:00:00.700	1.295971	1.424908	1.304762
00:00:00.705	1.293040	1.362637	1.294505
00:00:00.705	1.312088	1.330403	1.311355
00:00:00.705	1.309158	1.267399	1.303297
00:00:00.705	1.328205	1.273260	1.313553
00:00:00.705	1.328938	1.273993	1.308425
00:00:00.705	1.331136	1.365568	1.307692
00:00:00.705	1.337729	1.383150	1.303297
00:00:00.705	1.342857	1.372894	1.310623
00:00:00.705	1.313553	1.324542	1.310623
00:00:00.705	1.300366	1.291575	1.307692
00:00:00.705	1.275458	1.264469	1.305495
00:00:00.705	1.267399	1.228571	1.307692
00:00:00.705	1.276923	1.286447	1.300366
00:00:00.705	1.299634	1.369963	1.312088
00:00:00.708	1.309158	1.335531	1.307692
00:00:00.708	1.312088	1.302564	1.302564
00:00:00.708	1.304762	1.313553	1.290110
00:00:00.708	1.305495	1.318681	1.298168
00:00:00.708	1.323077	1.302564	1.304029
00:00:00.708	1.339194	1.287912	1.298168
00:00:00.708	1.347253	1.331136	1.300366
00:00:00.708	1.352381	1.370696	1.299634
00:00:00.708	1.340659	1.364835	1.295971
00:00:00.710	1.341392	1.343590	1.314286
00:00:00.710	1.327473	1.293773	1.305495
00:00:00.711	1.304029	1.287912	1.304762
00:00:00.711	1.296703	1.297436	1.299634
00:00:00.742	1.276923	1.245421	1.304762
00:00:00.742	1.276923	1.275458	1.315751
00:00:00.743	1.269597	1.304762	1.312821
00:00:00.743	1.265201	1.282784	1.315751
00:00:00.744	1.271062	1.267399	1.319414
00:00:00.744	1.279853	1.257143	1.300366
00:00:00.744	1.306227	1.291575	1.310623
00:00:00.745	1.317216	1.350183	1.300366
00:00:00.745	1.338462	1.392674	1.299634
00:00:00.745	1.343590	1.373626	1.315751
00:00:00.746	1.332601	1.303297	1.307692
00:00:00.746	1.328938	1.295971	1.309158
00:00:00.746	1.317216	1.257143	1.297436
00:00:00.747	1.306960	1.223443	1.295971
00:00:00.747	1.312088	1.238828	1.299634
00:00:00.748	1.304762	1.308425	1.284982
00:00:00.748	1.302564	1.323810	1.303297
00:00:00.748	1.312088	1.298901	1.300366
00:00:00.749	1.306227	1.274725	1.306227
00:00:00.749	1.303297	1.301099	1.284249
00:00:00.749	1.304029	1.294505	1.284249
00:00:00.750	1.304762	1.286447	1.291575
00:00:00.750	1.315018	1.323810	1.303297
00:00:00.750	1.313553	1.339927	1.308425
00:00:00.751	1.312088	1.339194	1.312821
00:00:00.751	1.299634	1.345055	1.309158
00:00:00.751	1.306227	1.358242	1.318681
00:00:00.752	1.315751	1.355311	1.327473
00:00:00.752	1.314286	1.352381	1.327473
00:00:00.752	1.303297	1.361172	1.322344
00:00:00.753	1.312088	1.319414	1.318681
00:00:00.753	1.293040	1.252747	1.300366
00:00:00.754	1.301099	1.266667	1.291575
00:00:00.754	1.317216	1.276190	1.309890
00:00:00.754	1.317216	1.232967	1.297436
00:00:00.755	1.325275	1.224908	1.304762
00:00:00.755	1.319414	1.230037	1.295971
00:00:00.755	1.315018	1.293040	1.302564
00:00:00.756	1.315018	1.315751	1.300366
00:00:00.756	1.303297	1.318681	1.298168
00:00:00.756	1.311355	1.358974	1.312088
00:00:00.757	1.322344	1.369963	1.312821
00:00:00.757	1.326007	1.360440	1.311355
00:00:00.757	1.334799	1.353114	1.310623
00:00:00.758	1.332601	1.349451	1.306960
00:00:00.758	1.323810	1.364103	1.295971
00:00:00.759	1.316484	1.396337	1.304029
00:00:00.759	1.313553	1.372161	1.293773
00:00:00.759	1.290110	1.280586	1.297436
00:00:00.760	1.268132	1.219780	1.298168
00:00:00.793	1.256410	1.200733	1.300366
00:00:00.793	1.270330	1.172161	1.294505
00:00:00.793	1.288645	1.189744	1.304029
00:00:00.793	1.300366	1.252747	1.295971
00:00:00.793	1.291575	1.330403	1.300366
00:00:00.794	1.312088	1.374359	1.309158
00:00:00.795	1.306227	1.360440	1.300366
00:00:00.795	1.317216	1.346520	1.306227
00:00:00.795	1.323810	1.328938	1.309158
00:00:00.795	1.330403	1.332601	1.312821
00:00:00.795	1.326740	1.295238	1.309158
00:00:00.797	1.323810	1.282784	1.304029
00:00:00.797	1.310623	1.318681	1.295971
00:00:00.797	1.310623	1.345788	1.303297
00:00:00.798	1.302564	1.394872	1.301832
00:00:00.798	1.305495	1.406593	1.302564
00:00:00.798	1.295238	1.324542	1.298168
00:00:00.798	1.309890	1.293040	1.309158
00:00:00.798	1.315018	1.227839	1.290842
00:00:00.799	1.329670	1.169231	1.311355
00:00:00.799	1.323810	1.142125	1.304029
00:00:00.799	1.304762	1.206593	1.306227
00:00:00.800	1.295971	1.293773	1.308425
00:00:00.800	1.297436	1.292308	1.299634
00:00:00.800	1.301099	1.312821	1.298901
00:00:00.801	1.313553	1.309158	1.300366
00:00:00.801	1.323810	1.310623	1.300366
00:00:00.802	1.322344	1.361172	1.306960
00:00:00.802	1.320879	1.400000	1.300366
00:00:00.802	1.330403	1.468132	1.298901
00:00:00.803	1.322344	1.432967	1.308425
00:00:00.803	1.323810	1.330403	1.312821
00:00:00.803	1.317949	1.255678	1.306960
00:00:00.804	1.313553	1.216117	1.312088
00:00:00.804	1.309158	1.161172	1.299634
00:00:00.804	1.301832	1.284982	1.304762
00:00:00.805	1.303297	1.475458	1.306960
00:00:00.805	1.297436	1.513553	1.314286
00:00:00.805	1.314286	1.476923	1.315018
00:00:00.806	1.309890	1.325275	1.316484
00:00:00.806	1.306227	1.256410	1.319414
00:00:00.807	1.293040	1.169963	1.308425
00:00:00.807	1.299634	1.064469	1.300366
00:00:00.807	1.309890	1.194872	1.302564
00:00:00.808	1.303297	1.286447	1.299634
00:00:00.808	1.299634	1.306227	1.289377
00:00:00.808	1.304762	1.280586	1.294505
00:00:00.809	1.294505	1.254212	1.290842
00:00:00.809	1.313553	1.260806	1.306960
00:00:00.809	1.314286	1.252015	1.301832
00:00:00.842	1.309890	1.248352	1.306227
00:00:00.842	1.314286	1.259341	1.299634
00:00:00.842	1.315751	1.333333	1.305495
00:00:00.843	1.307692	1.391209	1.295971
00:00:00.843	1.320879	1.419048	1.306960
00:00:00.843	1.318681	1.384615	1.299634
00:00:00.844	1.322344	1.368498	1.306960
00:00:00.844	1.305495	1.317949	1.304029
00:00:00.844	1.293040	1.272527	1.303297
00:00:00.845	1.307692	1.252015	1.308425
00:00:00.845	1.319414	1.280586	1.306960
00:00:00.846	1.317216	1.323810	1.309158
00:00:00.846	1.317216	1.375824	1.315018
00:00:00.846	1.323810	1.398535	1.317949
00:00:00.847	1.325275	1.400733	1.312821
00:00:00.847	1.311355	1.389011	1.288645
00:00:00.847	1.318681	1.361172	1.299634
00:00:00.848	1.312088	1.303297	1.300366
00:00:00.848	1.282784	1.226374	1.294505
00:00:00.848	1.282784	1.226374	1.297436
00:00:00.849	1.298168	1.237363	1.311355
00:00:00.849	1.300366	1.241758	1.309890
00:00:00.849	1.306227	1.241026	1.314286
00:00:00.850	1.311355	1.255678	1.317216
00:00:00.850	1.315018	1.298901	1.309890
00:00:00.851	1.327473	1.374359	1.305495
00:00:00.851	1.323810	1.378755	1.306960
00:00:00.851	1.335531	1.468864	1.309890
00:00:00.852	1.309158	1.471062	1.304029
00:00:00.853	1.297436	1.329670	1.289377
00:00:00.853	1.307692	1.217582	1.300366
00:00:00.853	1.315751	1.186081	1.306960
00:00:00.853	1.313553	1.186813	1.296703
00:00:00.853	1.312088	1.189011	1.287179
00:00:00.854	1.322344	1.244689	1.295971
00:00:00.854	1.306227	1.312088	1.292308
00:00:00.854	1.303297	1.317216	1.306960
00:00:00.855	1.294505	1.254212	1.297436
00:00:00.855	1.287179	1.182418	1.304029
00:00:00.856	1.291575	1.307692	1.304029
00:00:00.856	1.308425	1.351648	1.305495
00:00:00.856	1.315018	1.373626	1.319414
00:00:00.858	1.303297	1.367033	1.303297
00:00:00.858	1.309890	1.353114	1.314286
00:00:00.858	1.306960	1.361905	1.305495
00:00:00.858	1.276923	1.354579	1.301832
00:00:00.858	1.298901	1.287912	1.297436
00:00:00.858	1.312088	1.288645	1.304762
00:00:00.859	1.323077	1.320147	1.309890
00:00:00.860	1.326007	1.290842	1.301832
00:00:00.891	1.329670	1.246154	1.307692
00:00:00.892	1.317216	1.264469	1.296703
00:00:00.892	1.312821	1.296703	1.300366
00:00:00.892	1.310623	1.321612	1.302564
00:00:00.894	1.301832	1.335531	1.300366
00:00:00.894	1.316484	1.355311	1.297436
00:00:00.894	1.317949	1.330403	1.294505
00:00:00.895	1.319414	1.320147	1.300366
00:00:00.895	1.320879	1.314286	1.303297
00:00:00.897	1.320879	1.297436	1.305495
00:00:00.897	1.317949	1.275458	1.316484
00:00:00.897	1.312088	1.312821	1.312088
00:00:00.897	1.309890	1.359707	1.314286
00:00:00.897	1.290842	1.408059	1.315751
00:00:00.897	1.300366	1.408791	1.311355
00:00:00.897	1.304029	1.341392	1.314286
00:00:00.897	1.294505	1.270330	1.305495
00:00:00.897	1.306227	1.226374	1.305495
00:00:00.901	1.304762	1.208791	1.284982
00:00:00.901	1.310623	1.221978	1.293040
00:00:00.901	1.323810	1.263736	1.287179
00:00:00.901	1.320879	1.277656	1.284982
00:00:00.901	1.329670	1.328938	1.306960
00:00:00.901	1.312088	1.362637	1.311355
00:00:00.901	1.297436	1.344322	1.303297
00:00:00.901	1.295238	1.342857	1.303297
00:00:00.901	1.322344	1.377289	1.315018
00:00:00.901	1.330403	1.369963	1.317949
00:00:00.901	1.334066	1.329670	1.309158
00:00:00.903	1.329670	1.245421	1.309158
00:00:00.903	1.315018	1.243956	1.294505
00:00:00.903	1.322344	1.250549	1.306960
00:00:00.903	1.321612	1.224176	1.304762
00:00:00.903	1.304762	1.232967	1.296703
00:00:00.903	1.310623	1.350183	1.309158
00:00:00.905	1.308425	1.434432	1.312088
00:00:00.905	1.301099	1.403663	1.295238
00:00:00.905	1.303297	1.336264	1.286447
00:00:00.905	1.304029	1.296703	1.286447
00:00:00.905	1.295971	1.189011	1.280586
00:00:00.906	1.306227	1.121612	1.295971
00:00:00.906	1.297436	1.208791	1.291575
00:00:00.906	1.309890	1.357509	1.293040
00:00:00.907	1.315751	1.475458	1.321612
00:00:00.907	1.305495	1.468864	1.338462
00:00:00.907	1.288645	1.369231	1.336264
00:00:00.908	1.298168	1.315018	1.330403
00:00:00.908	1.309158	1.286447	1.338462
00:00:00.909	1.310623	1.250549	1.317216
00:00:00.909	1.305495	1.144322	1.308425
00:00:00.941	1.312088	1.226374	1.290842
00:00:00.941	1.320879	1.257143	1.299634
00:00:00.942	1.311355	1.213187	1.291575
00:00:00.942	1.306227	1.203663	1.287179
00:00:00.942	1.315018	1.317949	1.266667
00:00:00.943	1.345055	1.414652	1.306960
00:00:00.943	1.353846	1.399267	1.312821
00:00:00.944	1.317216	1.331868	1.318681
00:00:00.944	1.303297	1.313553	1.323810
00:00:00.944	1.294505	1.307692	1.312088
00:00:00.945	1.293773	1.273993	1.315018
00:00:00.945	1.295971	1.290842	1.297436
00:00:00.945	1.324542	1.391209	1.309158
00:00:00.946	1.339194	1.469597	1.317216
00:00:00.946	1.354579	1.436630	1.311355
00:00:00.946	1.337729	1.356777	1.305495
00:00:00.947	1.317216	1.293040	1.295971
00:00:00.947	1.302564	1.210989	1.297436
00:00:00.948	1.284249	1.173626	1.298901
00:00:00.948	1.269597	1.150183	1.300366
00:00:00.948	1.270330	1.190476	1.292308
00:00:00.949	1.301832	1.290842	1.310623
00:00:00.949	1.299634	1.373626	1.299634
00:00:00.949	1.319414	1.391941	1.305495
00:00:00.950	1.331136	1.384615	1.309890
00:00:00.950	1.340659	1.393407	1.306960
00:00:00.950	1.323077	1.357509	1.299634
00:00:00.951	1.325275	1.315018	1.305495
00:00:00.951	1.325275	1.312088	1.302564
00:00:00.951	1.316484	1.326007	1.300366
00:00:00.952	1.293040	1.342857	1.298168
00:00:00.952	1.307692	1.392674	1.309158
00:00:00.954	1.298901	1.390476	1.300366
00:00:00.954	1.298168	1.304762	1.308425
00:00:00.954	1.305495	1.214652	1.306227
00:00:00.954	1.300366	1.186813	1.304762
00:00:00.954	1.302564	1.141392	1.288645
00:00:00.954	1.301832	1.161172	1.304029
00:00:00.955	1.282784	1.225641	1.294505
00:00:00.956	1.296703	1.331136	1.304029
00:00:00.956	1.309890	1.381685	1.308425
00:00:00.956	1.298901	1.353114	1.310623
00:00:00.961	1.314286	1.312088	1.301832
00:00:00.961	1.310623	1.329670	1.304762
00:00:00.961	1.309890	1.364103	1.305495
00:00:00.961	1.311355	1.373626	1.290842
00:00:00.961	1.323810	1.371429	1.290110
00:00:00.961	1.316484	1.331868	1.294505
00:00:00.961	1.322344	1.301832	1.300366
00:00:00.961	1.323810	1.265934	1.300366
00:00:00.992	1.329670	1.244689	1.308425
00:00:00.992	1.307692	1.251282	1.308425
00:00:00.992	1.303297	1.349451	1.323077
00:00:00.992	1.279121	1.334066	1.317216
00:00:00.992	1.291575	1.335531	1.326007
00:00:00.993	1.298168	1.304762	1.306960
00:00:00.993	1.312088	1.260073	1.306960
00:00:00.996	1.311355	1.263736	1.295238
