timestamp	ch1	ch2	ch3
00:00:00.000	1.309158	1.303297	1.306227
00:00:00.000	1.306227	1.308425	1.306960
00:00:00.000	1.304029	1.298901	1.303297
00:00:00.001	1.311355	1.308425	1.300366
00:00:00.001	1.322344	1.306227	1.290842
00:00:00.001	1.320879	1.303297	1.300366
00:00:00.002	1.320147	1.307692	1.298901
00:00:00.002	1.315018	1.311355	1.290842
00:00:00.002	1.310623	1.307692	1.295971
00:00:00.003	1.316484	1.309890	1.309890
00:00:00.003	1.307692	1.304029	1.300366
00:00:00.003	1.299634	1.304029	1.310623
00:00:00.004	1.307692	1.305495	1.312821
00:00:00.004	1.308425	1.305495	1.316484
00:00:00.005	1.291575	1.303297	1.311355
00:00:00.005	1.304762	1.304762	1.312821
00:00:00.005	1.300366	1.307692	1.315018
00:00:00.006	1.309158	1.304762	1.300366
00:00:00.006	1.307692	1.306960	1.310623
00:00:00.006	1.312821	1.307692	1.300366
00:00:00.007	1.315751	1.308425	1.300366
00:00:00.007	1.314286	1.323077	1.298901
00:00:00.007	1.321612	1.323810	1.294505
00:00:00.008	1.317216	1.278388	1.293773
00:00:00.008	1.341392	1.271795	1.295238
00:00:00.040	1.337729	1.289377	1.300366
00:00:00.041	1.321612	1.301832	1.305495
00:00:00.041	1.312088	1.310623	1.307692
00:00:00.041	1.298901	1.305495	1.312821
00:00:00.042	1.290842	1.299634	1.308425
00:00:00.042	1.290110	1.301832	1.311355
00:00:00.042	1.288645	1.297436	1.311355
00:00:00.043	1.296703	1.309158	1.309890
00:00:00.043	1.302564	1.314286	1.315018
00:00:00.043	1.294505	1.306227	1.309890
00:00:00.044	1.282784	1.304762	1.287179
00:00:00.044	1.294505	1.321612	1.300366
00:00:00.046	1.307692	1.332601	1.295971
00:00:00.046	1.297436	1.315018	1.284249
00:00:00.046	1.320147	1.317216	1.300366
00:00:00.047	1.320147	1.306960	1.300366
00:00:00.047	1.323810	1.309890	1.306960
00:00:00.047	1.320147	1.329670	1.305495
00:00:00.049	1.309890	1.320147	1.306227
00:00:00.049	1.315018	1.286447	1.308425
00:00:00.049	1.301832	1.251282	1.304029
00:00:00.049	1.306227	1.262271	1.295238
00:00:00.049	1.307692	1.301099	1.314286
00:00:00.049	1.286447	1.305495	1.300366
00:00:00.049	1.254212	1.314286	1.315751
00:00:00.049	1.267399	1.282784	1.310623
00:00:00.052	1.303297	1.282051	1.304762
00:00:00.052	1.323810	1.281319	1.298168
00:00:00.052	1.375824	1.292308	1.295971
00:00:00.052	1.392674	1.292308	1.295238
00:00:00.052	1.381685	1.287179	1.296703
00:00:00.052	1.357509	1.304762	1.297436
00:00:00.052	1.315751	1.317216	1.296703
00:00:00.052	1.279853	1.320147	1.295238
00:00:00.052	1.265201	1.332601	1.310623
00:00:00.053	1.276190	1.324542	1.315018
00:00:00.053	1.295971	1.320879	1.314286
00:00:00.054	1.301832	1.318681	1.318681
00:00:00.054	1.287912	1.315018	1.314286
00:00:00.054	1.283516	1.317216	1.309158
00:00:00.055	1.320879	1.296703	1.295238
00:00:00.055	1.257875	1.311355	1.301832
00:00:00.055	1.255678	1.314286	1.269597
00:00:00.056	1.322344	1.317216	1.280586
00:00:00.056	1.368498	1.310623	1.287912
00:00:00.056	1.412454	1.313553	1.298901
00:00:00.057	1.408791	1.309158	1.298168
00:00:00.057	1.382418	1.310623	1.302564
00:00:00.057	1.334066	1.287912	1.306227
00:00:00.058	1.280586	1.293040	1.317216
00:00:00.090	1.238828	1.320147	1.341392
00:00:00.090	1.244689	1.315751	1.347253
00:00:00.091	1.248352	1.295238	1.320147
00:00:00.091	1.274725	1.293040	1.311355
00:00:00.091	1.306227	1.301832	1.308425
00:00:00.092	1.310623	1.303297	1.306227
00:00:00.092	1.308425	1.310623	1.308425
00:00:00.092	1.317216	1.295971	1.306227
00:00:00.093	1.323810	1.280586	1.308425
00:00:00.093	1.320879	1.269597	1.302564
00:00:00.094	1.312088	1.279121	1.294505
00:00:00.094	1.306960	1.296703	1.293773
00:00:00.094	1.317949	1.324542	1.300366
00:00:00.095	1.321612	1.328938	1.293773
00:00:00.095	1.320879	1.326007	1.293773
00:00:00.095	1.322344	1.317949	1.302564
00:00:00.096	1.325275	1.309890	1.300366
00:00:00.096	1.315751	1.311355	1.300366
00:00:00.096	1.307692	1.315018	1.311355
00:00:00.098	1.312821	1.320147	1.312821
00:00:00.098	1.306960	1.313553	1.310623
00:00:00.098	1.292308	1.303297	1.307692
00:00:00.098	1.299634	1.313553	1.313553
00:00:00.098	1.291575	1.307692	1.303297
00:00:00.099	1.282051	1.293773	1.304762
00:00:00.099	1.298901	1.304762	1.315751
00:00:00.099	1.313553	1.301099	1.306227
00:00:00.100	1.328205	1.312821	1.309158
00:00:00.100	1.320879	1.288645	1.293040
00:00:00.100	1.319414	1.304029	1.300366
00:00:00.101	1.323077	1.312821	1.301832
00:00:00.101	1.316484	1.313553	1.297436
00:00:00.101	1.323810	1.317216	1.303297
00:00:00.102	1.318681	1.307692	1.306227
00:00:00.102	1.304762	1.297436	1.296703
00:00:00.102	1.303297	1.301099	1.298168
00:00:00.103	1.307692	1.317949	1.309158
00:00:00.103	1.319414	1.309890	1.313553
00:00:00.104	1.315751	1.282784	1.305495
00:00:00.104	1.314286	1.284982	1.317949
00:00:00.104	1.308425	1.293773	1.309158
00:00:00.105	1.296703	1.295238	1.298901
00:00:00.105	1.306960	1.309158	1.313553
00:00:00.105	1.302564	1.312088	1.305495
00:00:00.106	1.272527	1.308425	1.295971
00:00:00.106	1.250549	1.312088	1.301832
00:00:00.106	1.273260	1.312088	1.294505
00:00:00.107	1.309158	1.312088	1.280586
00:00:00.107	1.339927	1.323077	1.296703
00:00:00.108	1.353114	1.319414	1.291575
00:00:00.140	1.317949	1.293773	1.293773
00:00:00.140	1.256410	1.285714	1.300366
00:00:00.140	1.294505	1.282784	1.307692
00:00:00.143	1.327473	1.282051	1.306960
00:00:00.143	1.363370	1.306227	1.308425
00:00:00.143	1.387546	1.323077	1.312088
00:00:00.145	1.381685	1.314286	1.312821
00:00:00.145	1.316484	1.295238	1.316484
00:00:00.145	1.268864	1.291575	1.317949
00:00:00.145	1.249817	1.301099	1.315751
00:00:00.145	1.290110	1.326740	1.303297
00:00:00.145	1.323810	1.327473	1.304029
00:00:00.145	1.310623	1.319414	1.300366
00:00:00.145	1.318681	1.341392	1.298168
00:00:00.145	1.310623	1.320147	1.296703
00:00:00.145	1.309890	1.304029	1.298168
00:00:00.145	1.323810	1.319414	1.294505
00:00:00.149	1.335531	1.288645	1.293773
00:00:00.149	1.336264	1.282051	1.296703
00:00:00.149	1.290842	1.280586	1.300366
00:00:00.149	1.232967	1.280586	1.305495
00:00:00.149	1.226374	1.280586	1.309890
00:00:00.149	1.273260	1.277656	1.308425
00:00:00.149	1.305495	1.280586	1.312088
00:00:00.149	1.319414	1.251282	1.313553
00:00:00.149	1.317949	1.257143	1.299634
00:00:00.150	1.317949	1.304762	1.306960
00:00:00.150	1.361172	1.340659	1.304762
00:00:00.150	1.358974	1.336996	1.301832
00:00:00.150	1.342125	1.319414	1.300366
00:00:00.150	1.317216	1.321612	1.302564
00:00:00.151	1.296703	1.312088	1.295971
00:00:00.151	1.283516	1.312821	1.290110
00:00:00.151	1.287912	1.321612	1.304029
00:00:00.152	1.295971	1.326740	1.309158
00:00:00.152	1.290842	1.311355	1.305495
00:00:00.153	1.285714	1.322344	1.310623
00:00:00.153	1.271795	1.321612	1.304029
00:00:00.153	1.298168	1.327473	1.318681
00:00:00.154	1.304029	1.305495	1.314286
00:00:00.154	1.328205	1.300366	1.313553
00:00:00.154	1.334066	1.321612	1.312088
00:00:00.155	1.334066	1.394139	1.313553
00:00:00.155	1.323810	1.418315	1.306227
00:00:00.155	1.323810	1.369963	1.309890
00:00:00.156	1.317949	1.321612	1.303297
00:00:00.156	1.302564	1.260073	1.293040
00:00:00.156	1.293040	1.232234	1.298901
00:00:00.157	1.305495	1.231502	1.303297
00:00:00.157	1.315751	1.213919	1.295971
00:00:00.189	1.309158	1.206593	1.293040
00:00:00.190	1.307692	1.246886	1.302564
00:00:00.190	1.292308	1.271062	1.292308
00:00:00.190	1.285714	1.295971	1.298168
00:00:00.191	1.240293	1.297436	1.300366
00:00:00.191	1.268864	1.305495	1.310623
00:00:00.192	1.311355	1.301099	1.306960
00:00:00.192	1.358242	1.309890	1.320147
00:00:00.192	1.372894	1.297436	1.304029
00:00:00.193	1.394139	1.304029	1.298901
00:00:00.193	1.378022	1.321612	1.304029
00:00:00.193	1.320879	1.312088	1.282784
00:00:00.194	1.286447	1.312821	1.293773
00:00:00.194	1.248352	1.315018	1.293040
00:00:00.194	1.271795	1.317216	1.291575
00:00:00.195	1.288645	1.328938	1.291575
00:00:00.195	1.292308	1.323810	1.300366
00:00:00.195	1.297436	1.320147	1.299634
00:00:00.196	1.309890	1.309890	1.310623
00:00:00.196	1.313553	1.298901	1.305495
00:00:00.197	1.320147	1.304029	1.312088
00:00:00.197	1.322344	1.309158	1.315751
00:00:00.197	1.329670	1.309890	1.317216
00:00:00.198	1.312088	1.292308	1.310623
00:00:00.198	1.300366	1.302564	1.309158
00:00:00.198	1.275458	1.320147	1.307692
00:00:00.199	1.265934	1.318681	1.313553
00:00:00.199	1.273993	1.312821	1.306960
00:00:00.199	1.295971	1.296703	1.297436
00:00:00.200	1.318681	1.280586	1.298168
00:00:00.200	1.336996	1.281319	1.298901
00:00:00.200	1.361905	1.307692	1.300366
00:00:00.201	1.356777	1.317216	1.297436
00:00:00.202	1.334799	1.336264	1.298168
00:00:00.202	1.300366	1.391209	1.302564
00:00:00.202	1.307692	1.388278	1.306960
00:00:00.202	1.323077	1.338462	1.308425
00:00:00.203	1.311355	1.286447	1.315018
00:00:00.203	1.250549	1.245421	1.305495
00:00:00.203	1.287912	1.254945	1.313553
00:00:00.207	1.335531	1.252015	1.313553
00:00:00.207	1.356777	1.248352	1.312088
00:00:00.207	1.376557	1.281319	1.312821
00:00:00.207	1.357509	1.288645	1.308425
00:00:00.207	1.334066	1.285714	1.290842
00:00:00.207	1.271795	1.298168	1.292308
00:00:00.207	1.175824	1.313553	1.300366
00:00:00.207	1.161905	1.299634	1.284982
00:00:00.207	1.288645	1.315018	1.288645
00:00:00.207	1.433700	1.309158	1.288645
00:00:00.240	1.484982	1.327473	1.298901
00:00:00.240	1.421245	1.338462	1.298901
00:00:00.240	1.306227	1.333333	1.300366
00:00:00.240	1.218315	1.321612	1.306227
00:00:00.240	1.188278	1.315018	1.308425
00:00:00.243	1.221978	1.320879	1.305495
00:00:00.243	1.258608	1.315018	1.309890
00:00:00.243	1.273993	1.293040	1.305495
00:00:00.243	1.276923	1.271795	1.311355
00:00:00.243	1.262271	1.263736	1.344322
00:00:00.243	1.323810	1.283516	1.342857
00:00:00.243	1.367033	1.320147	1.340659
00:00:00.243	1.370696	1.340659	1.306227
00:00:00.244	1.381685	1.324542	1.300366
00:00:00.244	1.370696	1.308425	1.284982
00:00:00.244	1.351648	1.309158	1.296703
00:00:00.245	1.312088	1.303297	1.293773
00:00:00.245	1.294505	1.311355	1.303297
00:00:00.245	1.275458	1.314286	1.302564
00:00:00.246	1.296703	1.273993	1.304029
00:00:00.246	1.306227	1.271062	1.311355
00:00:00.247	1.312088	1.315751	1.315751
00:00:00.247	1.285714	1.336264	1.275458
00:00:00.247	1.287179	1.330403	1.292308
00:00:00.248	1.288645	1.323810	1.314286
