timestamp	ch1	ch2	ch3
00:00:00.000	1.340659	1.295238	1.312088
00:00:00.000	1.327473	1.249084	1.298901
00:00:00.001	1.314286	1.238095	1.303297
00:00:00.001	1.306227	1.265201	1.314286
00:00:00.001	1.290110	1.273260	1.290842
00:00:00.002	1.295238	1.288645	1.306227
00:00:00.002	1.274725	1.270330	1.308425
00:00:00.002	1.270330	1.311355	1.303297
00:00:00.003	1.256410	1.331136	1.301832
00:00:00.003	1.262271	1.331868	1.315751
00:00:00.003	1.283516	1.333333	1.316484
00:00:00.004	1.293773	1.336264	1.306227
00:00:00.004	1.334066	1.337729	1.310623
00:00:00.004	1.372894	1.323077	1.297436
00:00:00.005	1.364103	1.348718	1.298168
00:00:00.005	1.317949	1.345788	1.302564
00:00:00.006	1.300366	1.320879	1.291575
00:00:00.006	1.326740	1.315751	1.304762
00:00:00.006	1.323077	1.301832	1.297436
00:00:00.007	1.324542	1.288645	1.308425
00:00:00.007	1.306960	1.285714	1.305495
00:00:00.007	1.294505	1.279853	1.300366
00:00:00.009	1.324542	1.293040	1.307692
00:00:00.009	1.320879	1.292308	1.302564
00:00:00.009	1.323077	1.301832	1.307692
00:00:00.044	1.288645	1.302564	1.290842
00:00:00.044	1.265201	1.298901	1.298901
00:00:00.044	1.265201	1.312821	1.307692
00:00:00.044	1.295971	1.305495	1.306960
00:00:00.044	1.326007	1.307692	1.312088
00:00:00.044	1.321612	1.317216	1.297436
00:00:00.044	1.315751	1.315751	1.291575
00:00:00.044	1.315751	1.311355	1.285714
00:00:00.044	1.331868	1.338462	1.295971
00:00:00.044	1.315018	1.317949	1.293773
00:00:00.046	1.290110	1.299634	1.306227
00:00:00.046	1.289377	1.276923	1.305495
00:00:00.046	1.306960	1.268864	1.314286
00:00:00.046	1.331136	1.276923	1.314286
00:00:00.046	1.339194	1.335531	1.306960
00:00:00.046	1.343590	1.358974	1.318681
00:00:00.046	1.312088	1.358242	1.314286
00:00:00.051	1.296703	1.351648	1.313553
00:00:00.051	1.297436	1.321612	1.306960
00:00:00.051	1.287179	1.279853	1.292308
00:00:00.051	1.305495	1.241026	1.299634
00:00:00.051	1.303297	1.189744	1.285714
00:00:00.051	1.298901	1.197802	1.285714
00:00:00.051	1.298901	1.224176	1.278388
00:00:00.051	1.318681	1.277656	1.284982
00:00:00.051	1.315751	1.337729	1.294505
00:00:00.051	1.329670	1.315751	1.304762
00:00:00.051	1.328205	1.291575	1.311355
00:00:00.051	1.329670	1.305495	1.310623
00:00:00.051	1.316484	1.313553	1.315018
00:00:00.051	1.297436	1.334066	1.330403
00:00:00.052	1.287912	1.342857	1.326740
00:00:00.052	1.272527	1.306960	1.313553
00:00:00.052	1.285714	1.334799	1.298901
00:00:00.053	1.290842	1.302564	1.297436
00:00:00.053	1.288645	1.317216	1.306227
00:00:00.053	1.279121	1.342857	1.301832
00:00:00.054	1.286447	1.373626	1.298168
00:00:00.054	1.317216	1.378755	1.300366
00:00:00.055	1.319414	1.345788	1.287179
00:00:00.055	1.320879	1.280586	1.303297
00:00:00.055	1.322344	1.224908	1.291575
00:00:00.056	1.320147	1.224176	1.303297
00:00:00.056	1.318681	1.258608	1.306960
00:00:00.056	1.335531	1.240293	1.295238
00:00:00.057	1.329670	1.265201	1.294505
00:00:00.057	1.295971	1.274725	1.300366
00:00:00.057	1.297436	1.290842	1.311355
00:00:00.058	1.293040	1.325275	1.312088
00:00:00.058	1.298901	1.340659	1.320879
00:00:00.090	1.330403	1.326740	1.308425
00:00:00.091	1.342857	1.354579	1.303297
00:00:00.091	1.332601	1.373626	1.304762
00:00:00.091	1.305495	1.336264	1.304762
00:00:00.092	1.281319	1.274725	1.300366
00:00:00.092	1.312088	1.267399	1.298901
00:00:00.092	1.299634	1.310623	1.298901
00:00:00.093	1.296703	1.306960	1.297436
00:00:00.093	1.309890	1.293773	1.306227
00:00:00.094	1.315018	1.283516	1.300366
00:00:00.094	1.327473	1.298168	1.296703
00:00:00.094	1.328938	1.342125	1.313553
00:00:00.095	1.316484	1.323810	1.306227
00:00:00.095	1.325275	1.318681	1.310623
00:00:00.095	1.305495	1.302564	1.303297
00:00:00.096	1.298901	1.293773	1.310623
00:00:00.096	1.323810	1.315018	1.306227
00:00:00.097	1.313553	1.322344	1.298901
00:00:00.097	1.326007	1.323810	1.304762
00:00:00.097	1.320879	1.304762	1.293040
00:00:00.097	1.306960	1.301099	1.295971
00:00:00.098	1.299634	1.304762	1.293040
00:00:00.098	1.295971	1.303297	1.292308
00:00:00.099	1.270330	1.276923	1.293040
00:00:00.099	1.278388	1.272527	1.291575
00:00:00.099	1.298901	1.316484	1.306227
00:00:00.100	1.294505	1.313553	1.298168
00:00:00.100	1.318681	1.283516	1.303297
00:00:00.100	1.320879	1.273993	1.301832
00:00:00.101	1.309890	1.274725	1.312088
00:00:00.101	1.316484	1.277656	1.309890
00:00:00.101	1.313553	1.271062	1.303297
00:00:00.102	1.323810	1.308425	1.312088
00:00:00.102	1.312821	1.314286	1.306960
00:00:00.103	1.312821	1.321612	1.312821
00:00:00.103	1.293773	1.321612	1.304029
00:00:00.103	1.294505	1.372894	1.304029
00:00:00.105	1.309158	1.397802	1.304762
00:00:00.105	1.306227	1.369963	1.303297
00:00:00.105	1.315751	1.351648	1.305495
00:00:00.108	1.373626	1.307692	1.304029
00:00:00.108	1.368498	1.271795	1.293773
00:00:00.108	1.374359	1.283516	1.307692
00:00:00.108	1.319414	1.264469	1.300366
00:00:00.108	1.267399	1.249084	1.306227
00:00:00.108	1.279121	1.245421	1.304762
00:00:00.108	1.270330	1.252747	1.298901
00:00:00.108	1.251282	1.273260	1.307692
00:00:00.109	1.258608	1.273993	1.307692
00:00:00.109	1.276190	1.251282	1.298901
00:00:00.140	1.302564	1.281319	1.304762
00:00:00.140	1.297436	1.292308	1.300366
00:00:00.141	1.314286	1.314286	1.304762
00:00:00.141	1.308425	1.333333	1.302564
00:00:00.142	1.308425	1.342857	1.300366
00:00:00.142	1.298168	1.343590	1.298168
00:00:00.142	1.302564	1.347253	1.309158
00:00:00.147	1.307692	1.338462	1.311355
00:00:00.147	1.314286	1.326740	1.303297
00:00:00.147	1.317949	1.325275	1.306227
00:00:00.147	1.335531	1.332601	1.300366
00:00:00.147	1.362637	1.364103	1.304762
00:00:00.147	1.342857	1.356777	1.314286
00:00:00.147	1.325275	1.339927	1.327473
00:00:00.147	1.312821	1.327473	1.316484
00:00:00.147	1.296703	1.289377	1.298168
00:00:00.147	1.285714	1.271795	1.306227
00:00:00.147	1.304762	1.266667	1.321612
00:00:00.147	1.296703	1.284982	1.298901
00:00:00.147	1.307692	1.263004	1.287912
00:00:00.147	1.312088	1.255678	1.295971
00:00:00.148	1.338462	1.257143	1.300366
00:00:00.148	1.340659	1.250549	1.300366
00:00:00.148	1.312088	1.250549	1.278388
00:00:00.149	1.284982	1.286447	1.281319
00:00:00.149	1.288645	1.291575	1.291575
00:00:00.149	1.312821	1.303297	1.287912
00:00:00.150	1.341392	1.334799	1.306227
00:00:00.150	1.364835	1.371429	1.306227
00:00:00.150	1.353846	1.378022	1.316484
00:00:00.151	1.312088	1.356777	1.315751
00:00:00.151	1.271062	1.339194	1.304762
00:00:00.152	1.271062	1.367766	1.323810
00:00:00.152	1.273260	1.356777	1.316484
00:00:00.152	1.292308	1.331136	1.311355
00:00:00.153	1.304029	1.307692	1.301832
00:00:00.153	1.299634	1.266667	1.290110
00:00:00.153	1.305495	1.253480	1.293040
00:00:00.154	1.304029	1.220513	1.279121
00:00:00.154	1.317949	1.265934	1.289377
00:00:00.154	1.323077	1.302564	1.280586
00:00:00.155	1.347253	1.293773	1.289377
00:00:00.155	1.336264	1.284982	1.303297
00:00:00.155	1.315018	1.274725	1.294505
00:00:00.156	1.300366	1.276923	1.304029
00:00:00.156	1.299634	1.276923	1.306960
00:00:00.157	1.289377	1.266667	1.323077
00:00:00.157	1.289377	1.255678	1.305495
00:00:00.157	1.309158	1.273993	1.313553
00:00:00.158	1.310623	1.280586	1.297436
00:00:00.190	1.311355	1.296703	1.302564
00:00:00.190	1.332601	1.326007	1.309890
00:00:00.191	1.320879	1.342857	1.298901
00:00:00.191	1.293040	1.348718	1.306960
00:00:00.191	1.257143	1.321612	1.282784
00:00:00.192	1.265934	1.328205	1.295238
00:00:00.192	1.295238	1.334066	1.297436
00:00:00.192	1.319414	1.330403	1.305495
00:00:00.193	1.336264	1.320147	1.301832
00:00:00.193	1.353114	1.326740	1.302564
00:00:00.193	1.343590	1.320147	1.306960
00:00:00.194	1.324542	1.312821	1.306960
00:00:00.194	1.293040	1.315018	1.311355
00:00:00.194	1.301099	1.301099	1.308425
00:00:00.196	1.304762	1.296703	1.305495
00:00:00.196	1.299634	1.301832	1.310623
00:00:00.196	1.317949	1.279853	1.299634
00:00:00.196	1.319414	1.296703	1.297436
00:00:00.196	1.311355	1.301099	1.303297
00:00:00.197	1.312088	1.320147	1.294505
00:00:00.197	1.297436	1.331868	1.298168
00:00:00.197	1.292308	1.295238	1.300366
00:00:00.198	1.307692	1.315018	1.300366
00:00:00.198	1.306960	1.357509	1.309158
00:00:00.198	1.300366	1.358974	1.318681
00:00:00.199	1.308425	1.346520	1.311355
00:00:00.199	1.294505	1.275458	1.284982
00:00:00.199	1.298901	1.236630	1.279853
00:00:00.201	1.302564	1.219048	1.293040
00:00:00.201	1.306227	1.226374	1.311355
00:00:00.202	1.309890	1.242491	1.304762
00:00:00.202	1.325275	1.270330	1.300366
00:00:00.202	1.332601	1.289377	1.311355
00:00:00.202	1.326007	1.314286	1.312821
00:00:00.202	1.346520	1.344322	1.310623
00:00:00.202	1.320147	1.350916	1.313553
00:00:00.205	1.271795	1.340659	1.310623
00:00:00.205	1.238095	1.320147	1.297436
00:00:00.205	1.234432	1.298168	1.286447
00:00:00.205	1.292308	1.317216	1.296703
00:00:00.205	1.347985	1.309158	1.282784
00:00:00.205	1.349451	1.312088	1.294505
00:00:00.205	1.321612	1.312821	1.294505
00:00:00.205	1.295238	1.327473	1.298168
00:00:00.211	1.268864	1.317949	1.290842
00:00:00.211	1.307692	1.300366	1.293040
00:00:00.211	1.345055	1.281319	1.298168
00:00:00.211	1.331136	1.295238	1.295971
00:00:00.211	1.315018	1.295238	1.309158
00:00:00.211	1.318681	1.299634	1.316484
00:00:00.243	1.320147	1.307692	1.309158
00:00:00.243	1.325275	1.312088	1.306960
00:00:00.243	1.320879	1.303297	1.308425
00:00:00.243	1.308425	1.297436	1.302564
00:00:00.243	1.309890	1.292308	1.295971
00:00:00.243	1.306227	1.307692	1.307692
00:00:00.243	1.300366	1.315018	1.306960
00:00:00.243	1.293773	1.310623	1.298901
00:00:00.243	1.306227	1.312088	1.300366
00:00:00.243	1.302564	1.311355	1.293773
00:00:00.243	1.294505	1.315018	1.303297
00:00:00.243	1.298901	1.320879	1.315018
00:00:00.244	1.290842	1.293040	1.300366
00:00:00.244	1.312088	1.297436	1.317216
00:00:00.245	1.334066	1.301099	1.313553
00:00:00.245	1.338462	1.299634	1.319414
00:00:00.245	1.322344	1.304029	1.310623
00:00:00.246	1.329670	1.304762	1.317216
00:00:00.246	1.326740	1.306227	1.311355
00:00:00.246	1.296703	1.303297	1.298168
00:00:00.247	1.300366	1.324542	1.290842
00:00:00.247	1.309158	1.356044	1.289377
00:00:00.247	1.308425	1.345788	1.295238
00:00:00.248	1.289377	1.317949	1.296703
00:00:00.248	1.293773	1.291575	1.292308
00:00:00.248	1.326007	1.301832	1.298901
00:00:00.249	1.319414	1.290842	1.298168
00:00:00.249	1.312088	1.301099	1.317949
00:00:00.250	1.306960	1.257143	1.314286
00:00:00.250	1.302564	1.234432	1.297436
00:00:00.250	1.308425	1.276190	1.306960
00:00:00.251	1.301832	1.279853	1.303297
00:00:00.251	1.303297	1.293040	1.315018
00:00:00.251	1.306227	1.281319	1.310623
00:00:00.252	1.285714	1.250549	1.294505
00:00:00.252	1.281319	1.273260	1.311355
00:00:00.252	1.285714	1.301832	1.304762
00:00:00.254	1.306960	1.320879	1.300366
00:00:00.254	1.345055	1.326007	1.298168
00:00:00.254	1.345055	1.326007	1.299634
00:00:00.254	1.339927	1.319414	1.295238
00:00:00.254	1.328205	1.334799	1.300366
00:00:00.255	1.310623	1.335531	1.298168
00:00:00.255	1.282051	1.331868	1.303297
00:00:00.255	1.295971	1.325275	1.294505
00:00:00.256	1.307692	1.318681	1.298901
00:00:00.256	1.307692	1.315018	1.305495
00:00:00.256	1.306227	1.312821	1.310623
00:00:00.257	1.295238	1.299634	1.323077
00:00:00.257	1.289377	1.298901	1.328205
00:00:00.289	1.290110	1.304029	1.312821
00:00:00.290	1.293773	1.307692	1.312088
00:00:00.290	1.321612	1.309158	1.312088
00:00:00.290	1.341392	1.300366	1.300366
00:00:00.291	1.353114	1.304762	1.290110
00:00:00.291	1.312088	1.284249	1.279853
00:00:00.291	1.334066	1.298168	1.294505
00:00:00.292	1.326007	1.298168	1.294505
00:00:00.292	1.311355	1.316484	1.301832
00:00:00.292	1.292308	1.313553	1.286447
00:00:00.293	1.284982	1.311355	1.270330
00:00:00.293	1.328938	1.321612	1.302564
00:00:00.294	1.315018	1.301099	1.313553
00:00:00.294	1.315751	1.295238	1.313553
00:00:00.294	1.264469	1.302564	1.315018
00:00:00.295	1.215385	1.297436	1.307692
00:00:00.295	1.287179	1.301832	1.325275
00:00:00.295	1.314286	1.297436	1.323810
00:00:00.296	1.325275	1.299634	1.323810
00:00:00.296	1.318681	1.295238	1.317216
00:00:00.296	1.306960	1.290110	1.309890
00:00:00.298	1.310623	1.300366	1.303297
00:00:00.298	1.308425	1.302564	1.276923
00:00:00.299	1.304029	1.307692	1.290110
00:00:00.299	1.304762	1.302564	1.279853
00:00:00.299	1.297436	1.302564	1.268132
00:00:00.299	1.308425	1.308425	1.271062
00:00:00.299	1.309158	1.310623	1.287179
00:00:00.299	1.334066	1.312088	1.316484
00:00:00.302	1.331868	1.310623	1.322344
00:00:00.302	1.315751	1.306227	1.295238
00:00:00.302	1.337729	1.306227	1.280586
00:00:00.302	1.361172	1.295971	1.320147
00:00:00.302	1.318681	1.300366	1.351648
00:00:00.302	1.282784	1.298901	1.326007
00:00:00.302	1.271795	1.298168	1.321612
00:00:00.302	1.295238	1.304762	1.311355
00:00:00.308	1.308425	1.311355	1.298168
00:00:00.308	1.301832	1.309158	1.295238
00:00:00.308	1.307692	1.315018	1.299634
00:00:00.308	1.314286	1.294505	1.289377
00:00:00.308	1.326740	1.309158	1.296703
00:00:00.308	1.323077	1.306960	1.289377
00:00:00.308	1.312088	1.310623	1.298168
00:00:00.308	1.311355	1.312088	1.300366
00:00:00.308	1.299634	1.307692	1.305495
00:00:00.308	1.312088	1.314286	1.317216
00:00:00.308	1.308425	1.301832	1.298168
00:00:00.308	1.305495	1.295971	1.312821
00:00:00.308	1.314286	1.302564	1.318681
00:00:00.340	1.287912	1.296703	1.304029
00:00:00.340	1.304029	1.308425	1.305495
00:00:00.340	1.305495	1.303297	1.300366
00:00:00.340	1.298901	1.309158	1.304762
00:00:00.340	1.311355	1.315751	1.305495
00:00:00.341	1.309890	1.304762	1.284249
00:00:00.341	1.309890	1.308425	1.299634
00:00:00.342	1.308425	1.311355	1.297436
00:00:00.342	1.300366	1.303297	1.303297
00:00:00.342	1.299634	1.302564	1.292308
00:00:00.343	1.316484	1.309158	1.299634
00:00:00.343	1.318681	1.310623	1.311355
00:00:00.343	1.316484	1.300366	1.304762
00:00:00.344	1.318681	1.300366	1.317216
00:00:00.344	1.321612	1.296703	1.310623
00:00:00.344	1.323077	1.288645	1.300366
00:00:00.345	1.274725	1.307692	1.316484
00:00:00.345	1.290110	1.300366	1.305495
00:00:00.345	1.314286	1.295238	1.305495
00:00:00.346	1.316484	1.297436	1.304762
00:00:00.346	1.300366	1.292308	1.290110
00:00:00.347	1.300366	1.304762	1.296703
00:00:00.347	1.295971	1.293040	1.283516
00:00:00.347	1.302564	1.307692	1.293040
00:00:00.348	1.315018	1.316484	1.300366
00:00:00.348	1.307692	1.309158	1.287912
00:00:00.348	1.320879	1.312088	1.302564
00:00:00.349	1.315018	1.312088	1.295971
00:00:00.349	1.314286	1.304762	1.304762
00:00:00.349	1.319414	1.305495	1.309158
00:00:00.350	1.305495	1.281319	1.304029
00:00:00.350	1.318681	1.301099	1.310623
00:00:00.350	1.315751	1.301832	1.318681
00:00:00.351	1.312088	1.300366	1.319414
00:00:00.351	1.318681	1.300366	1.314286
00:00:00.352	1.306227	1.290842	1.304762
00:00:00.352	1.316484	1.296703	1.304029
00:00:00.352	1.315018	1.306960	1.309158
00:00:00.353	1.304029	1.306227	1.300366
00:00:00.353	1.296703	1.309158	1.300366
00:00:00.353	1.298168	1.312088	1.306227
00:00:00.354	1.314286	1.319414	1.300366
00:00:00.354	1.311355	1.320147	1.300366
00:00:00.354	1.320879	1.317949	1.300366
00:00:00.355	1.323810	1.312088	1.292308
00:00:00.355	1.323810	1.304029	1.299634
00:00:00.355	1.335531	1.306960	1.295971
00:00:00.356	1.336264	1.311355	1.304762
00:00:00.356	1.313553	1.312088	1.310623
00:00:00.357	1.295238	1.303297	1.304762
00:00:00.389	1.301099	1.311355	1.342125
00:00:00.390	1.269597	1.302564	1.323077
00:00:00.390	1.301099	1.301099	1.304762
00:00:00.390	1.309890	1.293040	1.309158
00:00:00.390	1.293773	1.289377	1.295238
00:00:00.391	1.306227	1.297436	1.299634
00:00:00.391	1.312088	1.304029	1.298168
00:00:00.391	1.315751	1.300366	1.290842
00:00:00.394	1.328205	1.316484	1.292308
00:00:00.394	1.295971	1.303297	1.282784
00:00:00.394	1.308425	1.311355	1.296703
00:00:00.394	1.323077	1.310623	1.298168
00:00:00.394	1.317216	1.305495	1.290110
00:00:00.394	1.312088	1.312088	1.314286
00:00:00.396	1.313553	1.307692	1.306227
00:00:00.396	1.307692	1.306227	1.313553
00:00:00.396	1.304029	1.296703	1.304029
00:00:00.396	1.306960	1.292308	1.299634
00:00:00.396	1.315751	1.297436	1.309890
00:00:00.397	1.263004	1.297436	1.303297
00:00:00.397	1.297436	1.300366	1.306227
00:00:00.397	1.361172	1.307692	1.312088
00:00:00.397	1.334066	1.305495	1.300366
00:00:00.397	1.290110	1.304762	1.302564
00:00:00.397	1.288645	1.303297	1.298901
00:00:00.398	1.296703	1.302564	1.290842
00:00:00.398	1.285714	1.306227	1.300366
00:00:00.398	1.292308	1.312088	1.297436
00:00:00.404	1.287912	1.306960	1.298901
00:00:00.404	1.295971	1.312821	1.298901
00:00:00.404	1.312088	1.313553	1.298168
00:00:00.404	1.363370	1.314286	1.317949
00:00:00.404	1.342857	1.309890	1.318681
00:00:00.404	1.312088	1.301832	1.312821
00:00:00.404	1.319414	1.296703	1.309158
00:00:00.404	1.363370	1.301832	1.311355
00:00:00.404	1.334066	1.299634	1.314286
00:00:00.404	1.296703	1.297436	1.305495
00:00:00.404	1.294505	1.306960	1.304762
00:00:00.404	1.298168	1.303297	1.300366
00:00:00.404	1.312088	1.312088	1.297436
00:00:00.404	1.341392	1.315018	1.295238
00:00:00.404	1.331136	1.317949	1.298901
00:00:00.404	1.303297	1.312088	1.291575
00:00:00.405	1.309158	1.317949	1.304762
00:00:00.405	1.308425	1.317216	1.306960
00:00:00.405	1.302564	1.306227	1.306227
00:00:00.406	1.292308	1.303297	1.304029
00:00:00.406	1.298901	1.308425	1.310623
00:00:00.406	1.297436	1.304762	1.306227
00:00:00.438	1.321612	1.301832	1.316484
00:00:00.439	1.307692	1.290842	1.299634
00:00:00.439	1.305495	1.306227	1.312821
00:00:00.440	1.304762	1.301832	1.308425
00:00:00.440	1.309890	1.301832	1.306960
00:00:00.440	1.311355	1.305495	1.309890
00:00:00.441	1.312821	1.298901	1.291575
00:00:00.441	1.303297	1.306960	1.297436
00:00:00.442	1.312088	1.315751	1.304762
00:00:00.442	1.309890	1.314286	1.300366
00:00:00.442	1.298168	1.312088	1.300366
00:00:00.442	1.301832	1.317216	1.303297
00:00:00.443	1.312088	1.306227	1.298901
00:00:00.443	1.321612	1.304762	1.306227
00:00:00.444	1.292308	1.291575	1.298901
00:00:00.444	1.315018	1.309158	1.318681
00:00:00.444	1.295971	1.299634	1.306227
00:00:00.445	1.310623	1.305495	1.308425
00:00:00.445	1.315018	1.301099	1.309890
00:00:00.445	1.312088	1.299634	1.300366
00:00:00.446	1.295971	1.287179	1.297436
00:00:00.446	1.301832	1.297436	1.300366
00:00:00.446	1.310623	1.301832	1.298168
00:00:00.447	1.317216	1.303297	1.299634
00:00:00.447	1.299634	1.302564	1.285714
00:00:00.447	1.304762	1.309158	1.293773
00:00:00.448	1.327473	1.310623	1.300366
00:00:00.448	1.305495	1.312088	1.300366
00:00:00.449	1.296703	1.295238	1.290110
00:00:00.449	1.330403	1.301099	1.301832
00:00:00.449	1.328938	1.304762	1.306960
00:00:00.450	1.327473	1.306960	1.312088
00:00:00.450	1.313553	1.302564	1.313553
00:00:00.450	1.302564	1.304762	1.313553
00:00:00.451	1.298901	1.305495	1.313553
00:00:00.451	1.294505	1.301832	1.309158
00:00:00.451	1.286447	1.309158	1.306227
00:00:00.452	1.292308	1.306227	1.302564
00:00:00.452	1.301832	1.304029	1.299634
00:00:00.452	1.312088	1.300366	1.300366
00:00:00.453	1.312821	1.310623	1.299634
00:00:00.453	1.310623	1.312088	1.296703
00:00:00.454	1.320147	1.309158	1.296703
00:00:00.454	1.315018	1.308425	1.294505
00:00:00.454	1.316484	1.315751	1.305495
00:00:00.455	1.309158	1.306960	1.294505
00:00:00.455	1.310623	1.303297	1.300366
00:00:00.455	1.313553	1.298901	1.306960
00:00:00.457	1.302564	1.294505	1.304029
00:00:00.457	1.308425	1.290842	1.302564
00:00:00.489	1.315751	1.292308	1.295238
00:00:00.489	1.304762	1.287912	1.294505
00:00:00.489	1.312821	1.297436	1.309158
00:00:00.489	1.309890	1.301099	1.306960
00:00:00.491	1.306227	1.302564	1.308425
00:00:00.491	1.294505	1.294505	1.300366
00:00:00.491	1.312088	1.306960	1.301832
00:00:00.491	1.287912	1.312821	1.302564
00:00:00.491	1.301832	1.320879	1.296703
00:00:00.491	1.311355	1.329670	1.285714
00:00:00.494	1.353846	1.352381	1.303297
00:00:00.494	1.364103	1.334799	1.300366
00:00:00.494	1.344322	1.321612	1.295238
00:00:00.494	1.293773	1.310623	1.304762
00:00:00.494	1.265934	1.293040	1.306227
00:00:00.494	1.275458	1.300366	1.309158
00:00:00.494	1.271062	1.292308	1.305495
00:00:00.494	1.298168	1.283516	1.301832
00:00:00.500	1.317949	1.289377	1.305495
00:00:00.500	1.318681	1.309158	1.309158
00:00:00.500	1.312088	1.279121	1.300366
00:00:00.500	1.297436	1.252747	1.292308
00:00:00.500	1.306960	1.268132	1.295971
00:00:00.500	1.311355	1.275458	1.293040
00:00:00.500	1.315018	1.283516	1.294505
00:00:00.500	1.309158	1.292308	1.296703
00:00:00.500	1.296703	1.286447	1.286447
00:00:00.500	1.295238	1.283516	1.279853
00:00:00.500	1.306960	1.302564	1.298901
00:00:00.500	1.318681	1.326007	1.311355
00:00:00.500	1.312088	1.330403	1.306960
00:00:00.500	1.305495	1.315018	1.305495
00:00:00.500	1.298168	1.312821	1.300366
00:00:00.500	1.315018	1.319414	1.317949
00:00:00.500	1.314286	1.313553	1.310623
00:00:00.501	1.310623	1.315018	1.312821
00:00:00.501	1.309158	1.311355	1.312088
00:00:00.501	1.309890	1.307692	1.306960
00:00:00.502	1.317216	1.304029	1.300366
00:00:00.502	1.320879	1.312821	1.304762
00:00:00.503	1.315751	1.311355	1.296703
00:00:00.503	1.302564	1.309890	1.293773
00:00:00.503	1.315018	1.315018	1.293040
00:00:00.504	1.293040	1.306227	1.293773
00:00:00.504	1.329670	1.317949	1.304029
00:00:00.504	1.313553	1.312821	1.298901
00:00:00.505	1.298901	1.303297	1.297436
00:00:00.505	1.308425	1.305495	1.306227
00:00:00.505	1.300366	1.294505	1.295238
00:00:00.506	1.309158	1.309158	1.319414
00:00:00.538	1.305495	1.296703	1.304762
00:00:00.538	1.307692	1.303297	1.310623
00:00:00.539	1.315018	1.308425	1.309890
00:00:00.539	1.306227	1.298168	1.298168
00:00:00.539	1.323810	1.304762	1.307692
00:00:00.540	1.328205	1.300366	1.302564
00:00:00.540	1.323810	1.295971	1.298168
00:00:00.540	1.323810	1.310623	1.298901
00:00:00.541	1.302564	1.293773	1.280586
00:00:00.541	1.303297	1.314286	1.301832
00:00:00.542	1.283516	1.310623	1.299634
00:00:00.542	1.282051	1.310623	1.300366
00:00:00.542	1.284249	1.313553	1.300366
00:00:00.543	1.285714	1.304762	1.299634
00:00:00.543	1.298168	1.310623	1.307692
00:00:00.543	1.320879	1.312088	1.316484
00:00:00.544	1.321612	1.306227	1.310623
00:00:00.544	1.315018	1.293040	1.306960
00:00:00.544	1.325275	1.304029	1.311355
00:00:00.545	1.316484	1.303297	1.311355
00:00:00.545	1.312821	1.290842	1.296703
00:00:00.545	1.312088	1.300366	1.308425
00:00:00.547	1.309890	1.289377	1.298168
00:00:00.547	1.313553	1.294505	1.302564
00:00:00.547	1.306227	1.296703	1.287179
00:00:00.547	1.312088	1.323077	1.301832
00:00:00.547	1.307692	1.321612	1.304029
00:00:00.548	1.308425	1.312821	1.296703
00:00:00.548	1.308425	1.310623	1.295238
00:00:00.548	1.312088	1.312088	1.302564
00:00:00.549	1.312088	1.300366	1.293773
00:00:00.549	1.321612	1.304029	1.315018
00:00:00.549	1.314286	1.293040	1.308425
00:00:00.550	1.315018	1.292308	1.310623
00:00:00.550	1.314286	1.284982	1.315018
00:00:00.550	1.306227	1.285714	1.298168
00:00:00.551	1.312821	1.302564	1.312088
00:00:00.551	1.309158	1.308425	1.314286
00:00:00.552	1.306960	1.313553	1.300366
00:00:00.552	1.299634	1.315751	1.302564
00:00:00.552	1.289377	1.291575	1.284249
00:00:00.554	1.300366	1.312821	1.298901
00:00:00.554	1.309890	1.307692	1.295971
00:00:00.554	1.313553	1.309890	1.298168
00:00:00.554	1.330403	1.320147	1.304762
00:00:00.556	1.323810	1.312821	1.302564
00:00:00.556	1.334799	1.312088	1.297436
00:00:00.556	1.317216	1.302564	1.297436
00:00:00.556	1.290110	1.309158	1.308425
00:00:00.557	1.295971	1.307692	1.312821
00:00:00.588	1.302564	1.297436	1.306960
00:00:00.588	1.309158	1.308425	1.320879
00:00:00.588	1.309158	1.296703	1.315018
00:00:00.589	1.309158	1.287912	1.298168
00:00:00.594	1.311355	1.308425	1.306960
00:00:00.594	1.303297	1.289377	1.297436
00:00:00.594	1.312088	1.304029	1.300366
00:00:00.594	1.315018	1.310623	1.300366
00:00:00.594	1.309158	1.309158	1.294505
00:00:00.594	1.312088	1.306227	1.298168
00:00:00.594	1.295238	1.299634	1.287912
00:00:00.594	1.310623	1.309890	1.298901
00:00:00.594	1.308425	1.300366	1.287179
00:00:00.594	1.316484	1.310623	1.307692
00:00:00.594	1.315751	1.312821	1.304762
00:00:00.594	1.305495	1.309158	1.315018
00:00:00.594	1.315018	1.309158	1.312821
00:00:00.594	1.302564	1.293773	1.311355
00:00:00.594	1.312821	1.304762	1.312088
00:00:00.595	1.306227	1.290842	1.303297
00:00:00.595	1.320879	1.304762	1.311355
00:00:00.595	1.310623	1.302564	1.302564
00:00:00.596	1.309158	1.304029	1.303297
00:00:00.596	1.311355	1.316484	1.307692
00:00:00.596	1.308425	1.317216	1.296703
00:00:00.597	1.298901	1.317216	1.304762
00:00:00.597	1.295971	1.304762	1.298168
00:00:00.597	1.293773	1.296703	1.291575
00:00:00.598	1.319414	1.303297	1.303297
00:00:00.599	1.313553	1.294505	1.290842
00:00:00.599	1.312821	1.305495	1.309158
00:00:00.599	1.310623	1.309158	1.300366
00:00:00.599	1.300366	1.308425	1.312088
00:00:00.600	1.317216	1.305495	1.314286
00:00:00.600	1.315751	1.308425	1.320147
00:00:00.600	1.312088	1.296703	1.298168
00:00:00.601	1.315018	1.304029	1.311355
00:00:00.601	1.314286	1.300366	1.306960
00:00:00.601	1.305495	1.296703	1.302564
00:00:00.602	1.303297	1.289377	1.284249
00:00:00.602	1.309158	1.298901	1.303297
00:00:00.602	1.302564	1.293773	1.287912
00:00:00.603	1.306960	1.315751	1.300366
00:00:00.603	1.309158	1.317216	1.291575
00:00:00.603	1.306227	1.318681	1.304029
00:00:00.604	1.304029	1.304029	1.286447
00:00:00.604	1.310623	1.330403	1.302564
00:00:00.605	1.318681	1.316484	1.312088
00:00:00.605	1.317949	1.295238	1.311355
00:00:00.605	1.311355	1.290110	1.306227
00:00:00.637	1.300366	1.276923	1.308425
00:00:00.638	1.316484	1.281319	1.316484
00:00:00.638	1.299634	1.276190	1.308425
00:00:00.639	1.317949	1.286447	1.314286
00:00:00.639	1.306960	1.276923	1.308425
00:00:00.639	1.307692	1.295238	1.302564
00:00:00.640	1.295971	1.294505	1.296703
00:00:00.640	1.311355	1.326007	1.300366
00:00:00.640	1.312088	1.324542	1.293773
00:00:00.641	1.308425	1.323810	1.296703
00:00:00.641	1.307692	1.327473	1.294505
00:00:00.641	1.309158	1.325275	1.297436
00:00:00.642	1.296703	1.316484	1.292308
00:00:00.642	1.314286	1.329670	1.311355
00:00:00.642	1.306227	1.316484	1.300366
00:00:00.643	1.318681	1.327473	1.313553
00:00:00.643	1.298901	1.306227	1.298168
00:00:00.644	1.309158	1.309890	1.312088
00:00:00.644	1.309158	1.304762	1.304762
00:00:00.644	1.326007	1.311355	1.309890
00:00:00.645	1.312821	1.287912	1.308425
00:00:00.645	1.304762	1.267399	1.298901
00:00:00.645	1.309890	1.264469	1.300366
00:00:00.646	1.301099	1.272527	1.294505
00:00:00.646	1.305495	1.301099	1.297436
00:00:00.646	1.308425	1.317216	1.293773
00:00:00.647	1.300366	1.318681	1.293773
00:00:00.647	1.305495	1.309890	1.294505
00:00:00.647	1.306227	1.304762	1.294505
00:00:00.649	1.312088	1.301099	1.301832
00:00:00.649	1.314286	1.302564	1.304762
00:00:00.651	1.315018	1.303297	1.306960
00:00:00.651	1.312821	1.300366	1.309158
00:00:00.651	1.314286	1.304029	1.312821
00:00:00.651	1.306960	1.299634	1.295971
00:00:00.651	1.318681	1.309158	1.320147
00:00:00.654	1.314286	1.302564	1.313553
00:00:00.654	1.306960	1.301832	1.304029
00:00:00.654	1.310623	1.304029	1.306960
00:00:00.654	1.300366	1.297436	1.296703
00:00:00.654	1.310623	1.293040	1.304029
00:00:00.654	1.309890	1.297436	1.299634
00:00:00.654	1.312821	1.306227	1.303297
00:00:00.654	1.323810	1.312088	1.298168
00:00:00.654	1.315751	1.320147	1.295238
00:00:00.659	1.306227	1.331868	1.306227
00:00:00.659	1.298901	1.324542	1.300366
00:00:00.659	1.311355	1.319414	1.306227
00:00:00.659	1.314286	1.319414	1.309158
00:00:00.659	1.298168	1.293773	1.299634
00:00:00.692	1.312088	1.291575	1.308425
00:00:00.692	1.308425	1.283516	1.304762
00:00:00.692	1.306227	1.290110	1.308425
00:00:00.692	1.325275	1.287912	1.312088
00:00:00.692	1.317949	1.306227	1.314286
00:00:00.692	1.308425	1.312088	1.300366
00:00:00.692	1.295971	1.310623	1.302564
00:00:00.692	1.302564	1.315751	1.300366
00:00:00.692	1.300366	1.307692	1.288645
00:00:00.692	1.292308	1.315751	1.293773
00:00:00.692	1.284249	1.315018	1.290842
00:00:00.692	1.307692	1.318681	1.300366
00:00:00.692	1.319414	1.311355	1.299634
00:00:00.692	1.323810	1.299634	1.302564
00:00:00.692	1.340659	1.306227	1.305495
00:00:00.693	1.315751	1.295238	1.311355
00:00:00.693	1.317216	1.295971	1.320147
00:00:00.693	1.306960	1.287912	1.311355
00:00:00.694	1.307692	1.306960	1.314286
00:00:00.695	1.309158	1.302564	1.310623
00:00:00.695	1.300366	1.293773	1.304762
00:00:00.695	1.318681	1.305495	1.308425
00:00:00.695	1.304029	1.308425	1.298901
00:00:00.695	1.309158	1.320879	1.304762
00:00:00.696	1.312821	1.312088	1.298168
00:00:00.696	1.295971	1.290110	1.289377
00:00:00.696	1.298901	1.287179	1.291575
00:00:00.697	1.293773	1.290110	1.290842
00:00:00.697	1.303297	1.295971	1.287179
00:00:00.698	1.315751	1.318681	1.300366
00:00:00.698	1.327473	1.328938	1.309890
00:00:00.698	1.322344	1.307692	1.311355
00:00:00.699	1.314286	1.291575	1.306227
00:00:00.699	1.314286	1.284982	1.307692
00:00:00.699	1.300366	1.276923	1.300366
00:00:00.700	1.300366	1.290842	1.312821
00:00:00.700	1.307692	1.297436	1.315018
00:00:00.700	1.303297	1.298168	1.308425
00:00:00.701	1.311355	1.307692	1.302564
00:00:00.701	1.300366	1.307692	1.297436
00:00:00.702	1.315018	1.312821	1.300366
00:00:00.702	1.301099	1.305495	1.290842
00:00:00.703	1.308425	1.319414	1.294505
00:00:00.703	1.310623	1.336264	1.297436
00:00:00.703	1.309158	1.338462	1.300366
00:00:00.703	1.312088	1.326007	1.299634
00:00:00.704	1.309158	1.315018	1.303297
00:00:00.704	1.315018	1.310623	1.305495
00:00:00.704	1.304029	1.287179	1.299634
00:00:00.705	1.312088	1.300366	1.312821
00:00:00.737	1.312088	1.295238	1.309890
00:00:00.737	1.316484	1.299634	1.309158
00:00:00.738	1.311355	1.297436	1.308425
00:00:00.738	1.309890	1.290842	1.302564
00:00:00.738	1.315751	1.291575	1.303297
00:00:00.739	1.295238	1.280586	1.291575
00:00:00.739	1.309158	1.300366	1.303297
00:00:00.739	1.301832	1.304029	1.297436
00:00:00.740	1.309158	1.313553	1.297436
00:00:00.740	1.312088	1.314286	1.296703
00:00:00.741	1.304762	1.304762	1.295971
00:00:00.741	1.302564	1.306960	1.294505
00:00:00.741	1.312088	1.312088	1.297436
00:00:00.742	1.317949	1.307692	1.304029
00:00:00.742	1.317216	1.298901	1.308425
00:00:00.742	1.314286	1.293040	1.305495
00:00:00.743	1.309890	1.295971	1.311355
00:00:00.743	1.311355	1.303297	1.311355
00:00:00.743	1.312821	1.315751	1.310623
00:00:00.746	1.316484	1.318681	1.304029
00:00:00.746	1.304762	1.308425	1.298168
00:00:00.746	1.309890	1.309158	1.306960
00:00:00.746	1.293040	1.299634	1.295971
00:00:00.746	1.302564	1.309158	1.297436
00:00:00.747	1.303297	1.298168	1.284982
