timestamp	ch1	ch2	ch3
00:00:00.000	1.298168	1.305495	1.297436
00:00:00.000	1.330403	1.331136	1.294505
00:00:00.000	1.339194	1.399267	1.308425
00:00:00.000	1.338462	1.409524	1.309158
00:00:00.000	1.335531	1.378022	1.298168
00:00:00.000	1.339927	1.251282	1.309890
00:00:00.000	1.338462	1.173626	1.310623
00:00:00.000	1.320147	1.147253	1.298168
00:00:00.000	1.312821	1.153846	1.305495
00:00:00.000	1.301832	1.161905	1.295238
00:00:00.001	1.282784	1.257875	1.283516
00:00:00.001	1.276190	1.305495	1.304762
00:00:00.001	1.218315	1.331136	1.292308
00:00:00.002	1.238095	1.312821	1.290110
00:00:00.002	1.304029	1.301099	1.305495
00:00:00.002	1.344322	1.320879	1.300366
00:00:00.003	1.370696	1.304029	1.293773
00:00:00.003	1.347253	1.350916	1.315018
00:00:00.003	1.325275	1.444689	1.313553
00:00:00.004	1.281319	1.400000	1.303297
00:00:00.004	1.298168	1.348718	1.317216
00:00:00.005	1.331136	1.321612	1.305495
00:00:00.005	1.361905	1.296703	1.299634
00:00:00.005	1.384615	1.301832	1.317949
00:00:00.006	1.346520	1.276923	1.306960
00:00:00.038	1.293040	1.250549	1.304029
00:00:00.038	1.245421	1.256410	1.300366
00:00:00.039	1.260073	1.278388	1.295238
00:00:00.039	1.257143	1.290842	1.288645
00:00:00.039	1.295971	1.295971	1.296703
00:00:00.040	1.297436	1.298901	1.293773
00:00:00.040	1.304762	1.318681	1.306227
00:00:00.040	1.308425	1.341392	1.306960
00:00:00.042	1.315751	1.339927	1.308425
00:00:00.042	1.333333	1.331136	1.311355
00:00:00.042	1.355311	1.301832	1.307692
00:00:00.042	1.355311	1.294505	1.308425
00:00:00.042	1.335531	1.290842	1.312821
00:00:00.042	1.309158	1.300366	1.313553
00:00:00.043	1.314286	1.316484	1.300366
00:00:00.043	1.323810	1.323077	1.313553
00:00:00.044	1.302564	1.298901	1.308425
00:00:00.044	1.270330	1.290110	1.308425
00:00:00.044	1.251282	1.298168	1.306960
00:00:00.045	1.267399	1.311355	1.304762
00:00:00.045	1.270330	1.284249	1.284982
00:00:00.045	1.276923	1.299634	1.299634
00:00:00.046	1.287179	1.306227	1.290842
00:00:00.046	1.299634	1.317216	1.287179
00:00:00.046	1.296703	1.315751	1.295971
00:00:00.047	1.331868	1.332601	1.305495
00:00:00.047	1.341392	1.346520	1.297436
00:00:00.047	1.350916	1.372894	1.309890
00:00:00.048	1.359707	1.346520	1.314286
00:00:00.048	1.341392	1.309890	1.312088
00:00:00.049	1.323077	1.275458	1.303297
00:00:00.049	1.312821	1.253480	1.306227
00:00:00.049	1.315751	1.265934	1.313553
00:00:00.050	1.316484	1.246154	1.311355
00:00:00.050	1.290842	1.199267	1.284249
00:00:00.050	1.287179	1.259341	1.298168
00:00:00.051	1.275458	1.285714	1.295238
00:00:00.051	1.275458	1.318681	1.298901
00:00:00.051	1.288645	1.323077	1.310623
00:00:00.052	1.290842	1.333333	1.299634
00:00:00.052	1.295971	1.353114	1.297436
00:00:00.052	1.312088	1.356044	1.308425
00:00:00.053	1.331136	1.356777	1.306227
00:00:00.053	1.347253	1.300366	1.305495
00:00:00.055	1.342857	1.306960	1.299634
00:00:00.055	1.359707	1.379487	1.309890
00:00:00.055	1.356777	1.354579	1.309890
00:00:00.055	1.331868	1.295971	1.304029
00:00:00.055	1.315018	1.218315	1.300366
00:00:00.055	1.298168	1.220513	1.305495
00:00:00.088	1.284982	1.238095	1.301832
00:00:00.088	1.276190	1.232234	1.290110
00:00:00.088	1.268132	1.226374	1.294505
00:00:00.089	1.273260	1.290110	1.296703
00:00:00.089	1.273993	1.317216	1.294505
00:00:00.089	1.275458	1.306960	1.290110
00:00:00.091	1.288645	1.301832	1.305495
00:00:00.091	1.293773	1.312088	1.304029
00:00:00.091	1.314286	1.339194	1.306227
00:00:00.091	1.315018	1.337729	1.305495
00:00:00.091	1.330403	1.347985	1.308425
00:00:00.091	1.350183	1.350183	1.315751
00:00:00.096	1.312088	1.334066	1.320879
00:00:00.096	1.304762	1.310623	1.301099
00:00:00.096	1.348718	1.312821	1.304762
00:00:00.096	1.367033	1.295971	1.306227
00:00:00.096	1.373626	1.296703	1.308425
00:00:00.096	1.354579	1.317216	1.305495
00:00:00.096	1.306960	1.331868	1.305495
00:00:00.096	1.265934	1.334066	1.307692
00:00:00.096	1.230769	1.313553	1.298901
00:00:00.096	1.236630	1.316484	1.298901
00:00:00.096	1.260073	1.309158	1.298168
00:00:00.096	1.298168	1.311355	1.296703
00:00:00.096	1.310623	1.284249	1.300366
00:00:00.096	1.317949	1.280586	1.303297
00:00:00.098	1.322344	1.291575	1.293040
00:00:00.098	1.317216	1.286447	1.305495
00:00:00.098	1.303297	1.276923	1.309890
00:00:00.098	1.322344	1.286447	1.304029
00:00:00.098	1.354579	1.302564	1.311355
00:00:00.099	1.365568	1.312821	1.313553
00:00:00.099	1.367033	1.324542	1.313553
00:00:00.099	1.318681	1.361905	1.309158
00:00:00.100	1.283516	1.378022	1.310623
00:00:00.100	1.263004	1.345055	1.298901
00:00:00.100	1.271795	1.370696	1.305495
00:00:00.101	1.282051	1.326740	1.304762
00:00:00.101	1.306960	1.290110	1.304029
00:00:00.101	1.332601	1.303297	1.304762
00:00:00.102	1.327473	1.300366	1.300366
00:00:00.102	1.296703	1.279121	1.294505
00:00:00.103	1.276923	1.242491	1.298901
00:00:00.103	1.297436	1.185348	1.297436
00:00:00.103	1.323810	1.206593	1.299634
00:00:00.104	1.334066	1.242491	1.298168
00:00:00.104	1.349451	1.226374	1.298901
00:00:00.104	1.350183	1.249817	1.302564
00:00:00.105	1.337729	1.309890	1.303297
00:00:00.105	1.311355	1.347253	1.308425
00:00:00.137	1.306227	1.382418	1.305495
00:00:00.138	1.298901	1.361172	1.308425
00:00:00.138	1.284982	1.336264	1.307692
00:00:00.138	1.279121	1.326740	1.310623
00:00:00.139	1.260073	1.304762	1.304762
00:00:00.139	1.231502	1.286447	1.290110
00:00:00.139	1.262271	1.333333	1.305495
00:00:00.140	1.300366	1.369963	1.303297
00:00:00.140	1.332601	1.375092	1.312821
00:00:00.140	1.337729	1.365568	1.314286
00:00:00.141	1.328938	1.315751	1.305495
00:00:00.141	1.326007	1.291575	1.300366
00:00:00.142	1.348718	1.314286	1.302564
00:00:00.142	1.357509	1.336996	1.309158
00:00:00.142	1.330403	1.289377	1.306960
00:00:00.143	1.326007	1.290842	1.318681
00:00:00.143	1.304762	1.232967	1.292308
00:00:00.143	1.314286	1.219048	1.304029
00:00:00.144	1.297436	1.236630	1.303297
00:00:00.144	1.291575	1.268132	1.304762
00:00:00.144	1.279121	1.293040	1.300366
00:00:00.145	1.273993	1.312821	1.294505
00:00:00.146	1.265934	1.324542	1.298901
00:00:00.146	1.290842	1.350183	1.295971
00:00:00.146	1.302564	1.426374	1.304029
00:00:00.146	1.320147	1.419780	1.302564
00:00:00.148	1.335531	1.362637	1.304762
00:00:00.148	1.356777	1.276190	1.313553
00:00:00.148	1.351648	1.213187	1.313553
00:00:00.148	1.345788	1.201465	1.309890
00:00:00.148	1.337729	1.228571	1.307692
00:00:00.148	1.336264	1.258608	1.317949
00:00:00.149	1.323810	1.274725	1.306960
00:00:00.149	1.306960	1.291575	1.294505
00:00:00.149	1.294505	1.303297	1.295238
00:00:00.150	1.290110	1.330403	1.298901
00:00:00.150	1.265201	1.348718	1.290842
00:00:00.150	1.255678	1.352381	1.303297
00:00:00.151	1.263004	1.329670	1.293773
00:00:00.151	1.276190	1.322344	1.300366
00:00:00.152	1.297436	1.305495	1.304762
00:00:00.152	1.313553	1.301832	1.310623
00:00:00.152	1.307692	1.300366	1.297436
00:00:00.153	1.306227	1.306960	1.305495
00:00:00.153	1.313553	1.296703	1.303297
00:00:00.153	1.317216	1.309890	1.311355
00:00:00.155	1.360440	1.330403	1.313553
00:00:00.155	1.367033	1.320147	1.315751
00:00:00.155	1.339927	1.319414	1.312821
00:00:00.156	1.290842	1.318681	1.304762
00:00:00.188	1.309890	1.321612	1.304762
00:00:00.188	1.315751	1.317949	1.300366
00:00:00.188	1.336264	1.311355	1.304762
00:00:00.188	1.345788	1.292308	1.295971
00:00:00.188	1.330403	1.298168	1.300366
00:00:00.193	1.297436	1.300366	1.298901
00:00:00.193	1.251282	1.298901	1.288645
00:00:00.193	1.230037	1.294505	1.295971
00:00:00.193	1.254212	1.294505	1.298901
00:00:00.193	1.317216	1.296703	1.303297
00:00:00.193	1.354579	1.289377	1.315018
00:00:00.193	1.349451	1.291575	1.312088
00:00:00.193	1.341392	1.283516	1.300366
00:00:00.193	1.344322	1.308425	1.315018
00:00:00.193	1.328938	1.301832	1.312088
00:00:00.193	1.304762	1.302564	1.306227
00:00:00.193	1.308425	1.347985	1.315018
00:00:00.193	1.290110	1.302564	1.300366
00:00:00.193	1.282784	1.287912	1.298901
00:00:00.194	1.289377	1.293773	1.300366
00:00:00.194	1.282784	1.282784	1.294505
00:00:00.194	1.281319	1.301832	1.317216
00:00:00.195	1.285714	1.288645	1.304029
00:00:00.195	1.295971	1.298168	1.296703
00:00:00.196	1.293040	1.299634	1.293773
00:00:00.196	1.309158	1.318681	1.299634
00:00:00.196	1.316484	1.316484	1.300366
00:00:00.197	1.328938	1.315751	1.304762
00:00:00.197	1.334066	1.317216	1.305495
00:00:00.198	1.345788	1.315018	1.314286
00:00:00.198	1.334066	1.305495	1.313553
00:00:00.198	1.337729	1.303297	1.307692
00:00:00.198	1.328205	1.323810	1.298901
00:00:00.199	1.309158	1.353114	1.315018
00:00:00.199	1.304762	1.345788	1.302564
00:00:00.199	1.297436	1.343590	1.299634
00:00:00.200	1.285714	1.323810	1.305495
00:00:00.200	1.284249	1.276190	1.304762
00:00:00.201	1.268132	1.224908	1.290842
00:00:00.201	1.283516	1.244689	1.303297
00:00:00.201	1.293040	1.283516	1.302564
00:00:00.202	1.304762	1.320879	1.298901
00:00:00.202	1.307692	1.334799	1.296703
00:00:00.202	1.326740	1.293773	1.300366
00:00:00.203	1.335531	1.293773	1.295238
00:00:00.203	1.338462	1.298901	1.308425
00:00:00.203	1.353114	1.301099	1.312821
00:00:00.204	1.346520	1.288645	1.314286
00:00:00.204	1.338462	1.283516	1.315018
00:00:00.204	1.329670	1.282784	1.309890
00:00:00.237	1.312088	1.298901	1.289377
00:00:00.237	1.292308	1.341392	1.284982
00:00:00.237	1.288645	1.354579	1.295971
00:00:00.238	1.274725	1.328938	1.304029
00:00:00.238	1.268132	1.303297	1.306960
00:00:00.238	1.263736	1.300366	1.300366
00:00:00.239	1.272527	1.298901	1.303297
00:00:00.239	1.298168	1.287912	1.312821
00:00:00.240	1.296703	1.276190	1.298901
00:00:00.240	1.309890	1.316484	1.293773
00:00:00.240	1.331868	1.313553	1.301832
00:00:00.241	1.339927	1.302564	1.309890
00:00:00.241	1.351648	1.295971	1.316484
00:00:00.241	1.353846	1.262271	1.317216
00:00:00.242	1.348718	1.268864	1.312088
00:00:00.242	1.350916	1.283516	1.314286
00:00:00.242	1.328938	1.288645	1.312821
00:00:00.243	1.315018	1.329670	1.310623
00:00:00.243	1.293773	1.347985	1.312088
00:00:00.244	1.282784	1.330403	1.300366
00:00:00.244	1.266667	1.317949	1.299634
00:00:00.244	1.254945	1.305495	1.287179
00:00:00.245	1.265934	1.320147	1.298168
00:00:00.245	1.283516	1.320879	1.289377
00:00:00.245	1.302564	1.331868	1.306227
00:00:00.246	1.289377	1.317949	1.295971
00:00:00.246	1.312088	1.332601	1.301832
00:00:00.246	1.323810	1.327473	1.303297
00:00:00.248	1.344322	1.345788	1.312088
00:00:00.248	1.350916	1.323810	1.309158
00:00:00.248	1.350183	1.286447	1.309158
00:00:00.248	1.350916	1.262271	1.312821
00:00:00.248	1.352381	1.255678	1.313553
00:00:00.248	1.353114	1.266667	1.307692
00:00:00.251	1.331868	1.279853	1.317949
00:00:00.251	1.295971	1.259341	1.302564
00:00:00.251	1.267399	1.287912	1.300366
00:00:00.251	1.241758	1.309890	1.287179
00:00:00.251	1.191209	1.321612	1.299634
00:00:00.252	1.218315	1.315018	1.293040
00:00:00.252	1.251282	1.315751	1.302564
00:00:00.252	1.306960	1.327473	1.303297
00:00:00.252	1.355311	1.319414	1.294505
00:00:00.252	1.370696	1.312088	1.293773
00:00:00.252	1.385348	1.323810	1.309890
00:00:00.257	1.345055	1.315018	1.300366
00:00:00.257	1.319414	1.303297	1.297436
00:00:00.257	1.317216	1.303297	1.309158
00:00:00.257	1.337729	1.297436	1.300366
00:00:00.257	1.351648	1.298901	1.318681
00:00:00.287	1.361172	1.286447	1.310623
00:00:00.287	1.301099	1.279121	1.299634
00:00:00.287	1.265934	1.301099	1.306227
00:00:00.287	1.244689	1.328938	1.308425
00:00:00.288	1.259341	1.342125	1.305495
00:00:00.288	1.273260	1.346520	1.314286
00:00:00.289	1.257875	1.308425	1.299634
00:00:00.289	1.279853	1.306960	1.299634
00:00:00.289	1.304762	1.295971	1.293773
00:00:00.290	1.319414	1.255678	1.308425
00:00:00.290	1.325275	1.222711	1.296703
00:00:00.290	1.340659	1.232234	1.296703
00:00:00.291	1.352381	1.276923	1.305495
00:00:00.291	1.354579	1.323810	1.305495
00:00:00.291	1.342857	1.334066	1.308425
00:00:00.292	1.336264	1.328205	1.308425
00:00:00.292	1.326740	1.328938	1.308425
00:00:00.292	1.309158	1.323077	1.305495
00:00:00.293	1.292308	1.316484	1.306227
00:00:00.293	1.286447	1.296703	1.297436
00:00:00.294	1.278388	1.298168	1.303297
00:00:00.294	1.284982	1.339194	1.307692
00:00:00.294	1.279121	1.348718	1.300366
00:00:00.295	1.290842	1.328938	1.295238
00:00:00.295	1.327473	1.309158	1.306227
00:00:00.295	1.317949	1.271062	1.290110
00:00:00.296	1.318681	1.284982	1.295238
00:00:00.296	1.323810	1.283516	1.303297
00:00:00.296	1.327473	1.239560	1.292308
00:00:00.297	1.344322	1.291575	1.310623
00:00:00.297	1.329670	1.367033	1.305495
00:00:00.297	1.332601	1.385348	1.312821
00:00:00.298	1.326740	1.381685	1.310623
00:00:00.298	1.320147	1.357509	1.309890
00:00:00.299	1.307692	1.304762	1.312821
00:00:00.299	1.300366	1.252747	1.306227
00:00:00.299	1.290842	1.237363	1.308425
00:00:00.300	1.291575	1.252747	1.307692
00:00:00.300	1.276923	1.261538	1.288645
00:00:00.300	1.288645	1.314286	1.303297
00:00:00.301	1.305495	1.320147	1.299634
00:00:00.301	1.306227	1.306960	1.297436
00:00:00.301	1.326007	1.287179	1.309890
00:00:00.303	1.342125	1.233700	1.290842
00:00:00.303	1.344322	1.257875	1.307692
00:00:00.303	1.320147	1.295238	1.316484
00:00:00.303	1.304762	1.309158	1.304029
00:00:00.303	1.311355	1.293040	1.312088
00:00:00.304	1.309158	1.284249	1.304762
00:00:00.304	1.287912	1.292308	1.310623
00:00:00.336	1.285714	1.324542	1.304029
00:00:00.336	1.282051	1.332601	1.298168
00:00:00.337	1.292308	1.394139	1.306227
00:00:00.337	1.290842	1.487912	1.298168
00:00:00.338	1.278388	1.433700	1.300366
00:00:00.338	1.276923	1.331136	1.295971
00:00:00.338	1.273993	1.232967	1.297436
00:00:00.339	1.286447	1.216850	1.305495
00:00:00.339	1.313553	1.210989	1.308425
00:00:00.339	1.310623	1.158242	1.289377
00:00:00.340	1.333333	1.214652	1.303297
00:00:00.340	1.347253	1.302564	1.298168
00:00:00.340	1.340659	1.346520	1.305495
00:00:00.341	1.363370	1.350916	1.312088
00:00:00.341	1.362637	1.336264	1.309158
00:00:00.341	1.305495	1.319414	1.305495
00:00:00.343	1.320879	1.326007	1.315018
00:00:00.343	1.328205	1.313553	1.303297
00:00:00.343	1.337729	1.298901	1.304762
00:00:00.343	1.353114	1.298168	1.306960
00:00:00.343	1.323077	1.299634	1.295971
00:00:00.345	1.305495	1.326007	1.297436
00:00:00.345	1.275458	1.336264	1.287179
00:00:00.345	1.238095	1.352381	1.302564
00:00:00.347	1.248352	1.339194	1.304029
00:00:00.347	1.272527	1.345788	1.306227
00:00:00.347	1.293773	1.334066	1.305495
00:00:00.347	1.303297	1.303297	1.300366
00:00:00.347	1.321612	1.282784	1.308425
00:00:00.347	1.332601	1.253480	1.313553
00:00:00.347	1.342857	1.215385	1.304029
00:00:00.347	1.340659	1.248352	1.306227
00:00:00.352	1.323810	1.273260	1.306227
00:00:00.352	1.320879	1.299634	1.304762
00:00:00.352	1.314286	1.312088	1.295971
00:00:00.352	1.317216	1.332601	1.311355
00:00:00.352	1.304029	1.331868	1.306227
00:00:00.352	1.266667	1.306960	1.297436
00:00:00.352	1.264469	1.280586	1.289377
00:00:00.352	1.273260	1.311355	1.298901
00:00:00.352	1.293773	1.334066	1.302564
00:00:00.352	1.300366	1.336996	1.296703
00:00:00.352	1.294505	1.336264	1.293773
00:00:00.352	1.303297	1.407326	1.307692
00:00:00.352	1.295238	1.397070	1.300366
00:00:00.352	1.305495	1.359707	1.303297
00:00:00.353	1.329670	1.293040	1.311355
00:00:00.353	1.340659	1.212454	1.298901
00:00:00.353	1.376557	1.189011	1.303297
00:00:00.354	1.394139	1.172161	1.304029
00:00:00.387	1.367766	1.139927	1.295238
00:00:00.387	1.299634	1.208059	1.300366
00:00:00.387	1.273993	1.306227	1.310623
00:00:00.387	1.252747	1.353846	1.309158
00:00:00.387	1.261538	1.363370	1.304762
00:00:00.388	1.254945	1.330403	1.291575
00:00:00.388	1.273993	1.342857	1.304762
00:00:00.388	1.286447	1.339194	1.298901
00:00:00.389	1.298901	1.333333	1.297436
00:00:00.389	1.310623	1.339194	1.304762
00:00:00.389	1.318681	1.325275	1.299634
00:00:00.390	1.338462	1.316484	1.307692
00:00:00.390	1.345055	1.312821	1.301832
00:00:00.390	1.337729	1.318681	1.295971
00:00:00.391	1.358974	1.336996	1.315018
00:00:00.391	1.357509	1.315751	1.313553
00:00:00.392	1.336996	1.265934	1.317949
00:00:00.392	1.325275	1.298901	1.317949
00:00:00.392	1.306227	1.326007	1.294505
00:00:00.393	1.300366	1.349451	1.306960
00:00:00.393	1.293773	1.319414	1.296703
00:00:00.393	1.271062	1.295238	1.296703
00:00:00.394	1.272527	1.279121	1.311355
00:00:00.394	1.273260	1.260073	1.300366
00:00:00.394	1.260073	1.265934	1.295238
00:00:00.395	1.267399	1.275458	1.288645
00:00:00.395	1.278388	1.254212	1.293040
00:00:00.395	1.317949	1.279121	1.307692
00:00:00.396	1.332601	1.303297	1.307692
00:00:00.396	1.332601	1.314286	1.316484
00:00:00.397	1.324542	1.288645	1.309890
00:00:00.397	1.335531	1.279853	1.309890
00:00:00.397	1.344322	1.313553	1.319414
00:00:00.398	1.335531	1.315751	1.317216
00:00:00.398	1.329670	1.316484	1.313553
00:00:00.398	1.322344	1.326740	1.313553
00:00:00.399	1.288645	1.298901	1.295238
00:00:00.399	1.280586	1.312088	1.298901
00:00:00.399	1.276923	1.308425	1.294505
00:00:00.400	1.266667	1.307692	1.295971
00:00:00.400	1.285714	1.331868	1.303297
00:00:00.401	1.288645	1.326740	1.299634
00:00:00.401	1.294505	1.318681	1.286447
00:00:00.401	1.303297	1.315018	1.288645
00:00:00.402	1.336996	1.309890	1.295238
00:00:00.402	1.347253	1.309158	1.307692
00:00:00.402	1.350183	1.311355	1.331868
00:00:00.403	1.352381	1.301832	1.342857
00:00:00.403	1.353114	1.305495	1.319414
00:00:00.403	1.329670	1.295238	1.316484
00:00:00.436	1.315018	1.287912	1.304762
00:00:00.436	1.310623	1.297436	1.272527
00:00:00.436	1.276923	1.287179	1.272527
00:00:00.437	1.254212	1.308425	1.312088
00:00:00.437	1.278388	1.309158	1.295238
00:00:00.437	1.284982	1.297436	1.314286
00:00:00.439	1.314286	1.319414	1.323077
00:00:00.439	1.313553	1.317949	1.268132
00:00:00.439	1.285714	1.298901	1.278388
00:00:00.439	1.301832	1.319414	1.326740
00:00:00.439	1.306227	1.306960	1.306960
00:00:00.443	1.315018	1.304029	1.333333
00:00:00.443	1.339194	1.310623	1.314286
00:00:00.443	1.331136	1.284982	1.239560
00:00:00.443	1.326740	1.282784	1.260806
00:00:00.443	1.337729	1.288645	1.290110
00:00:00.443	1.328938	1.295238	1.313553
00:00:00.443	1.324542	1.298901	1.345788
00:00:00.443	1.300366	1.298901	1.311355
00:00:00.443	1.287179	1.305495	1.291575
00:00:00.443	1.278388	1.312088	1.311355
00:00:00.443	1.282784	1.310623	1.310623
00:00:00.443	1.287179	1.306227	1.305495
00:00:00.448	1.268132	1.313553	1.306960
00:00:00.448	1.280586	1.318681	1.296703
00:00:00.448	1.291575	1.316484	1.276923
00:00:00.448	1.303297	1.294505	1.280586
00:00:00.448	1.343590	1.296703	1.307692
00:00:00.448	1.335531	1.302564	1.322344
00:00:00.448	1.324542	1.306227	1.361905
00:00:00.448	1.329670	1.303297	1.338462
00:00:00.448	1.336996	1.297436	1.318681
00:00:00.448	1.335531	1.300366	1.300366
00:00:00.448	1.331136	1.295971	1.275458
00:00:00.448	1.327473	1.278388	1.275458
00:00:00.448	1.329670	1.296703	1.279121
00:00:00.448	1.322344	1.299634	1.271062
00:00:00.449	1.294505	1.303297	1.282051
00:00:00.449	1.284249	1.308425	1.293040
00:00:00.450	1.273993	1.302564	1.286447
00:00:00.450	1.277656	1.318681	1.306227
00:00:00.450	1.271795	1.313553	1.309158
00:00:00.451	1.284982	1.315018	1.310623
00:00:00.451	1.295971	1.312088	1.311355
00:00:00.451	1.320879	1.313553	1.307692
00:00:00.452	1.336996	1.310623	1.313553
00:00:00.452	1.339927	1.299634	1.310623
00:00:00.452	1.351648	1.304762	1.317216
00:00:00.453	1.350916	1.295238	1.312821
00:00:00.453	1.342857	1.295238	1.312088
00:00:00.485	1.328205	1.293040	1.313553
00:00:00.486	1.315751	1.298168	1.308425
00:00:00.486	1.299634	1.295238	1.296703
00:00:00.486	1.284249	1.310623	1.306960
00:00:00.487	1.279121	1.311355	1.298901
00:00:00.487	1.273993	1.315018	1.305495
00:00:00.487	1.262271	1.312821	1.301832
00:00:00.488	1.268132	1.315018	1.301832
00:00:00.488	1.273993	1.315018	1.290110
00:00:00.488	1.295238	1.296703	1.297436
00:00:00.489	1.323810	1.309158	1.311355
00:00:00.489	1.317216	1.302564	1.309158
00:00:00.490	1.341392	1.306960	1.309158
00:00:00.490	1.349451	1.306227	1.307692
00:00:00.491	1.345788	1.295971	1.306960
00:00:00.491	1.347253	1.298168	1.304762
00:00:00.491	1.342125	1.293040	1.298901
00:00:00.491	1.328205	1.293040	1.305495
00:00:00.492	1.319414	1.295971	1.293040
00:00:00.492	1.302564	1.302564	1.296703
00:00:00.492	1.285714	1.309158	1.307692
00:00:00.493	1.280586	1.308425	1.301832
00:00:00.493	1.260073	1.304762	1.290110
00:00:00.493	1.268132	1.312821	1.292308
00:00:00.494	1.282784	1.312088	1.297436
00:00:00.494	1.276190	1.297436	1.297436
00:00:00.495	1.303297	1.314286	1.303297
00:00:00.495	1.308425	1.305495	1.282784
00:00:00.495	1.320879	1.304029	1.290842
00:00:00.496	1.346520	1.306960	1.309158
00:00:00.496	1.335531	1.291575	1.304029
00:00:00.496	1.356777	1.301832	1.341392
00:00:00.497	1.345055	1.295238	1.334799
00:00:00.497	1.339194	1.295238	1.304029
00:00:00.497	1.323810	1.298901	1.306227
00:00:00.498	1.314286	1.298168	1.308425
00:00:00.498	1.298168	1.297436	1.305495
00:00:00.499	1.284249	1.293773	1.298168
00:00:00.499	1.293040	1.304029	1.295238
00:00:00.499	1.227839	1.302564	1.286447
00:00:00.500	1.237363	1.312088	1.295238
00:00:00.500	1.275458	1.315018	1.291575
00:00:00.500	1.277656	1.307692	1.291575
00:00:00.501	1.308425	1.316484	1.300366
00:00:00.501	1.321612	1.312088	1.309890
00:00:00.501	1.331868	1.307692	1.300366
00:00:00.502	1.346520	1.315018	1.312821
00:00:00.502	1.350183	1.299634	1.299634
00:00:00.502	1.361905	1.299634	1.314286
00:00:00.505	1.345788	1.291575	1.305495
00:00:00.536	1.323810	1.282784	1.298901
00:00:00.536	1.325275	1.296703	1.311355
00:00:00.536	1.312088	1.297436	1.304762
00:00:00.536	1.284249	1.298168	1.299634
00:00:00.536	1.285714	1.306960	1.305495
00:00:00.537	1.272527	1.306960	1.293773
00:00:00.537	1.281319	1.321612	1.307692
00:00:00.537	1.279853	1.323077	1.306227
00:00:00.539	1.283516	1.307692	1.300366
00:00:00.539	1.292308	1.304762	1.303297
00:00:00.539	1.311355	1.315751	1.308425
00:00:00.539	1.320879	1.309158	1.295238
00:00:00.539	1.329670	1.304762	1.306960
00:00:00.544	1.340659	1.305495	1.309158
00:00:00.544	1.335531	1.301832	1.303297
00:00:00.544	1.342857	1.306227	1.326740
00:00:00.544	1.323810	1.287179	1.313553
00:00:00.544	1.337729	1.306960	1.321612
00:00:00.544	1.323810	1.297436	1.312821
00:00:00.544	1.318681	1.301832	1.305495
00:00:00.544	1.311355	1.309890	1.306227
00:00:00.544	1.288645	1.304029	1.304029
00:00:00.544	1.294505	1.310623	1.294505
00:00:00.544	1.268132	1.301099	1.276923
00:00:00.544	1.258608	1.318681	1.300366
00:00:00.544	1.272527	1.315751	1.315018
00:00:00.544	1.279853	1.306227	1.286447
00:00:00.545	1.299634	1.307692	1.293773
00:00:00.545	1.326740	1.311355	1.312088
00:00:00.545	1.338462	1.296703	1.307692
00:00:00.546	1.356044	1.307692	1.330403
00:00:00.546	1.365568	1.304762	1.315751
00:00:00.546	1.342125	1.282784	1.301832
00:00:00.547	1.349451	1.287912	1.295238
00:00:00.547	1.330403	1.293773	1.293040
00:00:00.547	1.302564	1.295971	1.288645
00:00:00.548	1.279121	1.306960	1.291575
00:00:00.548	1.280586	1.312088	1.302564
00:00:00.549	1.250549	1.311355	1.308425
00:00:00.549	1.273260	1.317216	1.306960
00:00:00.549	1.276923	1.313553	1.298168
00:00:00.550	1.282784	1.309890	1.298901
00:00:00.550	1.292308	1.319414	1.311355
00:00:00.550	1.306227	1.319414	1.308425
00:00:00.551	1.314286	1.310623	1.299634
00:00:00.551	1.342857	1.297436	1.299634
00:00:00.551	1.347253	1.301832	1.300366
00:00:00.552	1.347253	1.299634	1.310623
00:00:00.552	1.348718	1.297436	1.306227
00:00:00.553	1.345055	1.294505	1.305495
00:00:00.585	1.328205	1.293040	1.295238
00:00:00.585	1.321612	1.300366	1.317216
00:00:00.585	1.315018	1.306960	1.309890
00:00:00.586	1.296703	1.304029	1.294505
00:00:00.586	1.284249	1.316484	1.305495
00:00:00.586	1.279853	1.312088	1.297436
00:00:00.587	1.263004	1.302564	1.294505
00:00:00.587	1.265934	1.301832	1.289377
00:00:00.588	1.284249	1.315751	1.304029
00:00:00.588	1.279121	1.301832	1.295238
00:00:00.588	1.306960	1.312088	1.302564
00:00:00.589	1.320147	1.309158	1.306227
00:00:00.589	1.326740	1.304029	1.295971
00:00:00.589	1.338462	1.308425	1.309158
00:00:00.590	1.348718	1.303297	1.310623
00:00:00.590	1.352381	1.306227	1.319414
00:00:00.590	1.344322	1.301832	1.317949
00:00:00.591	1.335531	1.301832	1.315751
00:00:00.591	1.325275	1.307692	1.309158
00:00:00.591	1.309158	1.304762	1.292308
00:00:00.592	1.297436	1.309158	1.294505
00:00:00.592	1.286447	1.314286	1.300366
00:00:00.593	1.277656	1.315751	1.298168
00:00:00.593	1.268132	1.312088	1.284249
00:00:00.593	1.272527	1.314286	1.287179
00:00:00.594	1.271062	1.302564	1.291575
00:00:00.595	1.289377	1.301832	1.292308
00:00:00.595	1.311355	1.309890	1.304029
00:00:00.595	1.315751	1.301099	1.305495
00:00:00.595	1.331136	1.292308	1.299634
00:00:00.595	1.345788	1.292308	1.306960
00:00:00.596	1.339927	1.281319	1.306227
00:00:00.596	1.347253	1.281319	1.300366
00:00:00.596	1.336996	1.288645	1.300366
00:00:00.597	1.327473	1.299634	1.299634
00:00:00.597	1.324542	1.306960	1.305495
00:00:00.598	1.304029	1.296703	1.295971
00:00:00.598	1.285714	1.291575	1.312821
00:00:00.598	1.278388	1.300366	1.326007
00:00:00.599	1.276923	1.296703	1.299634
00:00:00.599	1.271062	1.300366	1.298168
00:00:00.599	1.273260	1.303297	1.298168
00:00:00.602	1.282784	1.309158	1.297436
00:00:00.602	1.292308	1.310623	1.297436
00:00:00.602	1.302564	1.315018	1.295971
00:00:00.602	1.324542	1.319414	1.297436
00:00:00.602	1.339927	1.323077	1.295238
00:00:00.602	1.336996	1.318681	1.307692
00:00:00.602	1.353114	1.320147	1.328205
00:00:00.602	1.353846	1.309890	1.340659
00:00:00.635	1.349451	1.309158	1.326740
00:00:00.635	1.335531	1.294505	1.304029
00:00:00.635	1.315018	1.295238	1.304029
00:00:00.635	1.302564	1.297436	1.300366
00:00:00.640	1.287179	1.290842	1.290842
00:00:00.640	1.273993	1.306960	1.295971
00:00:00.640	1.270330	1.301099	1.281319
00:00:00.640	1.273260	1.319414	1.286447
00:00:00.640	1.273993	1.320879	1.290110
00:00:00.640	1.288645	1.331136	1.299634
00:00:00.640	1.295238	1.311355	1.295971
00:00:00.640	1.297436	1.292308	1.284249
00:00:00.640	1.328205	1.298168	1.309158
00:00:00.640	1.334066	1.283516	1.304762
00:00:00.640	1.346520	1.286447	1.312088
00:00:00.640	1.345788	1.290842	1.315751
00:00:00.640	1.348718	1.301099	1.313553
00:00:00.640	1.336996	1.301832	1.307692
00:00:00.641	1.323077	1.306960	1.311355
00:00:00.641	1.312821	1.304029	1.310623
00:00:00.642	1.298168	1.304029	1.307692
00:00:00.642	1.284982	1.298901	1.304029
00:00:00.642	1.279121	1.298901	1.298168
00:00:00.643	1.272527	1.306227	1.304029
00:00:00.643	1.271795	1.306960	1.295971
00:00:00.643	1.273260	1.315751	1.303297
00:00:00.644	1.282051	1.318681	1.307692
00:00:00.644	1.290110	1.303297	1.294505
00:00:00.644	1.309890	1.318681	1.312088
00:00:00.645	1.325275	1.304762	1.306227
00:00:00.645	1.328205	1.295238	1.282051
00:00:00.645	1.353114	1.299634	1.307692
00:00:00.646	1.361905	1.292308	1.308425
00:00:00.646	1.353114	1.285714	1.300366
00:00:00.647	1.356044	1.289377	1.298901
00:00:00.647	1.331136	1.298901	1.306960
00:00:00.647	1.312088	1.303297	1.314286
00:00:00.648	1.298901	1.312821	1.311355
00:00:00.648	1.276923	1.318681	1.302564
00:00:00.648	1.274725	1.323077	1.307692
00:00:00.649	1.270330	1.321612	1.297436
00:00:00.649	1.273993	1.316484	1.286447
00:00:00.649	1.286447	1.331868	1.303297
00:00:00.650	1.295238	1.320147	1.298901
00:00:00.650	1.298901	1.306227	1.295238
00:00:00.650	1.328205	1.313553	1.312821
00:00:00.651	1.326740	1.304029	1.310623
00:00:00.651	1.322344	1.304762	1.315018
00:00:00.652	1.350916	1.304029	1.314286
00:00:00.652	1.335531	1.300366	1.323810
00:00:00.684	1.324542	1.286447	1.315018
00:00:00.684	1.327473	1.297436	1.325275
00:00:00.685	1.320147	1.293040	1.312088
00:00:00.685	1.306960	1.290110	1.300366
00:00:00.686	1.299634	1.298901	1.294505
00:00:00.686	1.285714	1.287179	1.294505
00:00:00.686	1.290842	1.295971	1.284982
00:00:00.687	1.285714	1.306960	1.286447
00:00:00.687	1.275458	1.295238	1.280586
00:00:00.687	1.280586	1.312821	1.298901
00:00:00.688	1.284249	1.314286	1.306227
00:00:00.688	1.281319	1.306227	1.309158
00:00:00.688	1.320147	1.312088	1.309158
00:00:00.689	1.312088	1.301832	1.306227
00:00:00.689	1.348718	1.307692	1.309158
00:00:00.689	1.353846	1.300366	1.312821
00:00:00.690	1.353846	1.300366	1.318681
00:00:00.690	1.335531	1.293773	1.312088
00:00:00.691	1.340659	1.291575	1.306960
00:00:00.691	1.315018	1.298168	1.312088
00:00:00.691	1.306227	1.310623	1.311355
00:00:00.692	1.294505	1.316484	1.305495
00:00:00.692	1.279853	1.315751	1.304762
00:00:00.692	1.278388	1.323077	1.298901
00:00:00.693	1.281319	1.335531	1.302564
00:00:00.693	1.276923	1.322344	1.299634
00:00:00.693	1.285714	1.315018	1.300366
00:00:00.694	1.296703	1.298168	1.288645
00:00:00.694	1.306960	1.308425	1.300366
00:00:00.694	1.325275	1.298168	1.309890
00:00:00.695	1.325275	1.288645	1.299634
00:00:00.695	1.350183	1.293773	1.312088
00:00:00.697	1.348718	1.287912	1.320879
00:00:00.697	1.328205	1.293773	1.317949
00:00:00.697	1.329670	1.301099	1.312088
00:00:00.698	1.336264	1.315018	1.315751
00:00:00.698	1.306960	1.300366	1.305495
00:00:00.698	1.307692	1.297436	1.300366
00:00:00.698	1.288645	1.306960	1.304762
00:00:00.698	1.279853	1.315751	1.299634
00:00:00.698	1.278388	1.316484	1.299634
00:00:00.700	1.271795	1.320147	1.292308
00:00:00.700	1.282051	1.320879	1.298168
00:00:00.700	1.292308	1.317949	1.299634
00:00:00.700	1.306960	1.315018	1.297436
00:00:00.700	1.319414	1.307692	1.306960
00:00:00.704	1.323810	1.286447	1.305495
00:00:00.704	1.335531	1.288645	1.297436
00:00:00.704	1.342857	1.287179	1.307692
00:00:00.704	1.350916	1.285714	1.304029
00:00:00.737	1.342125	1.295238	1.308425
00:00:00.737	1.341392	1.308425	1.312821
00:00:00.737	1.320879	1.300366	1.309158
00:00:00.737	1.304029	1.282784	1.297436
00:00:00.737	1.311355	1.288645	1.317216
00:00:00.737	1.287179	1.287179	1.301832
00:00:00.737	1.270330	1.304029	1.300366
00:00:00.737	1.276190	1.328205	1.305495
00:00:00.737	1.273993	1.328938	1.298168
00:00:00.737	1.276923	1.328205	1.284249
00:00:00.737	1.292308	1.338462	1.305495
00:00:00.738	1.300366	1.327473	1.301832
00:00:00.738	1.306227	1.305495	1.291575
00:00:00.738	1.328205	1.315751	1.308425
00:00:00.739	1.325275	1.299634	1.304029
00:00:00.739	1.336264	1.287179	1.307692
00:00:00.740	1.344322	1.286447	1.302564
00:00:00.740	1.340659	1.285714	1.311355
00:00:00.740	1.320879	1.273993	1.304762
00:00:00.741	1.325275	1.280586	1.312821
00:00:00.741	1.308425	1.276923	1.300366
00:00:00.741	1.293040	1.281319	1.299634
00:00:00.742	1.287912	1.294505	1.295971
00:00:00.742	1.291575	1.323810	1.301832
00:00:00.742	1.282784	1.324542	1.300366
