timestamp	ch1	ch2	ch3
00:00:00.000	1.341392	1.312821	1.305495
00:00:00.000	1.295971	1.307692	1.312088
00:00:00.000	1.288645	1.313553	1.315751
00:00:00.000	1.284249	1.317949	1.326007
00:00:00.000	1.276190	1.309890	1.347253
00:00:00.000	1.246154	1.309890	1.332601
00:00:00.000	1.257143	1.284249	1.297436
00:00:00.004	1.292308	1.287179	1.297436
00:00:00.004	1.369963	1.303297	1.294505
00:00:00.004	1.291575	1.292308	1.285714
00:00:00.004	1.326007	1.298901	1.292308
00:00:00.004	1.323810	1.322344	1.285714
00:00:00.004	1.315751	1.320879	1.276923
00:00:00.004	1.264469	1.321612	1.304029
00:00:00.004	1.301832	1.312821	1.315751
00:00:00.004	1.312088	1.323077	1.342125
00:00:00.004	1.316484	1.306227	1.345788
00:00:00.004	1.326740	1.311355	1.336264
00:00:00.005	1.290110	1.308425	1.336264
00:00:00.005	1.298901	1.301832	1.279121
00:00:00.005	1.316484	1.302564	1.168498
00:00:00.006	1.312088	1.298168	1.235165
00:00:00.006	1.309158	1.297436	1.281319
00:00:00.006	1.319414	1.295238	1.286447
00:00:00.007	1.310623	1.291575	1.300366
00:00:00.007	1.322344	1.307692	1.330403
00:00:00.007	1.324542	1.298168	1.320879
00:00:00.008	1.306960	1.304762	1.328205
00:00:00.008	1.312088	1.309890	1.323077
00:00:00.009	1.309890	1.306227	1.320147
00:00:00.009	1.310623	1.312088	1.317216
00:00:00.009	1.315018	1.311355	1.320147
00:00:00.010	1.310623	1.285714	1.307692
00:00:00.010	1.303297	1.293773	1.317216
00:00:00.010	1.310623	1.285714	1.305495
00:00:00.011	1.315018	1.279853	1.308425
00:00:00.011	1.321612	1.312088	1.296703
00:00:00.011	1.322344	1.341392	1.291575
00:00:00.012	1.308425	1.343590	1.296703
00:00:00.012	1.310623	1.332601	1.298901
00:00:00.012	1.316484	1.323810	1.314286
00:00:00.013	1.314286	1.311355	1.311355
00:00:00.013	1.308425	1.305495	1.315018
00:00:00.014	1.295971	1.290110	1.300366
00:00:00.014	1.290842	1.285714	1.305495
00:00:00.014	1.304762	1.317949	1.304762
00:00:00.015	1.311355	1.352381	1.312088
00:00:00.015	1.315018	1.345055	1.312088
00:00:00.015	1.314286	1.314286	1.299634
00:00:00.016	1.306960	1.287912	1.306227
00:00:00.049	1.316484	1.273260	1.302564
00:00:00.049	1.312088	1.244689	1.291575
00:00:00.049	1.316484	1.267399	1.302564
00:00:00.049	1.317949	1.269597	1.306227
00:00:00.049	1.316484	1.291575	1.303297
00:00:00.050	1.317216	1.316484	1.310623
00:00:00.050	1.311355	1.304029	1.306227
00:00:00.050	1.310623	1.309890	1.321612
00:00:00.051	1.310623	1.323810	1.320879
00:00:00.051	1.309158	1.328205	1.317216
00:00:00.051	1.312088	1.320879	1.279853
00:00:00.052	1.306960	1.309890	1.290110
00:00:00.052	1.301832	1.317949	1.288645
00:00:00.053	1.309158	1.333333	1.301832
00:00:00.053	1.310623	1.301832	1.306960
00:00:00.053	1.304762	1.298901	1.310623
00:00:00.054	1.309158	1.308425	1.304762
00:00:00.054	1.315751	1.315018	1.306227
00:00:00.054	1.310623	1.299634	1.298168
00:00:00.055	1.316484	1.309158	1.309158
00:00:00.055	1.312088	1.309890	1.306227
00:00:00.055	1.309158	1.308425	1.306227
00:00:00.056	1.306960	1.290842	1.292308
00:00:00.056	1.319414	1.312088	1.310623
00:00:00.056	1.312821	1.320147	1.304029
00:00:00.057	1.302564	1.320147	1.304029
00:00:00.057	1.298901	1.310623	1.297436
00:00:00.058	1.319414	1.311355	1.316484
00:00:00.058	1.309158	1.301099	1.305495
00:00:00.058	1.308425	1.302564	1.304029
00:00:00.059	1.306960	1.292308	1.295238
00:00:00.059	1.306960	1.302564	1.302564
00:00:00.059	1.314286	1.311355	1.305495
00:00:00.061	1.315018	1.314286	1.300366
00:00:00.061	1.310623	1.310623	1.300366
00:00:00.061	1.309890	1.303297	1.303297
00:00:00.063	1.315751	1.281319	1.303297
00:00:00.063	1.320147	1.265934	1.304029
00:00:00.063	1.306960	1.281319	1.293040
00:00:00.063	1.309890	1.344322	1.311355
00:00:00.063	1.309158	1.360440	1.303297
00:00:00.063	1.313553	1.323810	1.305495
00:00:00.063	1.309158	1.288645	1.310623
00:00:00.063	1.320147	1.315018	1.313553
00:00:00.067	1.313553	1.311355	1.308425
00:00:00.067	1.312821	1.311355	1.312821
00:00:00.067	1.316484	1.323077	1.315018
00:00:00.067	1.304762	1.303297	1.310623
00:00:00.067	1.318681	1.270330	1.310623
00:00:00.067	1.314286	1.263736	1.291575
00:00:00.099	1.311355	1.290842	1.290110
00:00:00.099	1.309890	1.313553	1.299634
00:00:00.099	1.318681	1.323810	1.306227
00:00:00.099	1.309890	1.319414	1.300366
00:00:00.099	1.307692	1.304029	1.306227
00:00:00.099	1.312088	1.309158	1.306227
00:00:00.100	1.317949	1.302564	1.302564
00:00:00.101	1.298901	1.299634	1.293040
00:00:00.101	1.300366	1.338462	1.312088
00:00:00.101	1.314286	1.334066	1.298901
00:00:00.101	1.310623	1.356044	1.301832
00:00:00.102	1.304029	1.365568	1.304029
00:00:00.102	1.294505	1.360440	1.300366
00:00:00.102	1.311355	1.312088	1.312088
00:00:00.103	1.307692	1.265934	1.304029
00:00:00.103	1.311355	1.280586	1.309158
00:00:00.103	1.318681	1.278388	1.313553
00:00:00.104	1.300366	1.286447	1.292308
00:00:00.104	1.298901	1.355311	1.301832
00:00:00.104	1.298168	1.315018	1.300366
00:00:00.105	1.315018	1.308425	1.304029
00:00:00.105	1.312821	1.243956	1.304029
00:00:00.105	1.297436	1.083516	1.289377
00:00:00.106	1.300366	1.137729	1.303297
00:00:00.106	1.324542	1.273260	1.308425
00:00:00.107	1.348718	1.352381	1.309158
00:00:00.107	1.329670	1.368498	1.303297
00:00:00.107	1.323810	1.356044	1.306960
00:00:00.108	1.312088	1.340659	1.306227
00:00:00.108	1.306960	1.312088	1.295238
00:00:00.108	1.309890	1.315751	1.313553
00:00:00.109	1.309158	1.320879	1.310623
00:00:00.109	1.299634	1.305495	1.304029
00:00:00.109	1.317216	1.327473	1.312088
00:00:00.110	1.314286	1.330403	1.309890
00:00:00.110	1.307692	1.317949	1.309890
00:00:00.110	1.321612	1.311355	1.314286
00:00:00.111	1.307692	1.306227	1.293773
00:00:00.111	1.310623	1.335531	1.309890
00:00:00.112	1.312821	1.356044	1.304762
00:00:00.112	1.304029	1.336264	1.298168
00:00:00.112	1.313553	1.326007	1.307692
00:00:00.113	1.309158	1.310623	1.295238
00:00:00.113	1.300366	1.300366	1.299634
00:00:00.113	1.315751	1.290842	1.308425
00:00:00.114	1.306227	1.283516	1.298168
00:00:00.114	1.306227	1.286447	1.304762
00:00:00.114	1.308425	1.279121	1.306960
00:00:00.115	1.301099	1.286447	1.302564
00:00:00.115	1.310623	1.326740	1.309158
00:00:00.147	1.319414	1.318681	1.305495
00:00:00.148	1.315018	1.334066	1.305495
00:00:00.148	1.320879	1.356777	1.307692
00:00:00.148	1.313553	1.378022	1.300366
00:00:00.149	1.317949	1.356044	1.302564
00:00:00.149	1.315751	1.288645	1.300366
00:00:00.149	1.306960	1.205128	1.298168
00:00:00.150	1.309890	1.184615	1.303297
00:00:00.150	1.308425	1.205861	1.304762
00:00:00.151	1.309890	1.283516	1.312088
00:00:00.151	1.313553	1.332601	1.309890
00:00:00.151	1.310623	1.340659	1.310623
00:00:00.152	1.313553	1.347985	1.313553
00:00:00.152	1.308425	1.332601	1.312821
00:00:00.153	1.308425	1.329670	1.307692
00:00:00.153	1.304029	1.314286	1.300366
00:00:00.153	1.315751	1.320879	1.306227
00:00:00.153	1.302564	1.313553	1.298901
00:00:00.154	1.317216	1.317216	1.304762
00:00:00.154	1.304762	1.290110	1.284249
00:00:00.154	1.312088	1.290110	1.282784
00:00:00.155	1.318681	1.304029	1.305495
00:00:00.155	1.298168	1.295971	1.295238
00:00:00.156	1.315018	1.317216	1.308425
00:00:00.156	1.304029	1.318681	1.308425
00:00:00.156	1.295238	1.302564	1.300366
00:00:00.160	1.309890	1.307692	1.313553
00:00:00.160	1.312088	1.306227	1.303297
00:00:00.160	1.312088	1.299634	1.311355
00:00:00.160	1.317949	1.300366	1.311355
00:00:00.160	1.309158	1.295971	1.304762
00:00:00.160	1.310623	1.330403	1.304029
00:00:00.160	1.320147	1.336996	1.311355
00:00:00.160	1.305495	1.298168	1.300366
00:00:00.160	1.312088	1.287912	1.303297
00:00:00.160	1.314286	1.288645	1.304029
00:00:00.160	1.318681	1.300366	1.308425
00:00:00.164	1.322344	1.299634	1.320879
00:00:00.164	1.303297	1.298901	1.304029
00:00:00.164	1.313553	1.333333	1.306227
00:00:00.164	1.309158	1.351648	1.300366
00:00:00.164	1.310623	1.345055	1.298168
00:00:00.164	1.312821	1.326740	1.304029
00:00:00.164	1.315751	1.312821	1.309158
00:00:00.164	1.309158	1.294505	1.309890
00:00:00.164	1.312088	1.279121	1.307692
00:00:00.164	1.310623	1.281319	1.312088
00:00:00.164	1.307692	1.286447	1.300366
00:00:00.164	1.307692	1.301832	1.312821
00:00:00.166	1.309158	1.309890	1.300366
00:00:00.197	1.312821	1.305495	1.306960
00:00:00.197	1.318681	1.309158	1.309158
00:00:00.198	1.319414	1.304029	1.295238
00:00:00.198	1.301832	1.286447	1.279853
00:00:00.198	1.320879	1.304029	1.306227
00:00:00.199	1.309158	1.312821	1.305495
00:00:00.199	1.326740	1.330403	1.312088
00:00:00.200	1.317216	1.316484	1.308425
00:00:00.200	1.315751	1.318681	1.304029
00:00:00.200	1.304762	1.303297	1.296703
00:00:00.201	1.309158	1.320879	1.304029
00:00:00.201	1.311355	1.315751	1.298168
00:00:00.201	1.302564	1.307692	1.303297
00:00:00.202	1.312088	1.310623	1.298901
00:00:00.202	1.311355	1.307692	1.312821
00:00:00.202	1.308425	1.294505	1.309158
00:00:00.203	1.311355	1.279121	1.316484
00:00:00.203	1.308425	1.277656	1.314286
00:00:00.203	1.306960	1.303297	1.315751
00:00:00.204	1.309158	1.311355	1.304762
00:00:00.204	1.326740	1.305495	1.308425
00:00:00.205	1.327473	1.310623	1.306960
00:00:00.205	1.317949	1.323077	1.314286
00:00:00.205	1.315751	1.323077	1.304029
00:00:00.206	1.317949	1.315751	1.307692
00:00:00.206	1.312821	1.314286	1.298168
00:00:00.206	1.299634	1.324542	1.296703
00:00:00.207	1.310623	1.317216	1.300366
00:00:00.207	1.310623	1.326007	1.306960
00:00:00.207	1.314286	1.344322	1.304762
00:00:00.208	1.305495	1.312088	1.298901
00:00:00.208	1.310623	1.271062	1.295971
00:00:00.208	1.311355	1.242491	1.296703
00:00:00.209	1.309890	1.306227	1.302564
00:00:00.209	1.300366	1.309158	1.292308
00:00:00.210	1.312088	1.319414	1.296703
00:00:00.210	1.319414	1.278388	1.316484
00:00:00.210	1.304762	1.275458	1.304029
00:00:00.211	1.318681	1.295238	1.317949
00:00:00.211	1.312088	1.282784	1.305495
00:00:00.211	1.316484	1.271795	1.304762
00:00:00.212	1.306960	1.275458	1.293040
00:00:00.212	1.311355	1.352381	1.292308
00:00:00.212	1.309158	1.407326	1.292308
00:00:00.213	1.315751	1.388278	1.307692
00:00:00.213	1.316484	1.327473	1.308425
00:00:00.213	1.308425	1.287179	1.306960
00:00:00.214	1.309158	1.287179	1.312821
00:00:00.214	1.303297	1.259341	1.310623
00:00:00.215	1.315751	1.244689	1.309890
00:00:00.247	1.313553	1.255678	1.311355
00:00:00.247	1.315751	1.298901	1.306960
00:00:00.247	1.314286	1.335531	1.308425
00:00:00.248	1.310623	1.341392	1.305495
00:00:00.248	1.306227	1.345788	1.303297
00:00:00.249	1.314286	1.341392	1.305495
00:00:00.249	1.312088	1.315018	1.297436
00:00:00.249	1.311355	1.291575	1.307692
00:00:00.250	1.313553	1.249817	1.304029
00:00:00.250	1.297436	1.253480	1.299634
00:00:00.250	1.314286	1.321612	1.309890
00:00:00.251	1.301099	1.324542	1.295238
00:00:00.251	1.298901	1.330403	1.304029
00:00:00.251	1.315018	1.333333	1.309890
00:00:00.252	1.313553	1.350183	1.309890
00:00:00.252	1.304029	1.348718	1.306960
00:00:00.252	1.307692	1.324542	1.310623
00:00:00.254	1.298168	1.293773	1.296703
00:00:00.254	1.318681	1.284982	1.312821
00:00:00.254	1.313553	1.282051	1.309158
00:00:00.254	1.315018	1.289377	1.309890
00:00:00.254	1.323077	1.309890	1.306227
00:00:00.256	1.321612	1.329670	1.306960
00:00:00.256	1.316484	1.328938	1.304762
00:00:00.256	1.312088	1.304029	1.300366
00:00:00.256	1.316484	1.296703	1.305495
00:00:00.259	1.315018	1.280586	1.304762
00:00:00.259	1.312088	1.292308	1.306227
00:00:00.259	1.321612	1.350916	1.315018
00:00:00.259	1.303297	1.339194	1.300366
00:00:00.259	1.311355	1.317216	1.306960
00:00:00.259	1.317216	1.320879	1.314286
00:00:00.259	1.302564	1.319414	1.309890
00:00:00.259	1.317216	1.312088	1.315751
00:00:00.259	1.311355	1.282784	1.303297
00:00:00.259	1.307692	1.304762	1.307692
00:00:00.260	1.301832	1.279121	1.298168
00:00:00.260	1.312821	1.273260	1.312821
00:00:00.260	1.303297	1.272527	1.291575
00:00:00.261	1.316484	1.323077	1.299634
00:00:00.261	1.315018	1.316484	1.304762
00:00:00.261	1.303297	1.298168	1.300366
00:00:00.262	1.297436	1.293040	1.301832
00:00:00.262	1.296703	1.306227	1.294505
00:00:00.262	1.312088	1.281319	1.306960
00:00:00.263	1.300366	1.284249	1.304762
00:00:00.263	1.300366	1.309890	1.305495
00:00:00.264	1.311355	1.326007	1.296703
00:00:00.264	1.307692	1.326740	1.296703
00:00:00.264	1.312821	1.334066	1.303297
00:00:00.296	1.309890	1.315751	1.307692
00:00:00.297	1.313553	1.299634	1.309158
00:00:00.297	1.316484	1.305495	1.310623
00:00:00.298	1.314286	1.300366	1.308425
00:00:00.298	1.315018	1.293773	1.303297
00:00:00.298	1.315018	1.304029	1.311355
00:00:00.299	1.312088	1.309890	1.298168
00:00:00.299	1.318681	1.323077	1.312821
00:00:00.299	1.303297	1.303297	1.300366
00:00:00.300	1.309158	1.312821	1.309158
00:00:00.300	1.310623	1.339194	1.304762
00:00:00.300	1.295238	1.327473	1.300366
00:00:00.301	1.310623	1.324542	1.308425
00:00:00.301	1.314286	1.302564	1.305495
00:00:00.301	1.315018	1.287912	1.309890
00:00:00.302	1.306227	1.268864	1.300366
00:00:00.302	1.310623	1.270330	1.306227
00:00:00.303	1.308425	1.271795	1.304029
00:00:00.303	1.309158	1.290842	1.308425
00:00:00.303	1.312088	1.307692	1.308425
00:00:00.304	1.312821	1.320879	1.300366
00:00:00.304	1.318681	1.336996	1.306960
00:00:00.304	1.317216	1.320879	1.294505
00:00:00.305	1.325275	1.328205	1.314286
00:00:00.305	1.309158	1.319414	1.305495
00:00:00.305	1.310623	1.310623	1.300366
00:00:00.306	1.306227	1.310623	1.306227
00:00:00.306	1.311355	1.302564	1.309890
00:00:00.306	1.306227	1.296703	1.306227
00:00:00.307	1.310623	1.304762	1.307692
00:00:00.307	1.308425	1.320879	1.308425
00:00:00.308	1.312088	1.334066	1.306227
00:00:00.308	1.308425	1.334799	1.305495
00:00:00.308	1.309890	1.320147	1.304029
00:00:00.309	1.316484	1.307692	1.304762
00:00:00.310	1.312088	1.298168	1.304762
00:00:00.310	1.318681	1.302564	1.304762
00:00:00.310	1.309158	1.300366	1.293040
00:00:00.310	1.315751	1.273993	1.293773
00:00:00.310	1.318681	1.255678	1.306960
00:00:00.311	1.306227	1.242491	1.297436
00:00:00.311	1.312088	1.293040	1.309890
00:00:00.311	1.310623	1.290842	1.304029
00:00:00.312	1.304762	1.315751	1.300366
00:00:00.312	1.319414	1.342125	1.312821
00:00:00.313	1.306960	1.332601	1.303297
00:00:00.313	1.315751	1.277656	1.307692
00:00:00.313	1.304762	1.277656	1.313553
00:00:00.314	1.311355	1.312088	1.306960
00:00:00.314	1.304762	1.331136	1.301832
00:00:00.346	1.309158	1.378755	1.311355
00:00:00.347	1.305495	1.402198	1.306227
00:00:00.347	1.317949	1.380220	1.310623
00:00:00.347	1.304762	1.290842	1.309890
00:00:00.348	1.315018	1.257143	1.306227
00:00:00.348	1.307692	1.245421	1.304029
00:00:00.348	1.320147	1.279121	1.312088
00:00:00.350	1.320879	1.276190	1.304029
00:00:00.350	1.312088	1.287179	1.298901
00:00:00.350	1.315751	1.301099	1.307692
00:00:00.350	1.315018	1.343590	1.306960
00:00:00.350	1.306960	1.352381	1.309890
00:00:00.350	1.317216	1.323077	1.309890
00:00:00.352	1.298168	1.304029	1.293773
00:00:00.352	1.312088	1.312821	1.309890
00:00:00.352	1.308425	1.309890	1.309890
00:00:00.352	1.296703	1.295971	1.298168
00:00:00.352	1.309158	1.306227	1.304029
00:00:00.356	1.314286	1.309890	1.312821
00:00:00.356	1.304029	1.298901	1.293773
00:00:00.356	1.314286	1.304029	1.295971
00:00:00.356	1.314286	1.304762	1.311355
00:00:00.356	1.305495	1.295971	1.306227
00:00:00.356	1.315018	1.304029	1.309158
00:00:00.356	1.316484	1.304029	1.302564
00:00:00.356	1.313553	1.297436	1.298901
00:00:00.356	1.317949	1.313553	1.307692
00:00:00.356	1.315018	1.316484	1.309890
00:00:00.356	1.300366	1.306960	1.306960
00:00:00.357	1.302564	1.304029	1.300366
00:00:00.358	1.312088	1.314286	1.301099
00:00:00.358	1.312088	1.320879	1.312821
00:00:00.358	1.310623	1.323077	1.312088
00:00:00.359	1.313553	1.320879	1.312821
00:00:00.359	1.306227	1.312088	1.312088
00:00:00.359	1.305495	1.293040	1.292308
00:00:00.359	1.307692	1.276190	1.285714
00:00:00.359	1.320879	1.279853	1.312088
00:00:00.360	1.315018	1.285714	1.308425
00:00:00.360	1.315751	1.290842	1.307692
00:00:00.360	1.317949	1.307692	1.305495
00:00:00.361	1.316484	1.332601	1.309158
00:00:00.362	1.308425	1.338462	1.305495
00:00:00.362	1.316484	1.342125	1.305495
00:00:00.362	1.311355	1.351648	1.295971
00:00:00.362	1.310623	1.358974	1.306227
00:00:00.363	1.308425	1.336264	1.304029
00:00:00.363	1.305495	1.295238	1.298901
00:00:00.363	1.309890	1.351648	1.312088
00:00:00.364	1.309890	1.370696	1.311355
00:00:00.396	1.319414	1.336996	1.314286
00:00:00.396	1.311355	1.304762	1.306960
00:00:00.397	1.306227	1.252015	1.295971
00:00:00.397	1.313553	1.195604	1.304029
00:00:00.397	1.328938	1.235165	1.311355
00:00:00.398	1.322344	1.205861	1.308425
00:00:00.398	1.309158	1.141392	1.295238
00:00:00.398	1.306960	1.216117	1.304762
00:00:00.399	1.311355	1.241758	1.304029
00:00:00.399	1.314286	1.289377	1.300366
00:00:00.399	1.314286	1.339927	1.300366
00:00:00.400	1.309158	1.360440	1.302564
00:00:00.400	1.308425	1.361172	1.302564
00:00:00.401	1.307692	1.362637	1.306227
00:00:00.401	1.295971	1.353846	1.299634
00:00:00.401	1.300366	1.344322	1.300366
00:00:00.402	1.309158	1.347253	1.314286
00:00:00.402	1.302564	1.334066	1.303297
00:00:00.402	1.314286	1.340659	1.304762
00:00:00.403	1.318681	1.335531	1.312821
00:00:00.403	1.315751	1.321612	1.303297
00:00:00.403	1.310623	1.313553	1.304762
00:00:00.404	1.306960	1.301099	1.303297
00:00:00.404	1.311355	1.293773	1.295238
00:00:00.404	1.313553	1.312821	1.310623
00:00:00.405	1.317216	1.318681	1.306960
00:00:00.405	1.315751	1.317216	1.304762
00:00:00.406	1.306227	1.315018	1.304762
00:00:00.406	1.311355	1.307692	1.306960
00:00:00.406	1.303297	1.287912	1.293040
00:00:00.407	1.307692	1.301832	1.307692
00:00:00.407	1.310623	1.309890	1.306227
00:00:00.407	1.307692	1.305495	1.308425
00:00:00.408	1.309890	1.302564	1.303297
00:00:00.408	1.312821	1.312088	1.310623
00:00:00.408	1.320147	1.323810	1.310623
00:00:00.409	1.318681	1.321612	1.305495
00:00:00.409	1.307692	1.304762	1.295971
00:00:00.409	1.317949	1.305495	1.315018
00:00:00.410	1.316484	1.304762	1.308425
00:00:00.410	1.317949	1.304762	1.312821
00:00:00.411	1.315751	1.298901	1.309158
00:00:00.411	1.312088	1.308425	1.302564
00:00:00.411	1.314286	1.312821	1.306227
00:00:00.415	1.312821	1.314286	1.304762
00:00:00.415	1.312821	1.315751	1.306227
00:00:00.415	1.309890	1.306227	1.300366
00:00:00.415	1.312088	1.304762	1.309890
00:00:00.415	1.307692	1.305495	1.306960
00:00:00.415	1.307692	1.310623	1.308425
00:00:00.447	1.312088	1.315018	1.308425
00:00:00.447	1.317216	1.309890	1.311355
00:00:00.447	1.312088	1.297436	1.305495
00:00:00.447	1.313553	1.303297	1.303297
00:00:00.447	1.306227	1.302564	1.293773
00:00:00.447	1.312821	1.309158	1.306960
00:00:00.451	1.315751	1.310623	1.309890
00:00:00.451	1.316484	1.305495	1.298168
00:00:00.451	1.306227	1.293040	1.305495
00:00:00.451	1.323810	1.300366	1.306227
00:00:00.451	1.311355	1.287912	1.304029
00:00:00.451	1.311355	1.296703	1.312088
00:00:00.451	1.313553	1.315751	1.307692
00:00:00.451	1.301832	1.332601	1.298901
00:00:00.451	1.315018	1.339194	1.312821
00:00:00.451	1.310623	1.330403	1.304762
00:00:00.451	1.297436	1.304762	1.304762
00:00:00.452	1.315751	1.304762	1.312821
00:00:00.452	1.302564	1.300366	1.300366
00:00:00.452	1.317216	1.301832	1.315018
00:00:00.453	1.309158	1.290842	1.302564
00:00:00.453	1.308425	1.340659	1.309158
00:00:00.453	1.313553	1.380220	1.309158
00:00:00.454	1.315751	1.305495	1.308425
00:00:00.454	1.315018	1.253480	1.294505
00:00:00.455	1.325275	1.310623	1.310623
00:00:00.455	1.326740	1.330403	1.306227
00:00:00.455	1.310623	1.273993	1.304762
00:00:00.456	1.307692	1.200000	1.298168
00:00:00.456	1.306227	1.197802	1.293040
00:00:00.456	1.300366	1.231502	1.306960
00:00:00.457	1.312821	1.289377	1.308425
00:00:00.457	1.305495	1.339194	1.309158
00:00:00.457	1.323810	1.372894	1.314286
00:00:00.458	1.315018	1.356044	1.308425
00:00:00.458	1.304029	1.331868	1.303297
00:00:00.458	1.314286	1.327473	1.306960
00:00:00.459	1.304762	1.312821	1.300366
00:00:00.459	1.318681	1.324542	1.312821
00:00:00.460	1.315751	1.314286	1.302564
00:00:00.460	1.301099	1.305495	1.293040
00:00:00.460	1.311355	1.317216	1.304029
00:00:00.461	1.301099	1.309158	1.300366
00:00:00.461	1.308425	1.317216	1.310623
00:00:00.461	1.315018	1.320147	1.306227
00:00:00.462	1.301832	1.298168	1.296703
00:00:00.462	1.314286	1.311355	1.311355
00:00:00.462	1.308425	1.312821	1.305495
00:00:00.463	1.293773	1.305495	1.291575
00:00:00.463	1.311355	1.321612	1.307692
00:00:00.495	1.309890	1.341392	1.305495
00:00:00.496	1.312088	1.336996	1.306960
00:00:00.496	1.317949	1.316484	1.310623
00:00:00.496	1.314286	1.293040	1.309158
00:00:00.497	1.318681	1.288645	1.309890
00:00:00.497	1.312088	1.271795	1.303297
00:00:00.498	1.316484	1.259341	1.303297
00:00:00.498	1.312821	1.273260	1.312821
00:00:00.498	1.310623	1.298901	1.305495
00:00:00.499	1.314286	1.325275	1.304762
00:00:00.499	1.314286	1.356777	1.298901
00:00:00.499	1.298168	1.342125	1.300366
00:00:00.500	1.308425	1.321612	1.300366
00:00:00.500	1.309158	1.305495	1.299634
00:00:00.500	1.299634	1.285714	1.299634
00:00:00.501	1.312821	1.291575	1.308425
00:00:00.501	1.298901	1.252747	1.305495
00:00:00.501	1.301832	1.247619	1.295971
00:00:00.502	1.311355	1.330403	1.307692
00:00:00.502	1.302564	1.347253	1.306227
00:00:00.502	1.316484	1.369231	1.312821
00:00:00.503	1.317216	1.355311	1.309158
00:00:00.503	1.311355	1.329670	1.302564
00:00:00.505	1.317949	1.288645	1.305495
00:00:00.505	1.317949	1.253480	1.309890
00:00:00.505	1.317216	1.262271	1.306227
00:00:00.505	1.310623	1.278388	1.293773
00:00:00.505	1.311355	1.276923	1.289377
00:00:00.505	1.310623	1.304762	1.295971
00:00:00.506	1.306227	1.335531	1.309158
00:00:00.506	1.309890	1.292308	1.298168
00:00:00.506	1.317216	1.273993	1.309158
00:00:00.507	1.311355	1.261538	1.306227
00:00:00.507	1.310623	1.258608	1.310623
00:00:00.507	1.315018	1.289377	1.311355
00:00:00.510	1.316484	1.320147	1.311355
00:00:00.510	1.317949	1.323810	1.312088
00:00:00.510	1.304029	1.303297	1.304762
00:00:00.510	1.320879	1.328938	1.310623
00:00:00.510	1.314286	1.334066	1.302564
00:00:00.510	1.302564	1.324542	1.304029
00:00:00.510	1.317949	1.328205	1.304762
00:00:00.510	1.315018	1.321612	1.298168
00:00:00.512	1.312821	1.324542	1.308425
00:00:00.512	1.309890	1.320147	1.301832
00:00:00.512	1.311355	1.322344	1.302564
00:00:00.512	1.312088	1.326007	1.301832
00:00:00.512	1.302564	1.312821	1.298168
00:00:00.512	1.309158	1.309158	1.302564
00:00:00.516	1.312821	1.309890	1.308425
00:00:00.547	1.313553	1.307692	1.304762
00:00:00.547	1.302564	1.299634	1.306960
00:00:00.547	1.315018	1.312821	1.308425
00:00:00.547	1.315751	1.318681	1.306227
00:00:00.547	1.312088	1.288645	1.296703
00:00:00.547	1.320147	1.292308	1.305495
00:00:00.547	1.302564	1.271795	1.293773
00:00:00.548	1.320879	1.301832	1.309158
00:00:00.548	1.319414	1.313553	1.306227
00:00:00.548	1.318681	1.336996	1.311355
00:00:00.549	1.320879	1.339194	1.309158
00:00:00.549	1.311355	1.323077	1.306227
00:00:00.550	1.303297	1.303297	1.293773
00:00:00.550	1.311355	1.300366	1.311355
00:00:00.550	1.309890	1.295971	1.306227
00:00:00.550	1.300366	1.301099	1.305495
00:00:00.551	1.309890	1.304762	1.311355
00:00:00.551	1.314286	1.299634	1.311355
00:00:00.551	1.302564	1.280586	1.297436
00:00:00.552	1.313553	1.308425	1.305495
00:00:00.552	1.310623	1.322344	1.306960
00:00:00.553	1.306227	1.313553	1.298901
00:00:00.553	1.317949	1.312821	1.304029
00:00:00.553	1.311355	1.304029	1.304029
00:00:00.554	1.316484	1.306960	1.306960
00:00:00.554	1.319414	1.304029	1.306960
00:00:00.554	1.315018	1.291575	1.306960
00:00:00.555	1.316484	1.290110	1.308425
00:00:00.555	1.306227	1.295238	1.298901
00:00:00.555	1.310623	1.306960	1.303297
00:00:00.556	1.312088	1.314286	1.309158
00:00:00.556	1.309158	1.314286	1.310623
00:00:00.556	1.303297	1.320147	1.316484
00:00:00.557	1.317216	1.317949	1.310623
00:00:00.557	1.309890	1.310623	1.304029
00:00:00.558	1.313553	1.315018	1.304762
00:00:00.558	1.312088	1.311355	1.309158
00:00:00.558	1.311355	1.298168	1.295971
00:00:00.559	1.312088	1.301832	1.303297
00:00:00.559	1.316484	1.304762	1.300366
00:00:00.559	1.317216	1.304762	1.314286
00:00:00.560	1.312821	1.307692	1.304762
00:00:00.560	1.298901	1.309158	1.298168
00:00:00.560	1.300366	1.314286	1.293773
00:00:00.561	1.309158	1.317949	1.306960
00:00:00.561	1.311355	1.356777	1.306227
00:00:00.561	1.299634	1.361172	1.291575
00:00:00.562	1.313553	1.338462	1.306227
00:00:00.562	1.311355	1.292308	1.303297
00:00:00.563	1.320879	1.254212	1.308425
00:00:00.595	1.304762	1.234432	1.294505
00:00:00.595	1.309890	1.261538	1.304029
00:00:00.595	1.313553	1.271062	1.311355
00:00:00.596	1.320879	1.324542	1.312821
00:00:00.596	1.323077	1.347253	1.314286
00:00:00.597	1.317216	1.312821	1.300366
00:00:00.597	1.322344	1.293040	1.310623
00:00:00.597	1.304029	1.279121	1.294505
00:00:00.598	1.315018	1.319414	1.300366
00:00:00.598	1.300366	1.346520	1.304029
00:00:00.598	1.313553	1.334799	1.305495
00:00:00.599	1.309158	1.341392	1.311355
00:00:00.599	1.307692	1.316484	1.310623
00:00:00.599	1.300366	1.284982	1.308425
00:00:00.600	1.305495	1.234432	1.298168
00:00:00.600	1.306227	1.225641	1.299634
00:00:00.600	1.310623	1.265934	1.313553
00:00:00.601	1.304762	1.303297	1.309890
00:00:00.601	1.314286	1.317216	1.304762
00:00:00.602	1.308425	1.317216	1.300366
00:00:00.602	1.312821	1.315018	1.310623
00:00:00.602	1.320147	1.329670	1.304762
00:00:00.603	1.315018	1.339194	1.297436
00:00:00.603	1.317216	1.334799	1.310623
00:00:00.603	1.311355	1.323077	1.305495
00:00:00.606	1.317949	1.315751	1.304029
00:00:00.606	1.298901	1.301832	1.295238
00:00:00.606	1.314286	1.309890	1.300366
00:00:00.606	1.318681	1.315751	1.298901
00:00:00.606	1.311355	1.306227	1.302564
00:00:00.606	1.314286	1.309890	1.307692
00:00:00.606	1.309890	1.306227	1.301832
00:00:00.606	1.309890	1.312821	1.306960
00:00:00.608	1.309890	1.311355	1.309890
00:00:00.608	1.313553	1.309158	1.311355
00:00:00.608	1.312088	1.312088	1.312088
00:00:00.608	1.319414	1.312821	1.311355
00:00:00.608	1.313553	1.301832	1.297436
00:00:00.608	1.316484	1.310623	1.311355
00:00:00.609	1.316484	1.308425	1.312088
00:00:00.609	1.300366	1.293773	1.294505
00:00:00.609	1.318681	1.309158	1.311355
00:00:00.613	1.312088	1.306960	1.306227
00:00:00.613	1.302564	1.300366	1.304762
00:00:00.613	1.314286	1.306960	1.303297
00:00:00.613	1.306960	1.307692	1.302564
00:00:00.613	1.312821	1.315751	1.301832
00:00:00.613	1.312821	1.336264	1.306960
00:00:00.613	1.305495	1.349451	1.290842
00:00:00.613	1.306960	1.360440	1.292308
00:00:00.644	1.311355	1.326740	1.309158
00:00:00.645	1.310623	1.284249	1.300366
00:00:00.645	1.314286	1.259341	1.298901
00:00:00.646	1.313553	1.226374	1.300366
00:00:00.646	1.313553	1.233700	1.304029
00:00:00.646	1.306227	1.256410	1.298168
00:00:00.647	1.302564	1.287179	1.300366
00:00:00.647	1.302564	1.337729	1.292308
00:00:00.647	1.322344	1.358974	1.309890
00:00:00.648	1.315751	1.347253	1.304762
00:00:00.648	1.320879	1.336996	1.316484
00:00:00.648	1.315018	1.337729	1.305495
00:00:00.649	1.304029	1.335531	1.304029
00:00:00.649	1.308425	1.329670	1.309890
00:00:00.649	1.318681	1.293773	1.312088
00:00:00.650	1.309158	1.249084	1.304762
00:00:00.650	1.304762	1.192674	1.292308
00:00:00.651	1.304029	1.236630	1.292308
00:00:00.651	1.300366	1.264469	1.298168
00:00:00.651	1.319414	1.309158	1.313553
00:00:00.652	1.309890	1.321612	1.299634
00:00:00.652	1.312088	1.331868	1.301832
00:00:00.652	1.308425	1.331868	1.293040
00:00:00.653	1.322344	1.342857	1.307692
00:00:00.653	1.320147	1.327473	1.308425
00:00:00.653	1.306227	1.319414	1.301832
00:00:00.655	1.310623	1.295971	1.305495
00:00:00.655	1.310623	1.290842	1.306960
00:00:00.655	1.309890	1.298901	1.305495
00:00:00.655	1.308425	1.308425	1.304762
00:00:00.655	1.309158	1.320879	1.299634
00:00:00.656	1.306960	1.330403	1.304029
00:00:00.656	1.313553	1.334799	1.306960
00:00:00.656	1.311355	1.328938	1.306227
00:00:00.657	1.306227	1.327473	1.309890
00:00:00.657	1.309890	1.329670	1.309158
00:00:00.657	1.318681	1.336264	1.311355
00:00:00.658	1.315018	1.309158	1.295238
00:00:00.658	1.316484	1.315018	1.304762
00:00:00.658	1.320147	1.312821	1.304029
00:00:00.659	1.310623	1.269597	1.293773
00:00:00.659	1.300366	1.250549	1.294505
00:00:00.660	1.314286	1.278388	1.306227
00:00:00.660	1.312088	1.279853	1.304029
00:00:00.660	1.314286	1.275458	1.304762
00:00:00.661	1.309890	1.287179	1.298168
00:00:00.661	1.308425	1.317949	1.303297
00:00:00.661	1.299634	1.318681	1.305495
00:00:00.662	1.316484	1.323810	1.314286
00:00:00.662	1.300366	1.309890	1.296703
00:00:00.694	1.314286	1.318681	1.302564
00:00:00.695	1.296703	1.304762	1.304762
00:00:00.695	1.307692	1.310623	1.296703
00:00:00.695	1.304762	1.300366	1.298168
00:00:00.697	1.317216	1.311355	1.304029
00:00:00.697	1.302564	1.306960	1.298168
00:00:00.697	1.306227	1.312088	1.296703
00:00:00.697	1.313553	1.315018	1.306227
00:00:00.697	1.309890	1.301832	1.296703
00:00:00.697	1.316484	1.309890	1.312821
00:00:00.698	1.309158	1.306227	1.304029
00:00:00.698	1.306227	1.314286	1.306960
00:00:00.698	1.314286	1.315018	1.304029
00:00:00.699	1.298168	1.295971	1.295971
00:00:00.699	1.306227	1.309158	1.303297
00:00:00.700	1.304029	1.304029	1.302564
00:00:00.700	1.305495	1.307692	1.310623
00:00:00.700	1.309890	1.306960	1.304029
00:00:00.701	1.306227	1.291575	1.309158
00:00:00.701	1.320879	1.298901	1.312821
00:00:00.701	1.308425	1.302564	1.300366
00:00:00.703	1.315751	1.299634	1.306960
00:00:00.703	1.320879	1.304762	1.308425
00:00:00.703	1.311355	1.304762	1.303297
00:00:00.703	1.305495	1.308425	1.300366
00:00:00.703	1.316484	1.317216	1.300366
00:00:00.703	1.297436	1.300366	1.297436
00:00:00.704	1.306227	1.296703	1.294505
00:00:00.704	1.307692	1.290110	1.295238
00:00:00.708	1.307692	1.278388	1.306960
00:00:00.708	1.310623	1.279121	1.305495
00:00:00.708	1.307692	1.292308	1.303297
00:00:00.708	1.306960	1.308425	1.295238
00:00:00.708	1.304762	1.335531	1.299634
00:00:00.708	1.312088	1.347253	1.312088
00:00:00.708	1.315018	1.334799	1.309890
00:00:00.708	1.314286	1.320879	1.306227
00:00:00.708	1.315018	1.313553	1.303297
00:00:00.708	1.312821	1.308425	1.302564
00:00:00.708	1.306960	1.306227	1.303297
00:00:00.709	1.304029	1.288645	1.289377
00:00:00.709	1.314286	1.299634	1.301832
00:00:00.709	1.316484	1.304029	1.304029
00:00:00.710	1.309890	1.305495	1.304029
00:00:00.710	1.312821	1.299634	1.300366
00:00:00.710	1.316484	1.305495	1.308425
00:00:00.711	1.308425	1.300366	1.306960
00:00:00.711	1.303297	1.282784	1.303297
00:00:00.711	1.317216	1.302564	1.312821
00:00:00.712	1.299634	1.292308	1.293040
00:00:00.744	1.319414	1.317216	1.302564
00:00:00.744	1.309158	1.298168	1.294505
00:00:00.745	1.302564	1.309158	1.306960
00:00:00.745	1.313553	1.306960	1.308425
00:00:00.745	1.310623	1.282784	1.303297
00:00:00.746	1.315018	1.334799	1.312821
00:00:00.746	1.317216	1.400733	1.308425
00:00:00.746	1.311355	1.390476	1.304762
00:00:00.747	1.317216	1.339194	1.308425
00:00:00.747	1.315751	1.276923	1.298901
00:00:00.747	1.312088	1.243956	1.309158
00:00:00.748	1.310623	1.256410	1.303297
00:00:00.748	1.315018	1.254945	1.304029
00:00:00.749	1.308425	1.241026	1.305495
00:00:00.749	1.292308	1.257143	1.294505
00:00:00.749	1.306227	1.302564	1.308425
00:00:00.750	1.309158	1.266667	1.308425
00:00:00.750	1.312088	1.268132	1.304762
00:00:00.750	1.317216	1.313553	1.305495
00:00:00.751	1.312088	1.350916	1.300366
00:00:00.751	1.307692	1.375092	1.309158
00:00:00.751	1.315018	1.358242	1.304762
00:00:00.752	1.315751	1.343590	1.309158
00:00:00.752	1.318681	1.327473	1.309158
00:00:00.753	1.314286	1.296703	1.298168
00:00:00.753	1.320147	1.285714	1.299634
00:00:00.753	1.325275	1.295238	1.304029
00:00:00.754	1.301099	1.288645	1.300366
00:00:00.754	1.303297	1.295971	1.304762
00:00:00.754	1.310623	1.311355	1.302564
00:00:00.755	1.309158	1.319414	1.300366
00:00:00.755	1.309158	1.323077	1.304029
00:00:00.755	1.312088	1.317949	1.306227
00:00:00.756	1.309158	1.315751	1.301832
00:00:00.756	1.309158	1.313553	1.309158
00:00:00.756	1.302564	1.303297	1.296703
00:00:00.757	1.314286	1.318681	1.306960
00:00:00.757	1.317949	1.330403	1.309890
00:00:00.758	1.319414	1.338462	1.315018
00:00:00.758	1.312088	1.324542	1.303297
00:00:00.759	1.314286	1.326007	1.307692
00:00:00.759	1.315018	1.339927	1.310623
00:00:00.759	1.312821	1.326740	1.300366
00:00:00.759	1.318681	1.312088	1.308425
00:00:00.760	1.312821	1.330403	1.306227
00:00:00.760	1.313553	1.348718	1.315018
00:00:00.760	1.303297	1.323077	1.309158
00:00:00.761	1.300366	1.243956	1.304029
00:00:00.761	1.313553	1.213919	1.305495
00:00:00.761	1.310623	1.251282	1.304762
