timestamp	ch1	ch2	ch3
00:00:00.000	1.306227	1.298168	1.302564
00:00:00.000	1.286447	1.295238	1.295238
00:00:00.001	1.304762	1.306960	1.306227
00:00:00.001	1.315751	1.319414	1.315018
00:00:00.001	1.315018	1.361905	1.318681
00:00:00.002	1.329670	1.401465	1.320147
00:00:00.002	1.320147	1.382418	1.302564
00:00:00.003	1.332601	1.443956	1.312821
00:00:00.003	1.327473	1.389011	1.307692
00:00:00.003	1.323810	1.249084	1.308425
00:00:00.005	1.314286	1.152381	1.296703
00:00:00.005	1.295971	1.126007	1.287912
00:00:00.005	1.304029	1.167033	1.299634
00:00:00.005	1.291575	1.135531	1.292308
00:00:00.005	1.292308	1.208059	1.300366
00:00:00.005	1.291575	1.345788	1.297436
00:00:00.006	1.304029	1.410989	1.308425
00:00:00.006	1.306227	1.449084	1.308425
00:00:00.038	1.311355	1.440293	1.309158
00:00:00.039	1.306960	1.391941	1.307692
00:00:00.039	1.311355	1.331136	1.308425
00:00:00.039	1.320147	1.264469	1.311355
00:00:00.040	1.326007	1.189011	1.308425
00:00:00.040	1.326007	1.124542	1.299634
00:00:00.040	1.320879	1.194872	1.299634
00:00:00.041	1.324542	1.296703	1.303297
00:00:00.041	1.316484	1.342857	1.300366
00:00:00.042	1.320147	1.353114	1.309158
00:00:00.042	1.310623	1.356044	1.303297
00:00:00.042	1.309158	1.359707	1.308425
00:00:00.043	1.302564	1.350916	1.296703
00:00:00.043	1.301099	1.361172	1.311355
00:00:00.043	1.301832	1.345055	1.306227
00:00:00.044	1.295971	1.326740	1.308425
00:00:00.044	1.300366	1.313553	1.305495
00:00:00.044	1.290842	1.287179	1.308425
00:00:00.045	1.301832	1.312088	1.314286
00:00:00.045	1.298901	1.304029	1.294505
00:00:00.045	1.301099	1.313553	1.307692
00:00:00.047	1.303297	1.309890	1.310623
00:00:00.047	1.309158	1.298168	1.295238
00:00:00.047	1.317949	1.290842	1.297436
00:00:00.047	1.308425	1.284249	1.279121
00:00:00.047	1.323810	1.293773	1.274725
00:00:00.048	1.336264	1.304762	1.305495
00:00:00.049	1.329670	1.312821	1.312821
00:00:00.049	1.308425	1.340659	1.313553
00:00:00.049	1.309158	1.334066	1.293773
00:00:00.049	1.297436	1.324542	1.309158
00:00:00.049	1.297436	1.320147	1.332601
00:00:00.052	1.301099	1.314286	1.315018
00:00:00.052	1.293773	1.315751	1.315751
00:00:00.052	1.312821	1.315751	1.328205
00:00:00.052	1.309890	1.289377	1.287912
00:00:00.052	1.312821	1.290842	1.304029
00:00:00.052	1.323810	1.316484	1.329670
00:00:00.052	1.325275	1.307692	1.318681
00:00:00.052	1.326740	1.290842	1.323810
00:00:00.055	1.332601	1.298168	1.343590
00:00:00.055	1.323810	1.290110	1.290842
00:00:00.055	1.317949	1.298901	1.267399
00:00:00.055	1.310623	1.304029	1.235165
00:00:00.055	1.299634	1.309158	1.249084
00:00:00.055	1.298901	1.315018	1.265934
00:00:00.055	1.293773	1.319414	1.304029
00:00:00.055	1.290842	1.317216	1.276923
00:00:00.055	1.295238	1.320147	1.306227
00:00:00.060	1.302564	1.325275	1.312088
00:00:00.091	1.304029	1.318681	1.259341
00:00:00.091	1.300366	1.301099	1.282784
00:00:00.091	1.312088	1.292308	1.320879
00:00:00.091	1.312821	1.252015	1.312821
00:00:00.091	1.318681	1.260073	1.320879
00:00:00.091	1.323077	1.265201	1.312821
00:00:00.091	1.318681	1.270330	1.315018
00:00:00.091	1.317216	1.285714	1.312088
00:00:00.091	1.313553	1.310623	1.308425
00:00:00.091	1.313553	1.334799	1.309158
00:00:00.092	1.321612	1.320879	1.316484
00:00:00.092	1.312088	1.317216	1.312088
00:00:00.092	1.300366	1.313553	1.306960
00:00:00.093	1.290110	1.328938	1.315018
00:00:00.093	1.285714	1.340659	1.307692
00:00:00.093	1.291575	1.325275	1.306960
00:00:00.094	1.298168	1.320147	1.307692
00:00:00.094	1.304762	1.317949	1.308425
00:00:00.094	1.312821	1.303297	1.299634
00:00:00.095	1.320147	1.310623	1.308425
00:00:00.095	1.323810	1.292308	1.298168
00:00:00.096	1.326740	1.275458	1.305495
00:00:00.096	1.330403	1.276190	1.308425
00:00:00.096	1.315751	1.282784	1.304029
00:00:00.097	1.312821	1.287912	1.306227
00:00:00.097	1.309158	1.288645	1.314286
00:00:00.097	1.304762	1.287912	1.303297
00:00:00.098	1.307692	1.298901	1.307692
00:00:00.098	1.301832	1.312088	1.305495
00:00:00.098	1.298168	1.323810	1.304762
00:00:00.099	1.303297	1.331136	1.304762
00:00:00.099	1.306960	1.334066	1.309158
00:00:00.100	1.293773	1.320879	1.298901
00:00:00.100	1.300366	1.322344	1.306960
00:00:00.100	1.309158	1.320879	1.306227
00:00:00.101	1.315751	1.318681	1.311355
00:00:00.101	1.323077	1.307692	1.310623
00:00:00.101	1.322344	1.292308	1.302564
00:00:00.102	1.325275	1.298901	1.309890
00:00:00.102	1.325275	1.295238	1.302564
00:00:00.102	1.320147	1.290110	1.306227
00:00:00.103	1.317949	1.295238	1.304762
00:00:00.103	1.316484	1.302564	1.308425
00:00:00.103	1.300366	1.300366	1.304029
00:00:00.104	1.301832	1.320147	1.304762
00:00:00.104	1.298901	1.320879	1.295971
00:00:00.105	1.300366	1.319414	1.304029
00:00:00.105	1.317949	1.319414	1.310623
00:00:00.105	1.307692	1.316484	1.301832
00:00:00.106	1.344322	1.301099	1.298168
00:00:00.138	1.328938	1.313553	1.316484
00:00:00.138	1.312088	1.300366	1.312821
00:00:00.138	1.306227	1.300366	1.312821
00:00:00.139	1.289377	1.291575	1.312088
00:00:00.139	1.214652	1.295971	1.312088
00:00:00.140	1.211722	1.301099	1.304029
00:00:00.142	1.290842	1.300366	1.293040
00:00:00.142	1.377289	1.286447	1.252747
00:00:00.142	1.326740	1.294505	1.274725
00:00:00.142	1.353846	1.285714	1.292308
00:00:00.142	1.358974	1.295238	1.300366
00:00:00.142	1.391209	1.320147	1.312088
00:00:00.142	1.323077	1.318681	1.309890
00:00:00.142	1.274725	1.338462	1.321612
00:00:00.143	1.257875	1.329670	1.322344
00:00:00.143	1.281319	1.317949	1.311355
00:00:00.144	1.307692	1.317949	1.319414
00:00:00.144	1.312821	1.300366	1.306227
00:00:00.144	1.317949	1.300366	1.295238
00:00:00.148	1.320879	1.313553	1.284249
00:00:00.148	1.283516	1.302564	1.301832
00:00:00.148	1.353846	1.309890	1.326740
00:00:00.148	1.328938	1.312088	1.286447
00:00:00.148	1.240293	1.268864	1.269597
00:00:00.148	1.241026	1.250549	1.284982
00:00:00.148	1.388278	1.264469	1.332601
00:00:00.148	1.359707	1.298901	1.351648
00:00:00.148	1.326007	1.316484	1.389011
00:00:00.149	1.315018	1.330403	1.368498
00:00:00.149	1.299634	1.322344	1.261538
00:00:00.149	1.294505	1.318681	1.227839
00:00:00.150	1.284982	1.304762	1.283516
00:00:00.150	1.287179	1.297436	1.219048
00:00:00.150	1.289377	1.293040	1.190476
00:00:00.150	1.302564	1.299634	1.282784
00:00:00.150	1.309890	1.315751	1.320879
00:00:00.151	1.315751	1.305495	1.319414
00:00:00.151	1.320879	1.304029	1.322344
00:00:00.151	1.328938	1.298901	1.323810
00:00:00.156	1.335531	1.309158	1.320879
00:00:00.156	1.330403	1.306227	1.320147
00:00:00.156	1.321612	1.304762	1.289377
00:00:00.156	1.315751	1.315018	1.270330
00:00:00.156	1.318681	1.323077	1.306227
00:00:00.156	1.312821	1.312821	1.312821
00:00:00.156	1.291575	1.290842	1.331868
00:00:00.156	1.292308	1.282784	1.347253
00:00:00.156	1.298168	1.289377	1.306960
00:00:00.156	1.303297	1.308425	1.289377
00:00:00.156	1.302564	1.316484	1.305495
00:00:00.189	1.308425	1.317949	1.290842
00:00:00.189	1.308425	1.313553	1.287912
00:00:00.189	1.317216	1.314286	1.323810
00:00:00.189	1.307692	1.302564	1.313553
00:00:00.189	1.317949	1.298168	1.304762
00:00:00.189	1.320879	1.299634	1.309890
00:00:00.191	1.320879	1.291575	1.304762
00:00:00.191	1.316484	1.290842	1.303297
00:00:00.191	1.306227	1.290842	1.298901
00:00:00.191	1.308425	1.298901	1.297436
00:00:00.191	1.313553	1.305495	1.305495
00:00:00.191	1.298901	1.307692	1.301832
00:00:00.192	1.311355	1.323810	1.304762
00:00:00.193	1.306960	1.320879	1.309158
00:00:00.193	1.295238	1.318681	1.307692
00:00:00.193	1.290842	1.309158	1.306227
00:00:00.193	1.298901	1.314286	1.308425
00:00:00.194	1.299634	1.309890	1.297436
00:00:00.194	1.307692	1.312821	1.295971
00:00:00.194	1.304762	1.302564	1.297436
00:00:00.195	1.318681	1.305495	1.304762
00:00:00.195	1.305495	1.301832	1.307692
00:00:00.195	1.312821	1.294505	1.315751
00:00:00.196	1.331136	1.287912	1.332601
00:00:00.196	1.321612	1.281319	1.292308
00:00:00.196	1.315018	1.295238	1.298168
00:00:00.197	1.320147	1.294505	1.304029
00:00:00.197	1.300366	1.287179	1.297436
00:00:00.198	1.312088	1.301832	1.302564
00:00:00.198	1.312088	1.309158	1.297436
00:00:00.198	1.312088	1.313553	1.304029
00:00:00.199	1.308425	1.320879	1.304762
00:00:00.199	1.297436	1.316484	1.304029
00:00:00.199	1.298168	1.302564	1.298901
00:00:00.200	1.310623	1.317949	1.306227
00:00:00.200	1.312821	1.317949	1.305495
00:00:00.200	1.318681	1.303297	1.305495
00:00:00.201	1.348718	1.290842	1.305495
00:00:00.201	1.350183	1.301099	1.306960
00:00:00.201	1.355311	1.329670	1.309158
00:00:00.202	1.296703	1.320879	1.307692
00:00:00.202	1.275458	1.318681	1.318681
00:00:00.203	1.306960	1.328938	1.300366
00:00:00.203	1.294505	1.306227	1.278388
00:00:00.203	1.286447	1.288645	1.295238
00:00:00.204	1.252015	1.308425	1.311355
00:00:00.204	1.259341	1.296703	1.320879
00:00:00.204	1.301832	1.304762	1.334799
00:00:00.205	1.312088	1.301832	1.276190
00:00:00.205	1.300366	1.294505	1.248352
00:00:00.237	1.316484	1.313553	1.306960
00:00:00.238	1.313553	1.309158	1.307692
00:00:00.238	1.318681	1.315751	1.306960
00:00:00.238	1.324542	1.307692	1.312821
00:00:00.239	1.312821	1.287912	1.304029
00:00:00.239	1.321612	1.290110	1.316484
00:00:00.239	1.328205	1.284982	1.315751
00:00:00.240	1.326740	1.269597	1.297436
00:00:00.240	1.329670	1.291575	1.309158
00:00:00.240	1.321612	1.296703	1.307692
00:00:00.241	1.322344	1.309158	1.312088
00:00:00.241	1.319414	1.320879	1.304762
00:00:00.243	1.299634	1.326740	1.295238
00:00:00.243	1.309158	1.329670	1.310623
00:00:00.243	1.301099	1.318681	1.306227
00:00:00.245	1.290842	1.324542	1.305495
00:00:00.245	1.301099	1.334799	1.306227
00:00:00.245	1.306227	1.312821	1.310623
00:00:00.245	1.306227	1.302564	1.309890
00:00:00.245	1.313553	1.306960	1.304029
00:00:00.245	1.308425	1.300366	1.308425
00:00:00.245	1.315018	1.286447	1.309890
00:00:00.245	1.310623	1.272527	1.301832
00:00:00.245	1.329670	1.294505	1.311355
00:00:00.246	1.327473	1.295238	1.300366
00:00:00.246	1.326740	1.302564	1.315018
00:00:00.247	1.317949	1.299634	1.306227
00:00:00.247	1.317216	1.304762	1.300366
00:00:00.247	1.306227	1.308425	1.298168
00:00:00.248	1.302564	1.315751	1.301099
00:00:00.248	1.298168	1.324542	1.306227
00:00:00.248	1.303297	1.323077	1.308425
00:00:00.249	1.299634	1.326740	1.305495
00:00:00.249	1.303297	1.320147	1.304762
00:00:00.249	1.291575	1.304762	1.298168
00:00:00.250	1.309890	1.317216	1.306227
00:00:00.250	1.297436	1.298901	1.303297
00:00:00.250	1.318681	1.300366	1.309158
00:00:00.251	1.320147	1.289377	1.303297
00:00:00.251	1.312821	1.287179	1.302564
00:00:00.252	1.320147	1.295971	1.312088
00:00:00.252	1.321612	1.293773	1.309890
00:00:00.252	1.322344	1.302564	1.310623
00:00:00.253	1.312821	1.303297	1.304029
00:00:00.253	1.312821	1.303297	1.309158
00:00:00.253	1.309158	1.314286	1.312088
00:00:00.254	1.298901	1.311355	1.292308
00:00:00.254	1.300366	1.333333	1.308425
00:00:00.254	1.297436	1.323810	1.294505
00:00:00.255	1.288645	1.317949	1.298901
00:00:00.287	1.304762	1.319414	1.303297
00:00:00.287	1.298901	1.306960	1.290842
00:00:00.288	1.312088	1.311355	1.308425
00:00:00.288	1.322344	1.296703	1.312821
00:00:00.288	1.326007	1.293773	1.304762
00:00:00.289	1.322344	1.290110	1.310623
00:00:00.289	1.323810	1.284982	1.306227
00:00:00.289	1.321612	1.293773	1.307692
00:00:00.290	1.326007	1.311355	1.315018
00:00:00.290	1.310623	1.304762	1.304029
00:00:00.291	1.323810	1.309890	1.307692
00:00:00.291	1.308425	1.311355	1.293040
00:00:00.291	1.304762	1.326007	1.308425
00:00:00.292	1.304762	1.323077	1.305495
00:00:00.292	1.294505	1.306227	1.296703
00:00:00.292	1.302564	1.326007	1.309890
00:00:00.293	1.301099	1.326740	1.302564
00:00:00.293	1.299634	1.323077	1.306227
00:00:00.293	1.292308	1.309890	1.298901
00:00:00.294	1.303297	1.284982	1.296703
00:00:00.294	1.315018	1.274725	1.279121
00:00:00.294	1.317949	1.269597	1.282784
00:00:00.295	1.320147	1.285714	1.308425
00:00:00.295	1.323077	1.306227	1.309158
00:00:00.296	1.323810	1.326740	1.314286
00:00:00.296	1.319414	1.315751	1.310623
00:00:00.296	1.310623	1.313553	1.309890
00:00:00.297	1.309158	1.310623	1.306227
00:00:00.297	1.306227	1.309890	1.304762
00:00:00.297	1.303297	1.294505	1.302564
00:00:00.298	1.303297	1.300366	1.304029
00:00:00.298	1.299634	1.287179	1.306960
00:00:00.298	1.296703	1.297436	1.298168
00:00:00.299	1.299634	1.311355	1.298901
00:00:00.299	1.306960	1.317216	1.306227
00:00:00.299	1.312821	1.334066	1.311355
00:00:00.300	1.302564	1.324542	1.306227
00:00:00.300	1.316484	1.306227	1.309158
00:00:00.301	1.309158	1.279853	1.303297
00:00:00.301	1.323810	1.281319	1.314286
00:00:00.301	1.326740	1.284249	1.312088
00:00:00.302	1.317949	1.289377	1.306960
00:00:00.302	1.327473	1.320147	1.308425
00:00:00.302	1.328938	1.338462	1.311355
00:00:00.303	1.321612	1.313553	1.319414
00:00:00.303	1.304029	1.295238	1.297436
00:00:00.303	1.304029	1.312821	1.304762
00:00:00.304	1.303297	1.310623	1.290842
00:00:00.304	1.300366	1.336996	1.302564
00:00:00.305	1.295238	1.339927	1.300366
00:00:00.338	1.306227	1.340659	1.304029
00:00:00.338	1.304029	1.329670	1.302564
00:00:00.338	1.297436	1.307692	1.298168
00:00:00.339	1.310623	1.298168	1.290110
00:00:00.339	1.310623	1.290110	1.306960
00:00:00.339	1.323077	1.298168	1.316484
00:00:00.339	1.320879	1.296703	1.304762
00:00:00.339	1.309890	1.286447	1.300366
00:00:00.341	1.318681	1.298901	1.311355
00:00:00.341	1.309158	1.291575	1.306227
00:00:00.341	1.315018	1.298901	1.310623
00:00:00.342	1.312088	1.301832	1.297436
00:00:00.342	1.298168	1.300366	1.303297
00:00:00.342	1.307692	1.311355	1.308425
00:00:00.342	1.300366	1.306960	1.295238
00:00:00.342	1.293773	1.321612	1.298901
00:00:00.342	1.304762	1.323077	1.306960
00:00:00.348	1.296703	1.315751	1.300366
00:00:00.348	1.306960	1.324542	1.306227
00:00:00.348	1.303297	1.303297	1.297436
00:00:00.348	1.314286	1.306227	1.300366
00:00:00.348	1.317949	1.301099	1.306960
00:00:00.348	1.322344	1.303297	1.308425
00:00:00.348	1.317949	1.293773	1.303297
00:00:00.348	1.319414	1.293040	1.300366
00:00:00.348	1.314286	1.284982	1.299634
00:00:00.348	1.315751	1.301832	1.306227
00:00:00.348	1.305495	1.298168	1.307692
00:00:00.348	1.311355	1.303297	1.309158
00:00:00.348	1.303297	1.302564	1.298168
00:00:00.348	1.298901	1.320879	1.308425
00:00:00.348	1.303297	1.323077	1.311355
00:00:00.348	1.298901	1.323810	1.302564
00:00:00.348	1.298901	1.320879	1.295238
00:00:00.350	1.301832	1.328205	1.287912
00:00:00.350	1.312088	1.322344	1.287912
00:00:00.350	1.314286	1.312088	1.305495
00:00:00.350	1.314286	1.300366	1.304029
00:00:00.350	1.317216	1.299634	1.312821
00:00:00.351	1.321612	1.287912	1.310623
00:00:00.351	1.321612	1.273993	1.305495
00:00:00.351	1.326007	1.276923	1.317949
00:00:00.352	1.315018	1.284249	1.300366
00:00:00.352	1.315751	1.300366	1.310623
00:00:00.352	1.300366	1.296703	1.306227
00:00:00.353	1.315018	1.320879	1.307692
00:00:00.353	1.305495	1.326007	1.293040
00:00:00.353	1.300366	1.339194	1.306227
00:00:00.354	1.304029	1.342857	1.306227
00:00:00.354	1.290842	1.317949	1.296703
00:00:00.386	1.300366	1.309890	1.308425
00:00:00.387	1.304029	1.298168	1.308425
00:00:00.387	1.309890	1.300366	1.309158
00:00:00.387	1.306227	1.296703	1.301832
00:00:00.388	1.320147	1.296703	1.319414
00:00:00.388	1.306227	1.301099	1.295971
00:00:00.389	1.304762	1.301832	1.303297
00:00:00.389	1.323077	1.282784	1.312821
00:00:00.389	1.310623	1.271062	1.305495
00:00:00.390	1.326007	1.295971	1.309890
00:00:00.390	1.315018	1.282784	1.305495
00:00:00.390	1.303297	1.279853	1.292308
00:00:00.391	1.311355	1.316484	1.298168
00:00:00.391	1.297436	1.305495	1.279121
00:00:00.391	1.303297	1.315018	1.282784
00:00:00.392	1.300366	1.320147	1.300366
00:00:00.392	1.295238	1.328938	1.307692
00:00:00.392	1.299634	1.323810	1.318681
00:00:00.393	1.309158	1.322344	1.353114
00:00:00.393	1.309158	1.317216	1.338462
00:00:00.394	1.311355	1.323077	1.328205
00:00:00.394	1.312821	1.306960	1.265201
00:00:00.394	1.315018	1.296703	1.239560
00:00:00.395	1.323810	1.315018	1.294505
00:00:00.395	1.312821	1.289377	1.306960
00:00:00.395	1.318681	1.283516	1.312821
00:00:00.396	1.315018	1.276923	1.310623
00:00:00.396	1.318681	1.298901	1.314286
00:00:00.396	1.305495	1.293040	1.303297
00:00:00.397	1.309158	1.306960	1.315018
00:00:00.397	1.307692	1.309158	1.308425
00:00:00.397	1.304762	1.312821	1.310623
00:00:00.398	1.308425	1.325275	1.282051
00:00:00.398	1.301832	1.317949	1.278388
00:00:00.399	1.303297	1.321612	1.299634
00:00:00.399	1.300366	1.336996	1.306960
00:00:00.399	1.308425	1.329670	1.309890
00:00:00.400	1.303297	1.304762	1.300366
00:00:00.400	1.309158	1.293773	1.298168
00:00:00.400	1.323077	1.300366	1.311355
00:00:00.401	1.322344	1.290110	1.312821
00:00:00.404	1.323810	1.286447	1.304762
00:00:00.404	1.321612	1.293773	1.312821
00:00:00.404	1.311355	1.293773	1.301832
00:00:00.404	1.316484	1.305495	1.311355
00:00:00.404	1.300366	1.302564	1.308425
00:00:00.404	1.305495	1.312088	1.301832
00:00:00.404	1.302564	1.311355	1.304029
00:00:00.405	1.306227	1.319414	1.308425
00:00:00.405	1.305495	1.318681	1.308425
00:00:00.437	1.291575	1.309158	1.304029
00:00:00.437	1.301832	1.319414	1.306227
00:00:00.438	1.308425	1.317949	1.304762
00:00:00.438	1.310623	1.317216	1.304762
00:00:00.438	1.302564	1.306227	1.306227
00:00:00.438	1.308425	1.299634	1.298168
00:00:00.438	1.317216	1.303297	1.304762
00:00:00.440	1.319414	1.299634	1.306227
00:00:00.440	1.309158	1.287912	1.298168
00:00:00.440	1.321612	1.284982	1.309890
00:00:00.440	1.309890	1.265201	1.297436
00:00:00.440	1.317949	1.265934	1.305495
00:00:00.440	1.320147	1.320147	1.315751
00:00:00.445	1.311355	1.318681	1.300366
00:00:00.445	1.307692	1.314286	1.312088
00:00:00.445	1.296703	1.309890	1.309890
00:00:00.445	1.295238	1.308425	1.295238
00:00:00.445	1.288645	1.313553	1.304029
00:00:00.445	1.299634	1.316484	1.304029
00:00:00.445	1.299634	1.314286	1.298168
00:00:00.445	1.316484	1.324542	1.302564
00:00:00.445	1.315751	1.315751	1.310623
00:00:00.445	1.313553	1.301099	1.296703
00:00:00.445	1.319414	1.300366	1.305495
00:00:00.445	1.320879	1.291575	1.303297
00:00:00.445	1.317216	1.304762	1.308425
00:00:00.445	1.315018	1.296703	1.306960
00:00:00.446	1.313553	1.292308	1.303297
00:00:00.446	1.302564	1.305495	1.290842
00:00:00.446	1.305495	1.318681	1.304762
00:00:00.447	1.304762	1.306960	1.310623
00:00:00.447	1.305495	1.285714	1.309890
00:00:00.448	1.303297	1.313553	1.309158
00:00:00.448	1.308425	1.307692	1.312821
00:00:00.448	1.306960	1.295238	1.300366
00:00:00.449	1.308425	1.304029	1.299634
00:00:00.449	1.311355	1.328205	1.308425
00:00:00.449	1.309158	1.327473	1.292308
00:00:00.450	1.322344	1.328938	1.309158
00:00:00.450	1.317949	1.313553	1.299634
00:00:00.450	1.323810	1.304762	1.311355
00:00:00.451	1.328205	1.297436	1.309890
00:00:00.451	1.322344	1.299634	1.300366
00:00:00.451	1.307692	1.296703	1.306227
00:00:00.452	1.315018	1.313553	1.306960
00:00:00.452	1.311355	1.294505	1.309890
00:00:00.453	1.308425	1.302564	1.304029
00:00:00.454	1.290110	1.305495	1.301832
00:00:00.454	1.287912	1.306960	1.293040
00:00:00.454	1.298901	1.313553	1.293040
00:00:00.486	1.300366	1.313553	1.297436
00:00:00.486	1.301832	1.304762	1.306227
00:00:00.487	1.304029	1.305495	1.306960
00:00:00.487	1.306960	1.308425	1.303297
00:00:00.487	1.309158	1.312821	1.309158
00:00:00.488	1.310623	1.303297	1.302564
00:00:00.488	1.321612	1.302564	1.314286
00:00:00.488	1.318681	1.297436	1.304029
00:00:00.489	1.315751	1.290842	1.302564
00:00:00.489	1.312821	1.295238	1.311355
00:00:00.489	1.324542	1.297436	1.309158
00:00:00.490	1.311355	1.294505	1.294505
00:00:00.490	1.312088	1.304762	1.309158
00:00:00.490	1.309158	1.307692	1.306227
00:00:00.491	1.290842	1.306227	1.285714
00:00:00.491	1.304762	1.333333	1.289377
00:00:00.492	1.293040	1.336996	1.299634
00:00:00.492	1.298168	1.327473	1.305495
00:00:00.492	1.289377	1.312821	1.298168
00:00:00.493	1.306227	1.323810	1.293040
00:00:00.493	1.317216	1.320147	1.310623
00:00:00.493	1.317216	1.295238	1.306960
00:00:00.494	1.314286	1.272527	1.305495
00:00:00.494	1.320147	1.257143	1.305495
00:00:00.494	1.322344	1.275458	1.302564
00:00:00.495	1.320147	1.300366	1.309890
00:00:00.495	1.309890	1.290110	1.295238
00:00:00.495	1.317216	1.302564	1.305495
00:00:00.496	1.312088	1.320147	1.308425
00:00:00.496	1.304762	1.319414	1.304762
00:00:00.497	1.309158	1.320147	1.304029
00:00:00.497	1.304029	1.323810	1.306227
00:00:00.497	1.298901	1.314286	1.309890
00:00:00.499	1.290842	1.296703	1.303297
00:00:00.499	1.290842	1.296703	1.295971
00:00:00.499	1.293773	1.311355	1.304762
00:00:00.501	1.312088	1.303297	1.304029
00:00:00.501	1.304029	1.296703	1.310623
00:00:00.501	1.309158	1.295971	1.311355
00:00:00.501	1.309890	1.293773	1.301832
00:00:00.501	1.313553	1.296703	1.292308
00:00:00.502	1.321612	1.307692	1.303297
00:00:00.502	1.320147	1.308425	1.313553
00:00:00.502	1.315751	1.311355	1.300366
00:00:00.503	1.317949	1.312088	1.308425
00:00:00.503	1.297436	1.286447	1.291575
00:00:00.503	1.306227	1.296703	1.305495
00:00:00.503	1.309158	1.314286	1.301832
00:00:00.503	1.308425	1.323810	1.310623
00:00:00.503	1.305495	1.313553	1.296703
00:00:00.540	1.298901	1.312088	1.303297
00:00:00.540	1.303297	1.315751	1.304762
00:00:00.540	1.306227	1.320879	1.311355
00:00:00.540	1.303297	1.309890	1.300366
00:00:00.540	1.309158	1.308425	1.309158
00:00:00.540	1.313553	1.295238	1.300366
00:00:00.540	1.320879	1.304029	1.312088
00:00:00.540	1.326007	1.304762	1.308425
00:00:00.540	1.312821	1.284249	1.295971
00:00:00.540	1.319414	1.287912	1.306227
00:00:00.540	1.320147	1.295971	1.303297
00:00:00.540	1.310623	1.312821	1.309890
00:00:00.540	1.306960	1.317949	1.304762
00:00:00.540	1.300366	1.313553	1.292308
00:00:00.541	1.301832	1.308425	1.306227
00:00:00.541	1.304029	1.307692	1.304029
00:00:00.541	1.296703	1.295238	1.294505
00:00:00.542	1.315018	1.300366	1.308425
00:00:00.542	1.311355	1.302564	1.303297
00:00:00.542	1.306960	1.303297	1.307692
00:00:00.543	1.312088	1.316484	1.306960
00:00:00.543	1.317216	1.310623	1.308425
00:00:00.543	1.309890	1.303297	1.305495
00:00:00.544	1.324542	1.307692	1.309890
00:00:00.544	1.320879	1.297436	1.307692
00:00:00.544	1.312088	1.289377	1.301832
00:00:00.545	1.321612	1.300366	1.310623
00:00:00.545	1.315751	1.287912	1.305495
00:00:00.546	1.316484	1.303297	1.309158
00:00:00.546	1.317216	1.314286	1.305495
00:00:00.546	1.300366	1.311355	1.300366
00:00:00.547	1.306227	1.326740	1.305495
00:00:00.547	1.303297	1.317949	1.300366
00:00:00.547	1.291575	1.316484	1.304029
00:00:00.548	1.284249	1.308425	1.298168
00:00:00.548	1.298168	1.309890	1.294505
00:00:00.548	1.306960	1.324542	1.305495
00:00:00.549	1.311355	1.314286	1.305495
00:00:00.549	1.311355	1.313553	1.312821
00:00:00.550	1.320147	1.314286	1.306227
00:00:00.550	1.315751	1.290842	1.293773
00:00:00.550	1.326007	1.285714	1.312821
00:00:00.551	1.320147	1.284249	1.304762
00:00:00.551	1.317949	1.295238	1.309158
00:00:00.551	1.317216	1.305495	1.306227
00:00:00.552	1.315751	1.311355	1.308425
00:00:00.552	1.308425	1.309890	1.304029
00:00:00.552	1.302564	1.318681	1.305495
00:00:00.553	1.302564	1.317216	1.305495
00:00:00.553	1.303297	1.315751	1.307692
00:00:00.585	1.304029	1.306227	1.304762
00:00:00.586	1.297436	1.302564	1.300366
00:00:00.586	1.301832	1.303297	1.309158
00:00:00.586	1.298901	1.293773	1.294505
00:00:00.587	1.312088	1.309158	1.307692
00:00:00.587	1.309890	1.307692	1.308425
00:00:00.587	1.306960	1.304029	1.303297
00:00:00.588	1.317216	1.306960	1.300366
00:00:00.588	1.315018	1.310623	1.312821
00:00:00.588	1.309890	1.307692	1.312821
00:00:00.589	1.320879	1.305495	1.309890
00:00:00.590	1.309890	1.293773	1.294505
00:00:00.590	1.314286	1.301832	1.309890
00:00:00.590	1.309890	1.306960	1.303297
00:00:00.590	1.306960	1.310623	1.302564
00:00:00.591	1.309158	1.306227	1.303297
00:00:00.591	1.303297	1.306960	1.303297
00:00:00.591	1.290110	1.306227	1.302564
00:00:00.592	1.310623	1.320879	1.307692
00:00:00.592	1.301832	1.312088	1.296703
00:00:00.592	1.306960	1.299634	1.304029
00:00:00.593	1.309890	1.302564	1.305495
00:00:00.593	1.309158	1.293040	1.295238
00:00:00.595	1.315751	1.298168	1.302564
00:00:00.595	1.321612	1.307692	1.305495
00:00:00.595	1.323077	1.307692	1.297436
00:00:00.598	1.316484	1.298168	1.304762
00:00:00.598	1.321612	1.286447	1.309158
00:00:00.598	1.307692	1.285714	1.298901
00:00:00.598	1.314286	1.314286	1.310623
00:00:00.598	1.310623	1.318681	1.312088
00:00:00.598	1.306960	1.320147	1.311355
00:00:00.598	1.309158	1.326007	1.304762
00:00:00.598	1.300366	1.323810	1.304029
00:00:00.598	1.300366	1.324542	1.303297
00:00:00.599	1.307692	1.320879	1.312821
00:00:00.599	1.302564	1.312088	1.307692
00:00:00.599	1.311355	1.318681	1.304762
00:00:00.599	1.309158	1.309158	1.296703
00:00:00.599	1.313553	1.303297	1.300366
00:00:00.605	1.312821	1.294505	1.306960
00:00:00.605	1.308425	1.288645	1.295971
00:00:00.605	1.327473	1.293773	1.307692
00:00:00.605	1.325275	1.276923	1.309890
00:00:00.605	1.320147	1.276190	1.308425
00:00:00.605	1.322344	1.285714	1.315018
00:00:00.605	1.308425	1.292308	1.300366
00:00:00.605	1.312088	1.317216	1.309158
00:00:00.605	1.309890	1.343590	1.312088
00:00:00.605	1.303297	1.354579	1.309890
00:00:00.636	1.300366	1.350183	1.304762
00:00:00.636	1.297436	1.320147	1.306960
00:00:00.636	1.304029	1.312821	1.307692
00:00:00.636	1.311355	1.313553	1.303297
00:00:00.636	1.298168	1.273993	1.297436
00:00:00.637	1.312088	1.275458	1.300366
00:00:00.637	1.315018	1.287912	1.304029
00:00:00.638	1.318681	1.285714	1.304029
00:00:00.638	1.319414	1.285714	1.303297
00:00:00.638	1.322344	1.293040	1.308425
00:00:00.639	1.321612	1.302564	1.308425
00:00:00.639	1.316484	1.285714	1.295971
00:00:00.639	1.307692	1.281319	1.297436
00:00:00.640	1.318681	1.314286	1.304762
00:00:00.640	1.301099	1.313553	1.307692
00:00:00.640	1.304029	1.323810	1.306227
00:00:00.641	1.305495	1.325275	1.306227
00:00:00.641	1.295238	1.312821	1.297436
00:00:00.642	1.293040	1.312088	1.297436
00:00:00.642	1.304762	1.327473	1.308425
00:00:00.642	1.308425	1.321612	1.310623
00:00:00.643	1.311355	1.318681	1.304762
00:00:00.643	1.301832	1.295971	1.298168
00:00:00.643	1.313553	1.283516	1.297436
00:00:00.644	1.319414	1.292308	1.315018
00:00:00.644	1.318681	1.291575	1.309890
00:00:00.644	1.311355	1.287912	1.305495
00:00:00.645	1.328205	1.297436	1.308425
00:00:00.645	1.320147	1.302564	1.315751
00:00:00.645	1.312088	1.302564	1.299634
00:00:00.646	1.309890	1.314286	1.306227
00:00:00.646	1.302564	1.312821	1.304029
00:00:00.646	1.301832	1.320147	1.309890
00:00:00.647	1.302564	1.324542	1.306960
00:00:00.647	1.305495	1.323077	1.304029
00:00:00.648	1.300366	1.323077	1.312821
00:00:00.648	1.300366	1.315018	1.307692
00:00:00.648	1.304029	1.301099	1.306227
00:00:00.649	1.317216	1.316484	1.309158
00:00:00.649	1.306227	1.300366	1.302564
00:00:00.649	1.320879	1.306960	1.312821
00:00:00.650	1.312088	1.293040	1.308425
00:00:00.650	1.319414	1.296703	1.312088
00:00:00.650	1.323810	1.293040	1.312088
00:00:00.651	1.324542	1.287912	1.308425
00:00:00.651	1.319414	1.295238	1.307692
00:00:00.651	1.303297	1.296703	1.303297
00:00:00.652	1.301099	1.300366	1.301832
00:00:00.652	1.298168	1.320147	1.304029
00:00:00.653	1.309890	1.329670	1.309158
00:00:00.685	1.300366	1.320879	1.308425
00:00:00.685	1.304762	1.315751	1.304762
00:00:00.685	1.307692	1.317949	1.309158
00:00:00.686	1.298168	1.287912	1.293040
00:00:00.686	1.312088	1.314286	1.307692
00:00:00.687	1.309158	1.312088	1.306960
00:00:00.687	1.316484	1.303297	1.308425
00:00:00.687	1.321612	1.305495	1.308425
00:00:00.688	1.317216	1.289377	1.299634
00:00:00.688	1.315751	1.296703	1.312088
00:00:00.688	1.311355	1.287912	1.293773
00:00:00.689	1.316484	1.299634	1.299634
00:00:00.689	1.321612	1.303297	1.304762
00:00:00.689	1.306227	1.303297	1.303297
00:00:00.691	1.299634	1.307692	1.307692
00:00:00.691	1.308425	1.320879	1.307692
00:00:00.691	1.303297	1.317216	1.300366
00:00:00.692	1.287912	1.307692	1.302564
00:00:00.692	1.296703	1.310623	1.298168
00:00:00.692	1.294505	1.309890	1.299634
00:00:00.692	1.298168	1.309890	1.304029
00:00:00.692	1.301832	1.306960	1.298901
00:00:00.694	1.317949	1.302564	1.308425
00:00:00.694	1.308425	1.279853	1.298168
00:00:00.694	1.323077	1.317216	1.317949
00:00:00.695	1.328205	1.312821	1.310623
00:00:00.695	1.316484	1.289377	1.306227
00:00:00.695	1.317216	1.295971	1.302564
00:00:00.695	1.317949	1.318681	1.308425
00:00:00.695	1.303297	1.297436	1.303297
00:00:00.695	1.309890	1.300366	1.305495
00:00:00.701	1.305495	1.288645	1.306960
00:00:00.701	1.311355	1.295238	1.305495
00:00:00.701	1.309890	1.299634	1.312088
00:00:00.701	1.298901	1.299634	1.308425
00:00:00.701	1.310623	1.324542	1.304029
00:00:00.701	1.309158	1.324542	1.299634
00:00:00.701	1.295971	1.320879	1.299634
00:00:00.701	1.310623	1.326740	1.306960
00:00:00.701	1.304762	1.300366	1.300366
00:00:00.701	1.305495	1.294505	1.298168
00:00:00.701	1.309158	1.290842	1.300366
00:00:00.701	1.315751	1.294505	1.311355
00:00:00.701	1.309158	1.294505	1.302564
00:00:00.701	1.314286	1.301832	1.298168
00:00:00.701	1.319414	1.305495	1.306960
00:00:00.701	1.316484	1.312821	1.304762
00:00:00.702	1.303297	1.300366	1.298901
00:00:00.702	1.305495	1.318681	1.304762
00:00:00.702	1.304762	1.312821	1.298168
00:00:00.734	1.298901	1.320147	1.306960
00:00:00.735	1.309158	1.328205	1.308425
00:00:00.735	1.292308	1.312821	1.303297
00:00:00.736	1.299634	1.309890	1.299634
00:00:00.736	1.309158	1.304762	1.306960
00:00:00.736	1.309890	1.293040	1.296703
00:00:00.737	1.320879	1.298168	1.310623
00:00:00.737	1.313553	1.288645	1.306960
00:00:00.737	1.315751	1.290110	1.306960
00:00:00.738	1.323810	1.306227	1.306960
00:00:00.738	1.315751	1.315018	1.307692
00:00:00.738	1.324542	1.320147	1.310623
00:00:00.739	1.313553	1.304762	1.305495
00:00:00.739	1.312821	1.306227	1.304762
00:00:00.739	1.305495	1.305495	1.295238
00:00:00.740	1.309158	1.323810	1.309158
00:00:00.740	1.304762	1.323810	1.304762
00:00:00.741	1.303297	1.334799	1.312821
00:00:00.741	1.294505	1.320147	1.305495
00:00:00.741	1.291575	1.299634	1.296703
00:00:00.742	1.304029	1.298168	1.304762
00:00:00.742	1.295971	1.284982	1.309158
00:00:00.742	1.314286	1.292308	1.304762
00:00:00.743	1.319414	1.294505	1.308425
00:00:00.743	1.319414	1.287912	1.303297
00:00:00.743	1.319414	1.287179	1.303297
00:00:00.744	1.321612	1.273260	1.310623
00:00:00.744	1.320147	1.288645	1.298168
00:00:00.744	1.314286	1.292308	1.306227
00:00:00.745	1.317216	1.298168	1.302564
00:00:00.745	1.309890	1.303297	1.306227
00:00:00.746	1.306960	1.305495	1.302564
00:00:00.747	1.307692	1.323077	1.305495
00:00:00.747	1.293773	1.325275	1.299634
00:00:00.747	1.310623	1.334066	1.303297
00:00:00.747	1.298901	1.312821	1.293773
00:00:00.747	1.306960	1.328205	1.312088
00:00:00.748	1.312088	1.314286	1.304029
00:00:00.748	1.313553	1.312088	1.309158
00:00:00.748	1.316484	1.315018	1.309158
00:00:00.750	1.317949	1.306960	1.309158
00:00:00.750	1.312821	1.297436	1.315751
00:00:00.750	1.325275	1.297436	1.309158
00:00:00.750	1.318681	1.297436	1.302564
00:00:00.750	1.318681	1.300366	1.306227
00:00:00.751	1.315018	1.302564	1.309890
00:00:00.752	1.312088	1.303297	1.298901
00:00:00.752	1.312821	1.317949	1.309158
00:00:00.752	1.309890	1.320879	1.304029
00:00:00.752	1.300366	1.317216	1.304762
00:00:00.784	1.309158	1.316484	1.305495
00:00:00.786	1.298901	1.298901	1.284982
00:00:00.786	1.300366	1.300366	1.292308
00:00:00.786	1.302564	1.305495	1.300366
00:00:00.786	1.301099	1.311355	1.307692
00:00:00.786	1.307692	1.298901	1.306227
00:00:00.786	1.318681	1.290110	1.306960
00:00:00.788	1.319414	1.316484	1.306960
00:00:00.788	1.314286	1.319414	1.314286
00:00:00.788	1.320147	1.297436	1.293773
00:00:00.789	1.323810	1.309158	1.310623
00:00:00.789	1.317949	1.299634	1.310623
00:00:00.789	1.309158	1.290842	1.302564
00:00:00.789	1.315018	1.303297	1.305495
00:00:00.790	1.315018	1.312088	1.300366
00:00:00.790	1.308425	1.301099	1.304762
00:00:00.790	1.306227	1.303297	1.309890
00:00:00.790	1.301099	1.312088	1.306960
00:00:00.796	1.304029	1.308425	1.312821
00:00:00.796	1.305495	1.319414	1.305495
00:00:00.796	1.295971	1.310623	1.306227
00:00:00.796	1.309890	1.319414	1.311355
00:00:00.796	1.306227	1.309890	1.304762
00:00:00.796	1.305495	1.300366	1.304029
00:00:00.796	1.319414	1.304762	1.305495
00:00:00.796	1.308425	1.292308	1.291575
00:00:00.796	1.316484	1.293773	1.304029
00:00:00.796	1.326740	1.299634	1.310623
00:00:00.796	1.315018	1.299634	1.304762
00:00:00.796	1.318681	1.306960	1.312088
00:00:00.796	1.317949	1.306960	1.310623
00:00:00.796	1.308425	1.306227	1.302564
00:00:00.796	1.310623	1.312088	1.306960
00:00:00.796	1.304762	1.315018	1.302564
00:00:00.796	1.304762	1.305495	1.295238
00:00:00.797	1.309158	1.322344	1.306227
00:00:00.797	1.309158	1.330403	1.304762
00:00:00.797	1.312088	1.321612	1.302564
00:00:00.798	1.301099	1.302564	1.298168
00:00:00.799	1.313553	1.297436	1.302564
00:00:00.799	1.322344	1.298901	1.307692
00:00:00.799	1.317216	1.299634	1.304762
00:00:00.799	1.317216	1.309890	1.313553
00:00:00.800	1.314286	1.300366	1.300366
00:00:00.800	1.309890	1.284249	1.297436
00:00:00.800	1.320879	1.297436	1.306227
00:00:00.801	1.317216	1.307692	1.310623
00:00:00.801	1.306960	1.303297	1.304762
00:00:00.801	1.312088	1.315751	1.312821
00:00:00.802	1.304029	1.309890	1.305495
00:00:00.834	1.306960	1.318681	1.304029
00:00:00.834	1.308425	1.318681	1.300366
00:00:00.835	1.304029	1.317949	1.298168
00:00:00.835	1.308425	1.317216	1.305495
00:00:00.835	1.307692	1.306227	1.303297
00:00:00.836	1.314286	1.295238	1.306960
00:00:00.836	1.312821	1.298901	1.303297
00:00:00.836	1.315751	1.295238	1.304029
00:00:00.837	1.317949	1.302564	1.309158
00:00:00.837	1.323810	1.311355	1.312821
00:00:00.837	1.318681	1.313553	1.300366
00:00:00.838	1.318681	1.306960	1.306227
00:00:00.838	1.313553	1.309158	1.312821
00:00:00.839	1.309158	1.296703	1.295238
00:00:00.839	1.306227	1.296703	1.297436
00:00:00.839	1.307692	1.315018	1.307692
00:00:00.840	1.302564	1.317216	1.303297
00:00:00.840	1.304762	1.326007	1.313553
00:00:00.840	1.307692	1.320879	1.304029
00:00:00.841	1.306227	1.320147	1.305495
00:00:00.841	1.293773	1.314286	1.308425
00:00:00.841	1.307692	1.308425	1.307692
00:00:00.842	1.294505	1.289377	1.301832
00:00:00.842	1.317949	1.295971	1.315018
00:00:00.842	1.315018	1.286447	1.296703
00:00:00.843	1.314286	1.293040	1.300366
00:00:00.843	1.321612	1.295971	1.306227
00:00:00.844	1.320147	1.299634	1.312088
00:00:00.844	1.323810	1.302564	1.306960
00:00:00.844	1.311355	1.304029	1.302564
00:00:00.845	1.311355	1.306960	1.311355
00:00:00.845	1.313553	1.309890	1.306227
00:00:00.845	1.300366	1.312821	1.306227
00:00:00.846	1.303297	1.316484	1.306227
00:00:00.846	1.299634	1.320147	1.302564
00:00:00.846	1.298168	1.323810	1.304762
00:00:00.847	1.303297	1.322344	1.306227
00:00:00.847	1.308425	1.314286	1.300366
00:00:00.847	1.309158	1.317949	1.312088
00:00:00.848	1.312088	1.306227	1.312821
00:00:00.848	1.294505	1.284249	1.295238
00:00:00.849	1.320879	1.295238	1.310623
00:00:00.849	1.315018	1.296703	1.304762
00:00:00.849	1.317216	1.298901	1.310623
00:00:00.850	1.322344	1.304029	1.311355
00:00:00.850	1.304029	1.284982	1.299634
00:00:00.852	1.317216	1.300366	1.306227
00:00:00.852	1.310623	1.294505	1.295971
00:00:00.852	1.315751	1.310623	1.309158
00:00:00.852	1.312088	1.327473	1.312088
00:00:00.885	1.306960	1.326007	1.306960
00:00:00.885	1.306227	1.335531	1.308425
00:00:00.885	1.307692	1.323077	1.305495
00:00:00.885	1.307692	1.318681	1.306960
00:00:00.885	1.304029	1.305495	1.300366
00:00:00.885	1.307692	1.303297	1.303297
00:00:00.887	1.310623	1.304762	1.304029
00:00:00.887	1.318681	1.296703	1.306227
00:00:00.887	1.314286	1.293773	1.304029
00:00:00.887	1.319414	1.306960	1.305495
00:00:00.887	1.316484	1.294505	1.295971
00:00:00.892	1.321612	1.297436	1.301099
00:00:00.892	1.318681	1.295971	1.306960
00:00:00.892	1.305495	1.288645	1.293040
00:00:00.892	1.315751	1.309158	1.309158
00:00:00.892	1.308425	1.309890	1.304029
00:00:00.892	1.306960	1.309890	1.312821
00:00:00.892	1.307692	1.315018	1.307692
00:00:00.892	1.304029	1.304762	1.308425
00:00:00.892	1.306960	1.298168	1.304029
00:00:00.892	1.290842	1.299634	1.294505
00:00:00.892	1.300366	1.321612	1.308425
00:00:00.892	1.313553	1.323077	1.307692
00:00:00.892	1.308425	1.320147	1.304029
00:00:00.892	1.311355	1.308425	1.300366
00:00:00.893	1.301832	1.296703	1.300366
00:00:00.893	1.314286	1.287179	1.301832
00:00:00.893	1.317216	1.262271	1.300366
00:00:00.894	1.326740	1.269597	1.302564
00:00:00.894	1.317949	1.289377	1.302564
00:00:00.894	1.304762	1.293040	1.295238
00:00:00.895	1.314286	1.312088	1.311355
00:00:00.895	1.313553	1.313553	1.304029
00:00:00.895	1.306960	1.315751	1.309158
00:00:00.896	1.309890	1.329670	1.311355
00:00:00.896	1.303297	1.326740	1.304029
00:00:00.896	1.293773	1.326007	1.303297
00:00:00.897	1.308425	1.339194	1.311355
00:00:00.897	1.306227	1.329670	1.287912
00:00:00.898	1.313553	1.328938	1.307692
00:00:00.898	1.317949	1.311355	1.306960
00:00:00.898	1.307692	1.290842	1.306960
00:00:00.899	1.320147	1.291575	1.310623
00:00:00.899	1.317216	1.290110	1.307692
00:00:00.899	1.314286	1.291575	1.304762
00:00:00.900	1.327473	1.309158	1.309890
00:00:00.900	1.317216	1.302564	1.300366
00:00:00.900	1.317216	1.310623	1.306227
00:00:00.901	1.309158	1.304762	1.300366
00:00:00.901	1.288645	1.297436	1.300366
00:00:00.933	1.308425	1.304029	1.301832
00:00:00.934	1.305495	1.309158	1.304762
00:00:00.934	1.301832	1.294505	1.302564
00:00:00.935	1.304762	1.312088	1.307692
00:00:00.935	1.299634	1.309158	1.307692
00:00:00.935	1.311355	1.309890	1.312088
00:00:00.935	1.307692	1.301099	1.300366
00:00:00.936	1.312088	1.304029	1.306227
00:00:00.936	1.313553	1.301099	1.311355
00:00:00.937	1.317216	1.298901	1.304029
00:00:00.937	1.322344	1.301099	1.305495
00:00:00.937	1.319414	1.302564	1.311355
00:00:00.938	1.313553	1.306227	1.310623
00:00:00.938	1.300366	1.296703	1.300366
00:00:00.938	1.302564	1.306960	1.302564
00:00:00.939	1.304762	1.309890	1.304762
00:00:00.939	1.310623	1.314286	1.308425
00:00:00.939	1.308425	1.310623	1.309890
00:00:00.940	1.309158	1.309158	1.308425
00:00:00.940	1.298168	1.298168	1.292308
00:00:00.940	1.297436	1.306227	1.306960
00:00:00.941	1.306227	1.318681	1.307692
00:00:00.941	1.307692	1.318681	1.302564
00:00:00.942	1.312821	1.324542	1.311355
00:00:00.942	1.313553	1.306960	1.310623
00:00:00.942	1.319414	1.303297	1.309158
00:00:00.943	1.324542	1.304029	1.313553
00:00:00.943	1.316484	1.291575	1.309890
00:00:00.943	1.320879	1.290110	1.310623
00:00:00.944	1.320147	1.303297	1.307692
00:00:00.944	1.311355	1.304029	1.295971
00:00:00.944	1.307692	1.315018	1.308425
00:00:00.946	1.315018	1.314286	1.307692
00:00:00.946	1.290110	1.293040	1.295238
00:00:00.946	1.304029	1.309158	1.300366
00:00:00.947	1.301832	1.314286	1.308425
00:00:00.947	1.301099	1.320147	1.306227
00:00:00.947	1.303297	1.312821	1.303297
00:00:00.949	1.303297	1.301099	1.300366
00:00:00.949	1.312088	1.313553	1.295238
00:00:00.949	1.312821	1.312088	1.311355
00:00:00.949	1.320879	1.309158	1.309890
00:00:00.949	1.313553	1.293040	1.302564
00:00:00.950	1.319414	1.285714	1.296703
00:00:00.950	1.322344	1.293773	1.309158
00:00:00.950	1.320879	1.298901	1.305495
00:00:00.950	1.306960	1.293773	1.299634
00:00:00.955	1.320879	1.301099	1.306960
00:00:00.955	1.309158	1.306227	1.296703
00:00:00.955	1.309158	1.322344	1.306960
00:00:00.987	1.290110	1.314286	1.295971
00:00:00.987	1.294505	1.307692	1.297436
00:00:00.987	1.301832	1.301099	1.294505
00:00:00.987	1.302564	1.312088	1.296703
00:00:00.987	1.303297	1.326007	1.309890
00:00:00.987	1.310623	1.324542	1.306960
00:00:00.987	1.310623	1.308425	1.305495
00:00:00.987	1.297436	1.286447	1.301832
00:00:00.987	1.316484	1.287912	1.312088
00:00:00.987	1.315018	1.287179	1.309158
00:00:00.987	1.323077	1.300366	1.310623
00:00:00.987	1.310623	1.281319	1.296703
00:00:00.987	1.313553	1.300366	1.305495
00:00:00.988	1.317949	1.306227	1.306960
00:00:00.988	1.319414	1.299634	1.312821
00:00:00.988	1.298901	1.296703	1.304762
00:00:00.989	1.300366	1.301099	1.292308
00:00:00.989	1.304029	1.317216	1.307692
00:00:00.989	1.300366	1.324542	1.308425
00:00:00.990	1.298168	1.318681	1.304762
00:00:00.990	1.299634	1.321612	1.291575
00:00:00.991	1.295238	1.328205	1.298901
00:00:00.991	1.306960	1.331136	1.306960
00:00:00.991	1.308425	1.317216	1.306960
00:00:00.992	1.314286	1.296703	1.300366
00:00:00.992	1.302564	1.285714	1.298901
00:00:00.992	1.316484	1.293773	1.293040
00:00:00.993	1.322344	1.317949	1.304029
00:00:00.993	1.317949	1.296703	1.304762
00:00:00.993	1.310623	1.285714	1.308425
00:00:00.994	1.317216	1.271795	1.294505
00:00:00.994	1.317216	1.287179	1.307692
