timestamp	ch1	ch2	ch3
00:00:00.000	1.306960	1.326740	1.306227
00:00:00.000	1.298901	1.326007	1.307692
00:00:00.001	1.295971	1.331136	1.297436
00:00:00.002	1.299634	1.355311	1.311355
00:00:00.002	1.299634	1.353114	1.296703
00:00:00.002	1.308425	1.340659	1.306227
00:00:00.002	1.309158	1.292308	1.303297
00:00:00.002	1.308425	1.290842	1.303297
00:00:00.003	1.314286	1.275458	1.308425
00:00:00.003	1.308425	1.224176	1.295238
00:00:00.004	1.321612	1.232967	1.304029
00:00:00.004	1.312088	1.260073	1.301832
00:00:00.004	1.310623	1.291575	1.307692
00:00:00.006	1.318681	1.316484	1.305495
00:00:00.006	1.304029	1.317949	1.296703
00:00:00.006	1.316484	1.342125	1.309890
00:00:00.006	1.307692	1.331868	1.298901
00:00:00.006	1.305495	1.326740	1.308425
00:00:00.006	1.304029	1.334066	1.306960
00:00:00.009	1.293040	1.333333	1.300366
00:00:00.009	1.306960	1.328205	1.308425
00:00:00.039	1.300366	1.312821	1.300366
00:00:00.042	1.307692	1.311355	1.314286
00:00:00.042	1.309158	1.290842	1.304762
00:00:00.042	1.314286	1.282051	1.309158
00:00:00.042	1.317949	1.276923	1.303297
00:00:00.042	1.318681	1.296703	1.304029
00:00:00.042	1.321612	1.309158	1.304029
00:00:00.042	1.320879	1.306227	1.303297
00:00:00.042	1.315751	1.306227	1.300366
00:00:00.046	1.314286	1.301099	1.303297
00:00:00.046	1.315018	1.305495	1.308425
00:00:00.046	1.308425	1.308425	1.308425
00:00:00.046	1.304029	1.315751	1.304762
00:00:00.046	1.299634	1.324542	1.298168
00:00:00.046	1.291575	1.321612	1.303297
00:00:00.046	1.310623	1.328205	1.306227
00:00:00.046	1.291575	1.315018	1.298168
00:00:00.046	1.288645	1.317949	1.297436
00:00:00.046	1.304762	1.322344	1.306960
00:00:00.046	1.312088	1.315018	1.312088
00:00:00.046	1.314286	1.306227	1.308425
00:00:00.047	1.299634	1.261538	1.296703
00:00:00.047	1.299634	1.269597	1.300366
00:00:00.048	1.323077	1.298168	1.312088
00:00:00.048	1.318681	1.298901	1.305495
00:00:00.048	1.317216	1.268864	1.305495
00:00:00.049	1.320879	1.302564	1.309158
00:00:00.049	1.315018	1.367766	1.300366
00:00:00.049	1.317216	1.338462	1.313553
00:00:00.050	1.297436	1.285714	1.306227
00:00:00.050	1.293773	1.282784	1.298901
00:00:00.050	1.302564	1.306227	1.295971
00:00:00.051	1.298901	1.312088	1.302564
00:00:00.051	1.292308	1.310623	1.306960
00:00:00.052	1.309158	1.320879	1.307692
00:00:00.052	1.296703	1.301832	1.300366
00:00:00.052	1.313553	1.315018	1.304029
00:00:00.053	1.314286	1.304762	1.308425
00:00:00.053	1.305495	1.286447	1.295971
00:00:00.053	1.323810	1.297436	1.307692
00:00:00.054	1.315018	1.290842	1.302564
00:00:00.054	1.317949	1.292308	1.306227
00:00:00.054	1.304762	1.284249	1.298901
00:00:00.055	1.309158	1.293773	1.289377
00:00:00.055	1.315018	1.306960	1.308425
00:00:00.055	1.308425	1.306960	1.301832
00:00:00.056	1.306227	1.317949	1.306960
00:00:00.056	1.305495	1.326007	1.304029
00:00:00.057	1.298901	1.323810	1.307692
00:00:00.057	1.303297	1.318681	1.306960
00:00:00.089	1.312821	1.327473	1.308425
00:00:00.089	1.309890	1.320879	1.303297
00:00:00.090	1.311355	1.309158	1.316484
00:00:00.090	1.312088	1.303297	1.307692
00:00:00.090	1.313553	1.290842	1.296703
00:00:00.091	1.320879	1.285714	1.307692
00:00:00.091	1.314286	1.289377	1.293040
00:00:00.092	1.309158	1.306227	1.312088
00:00:00.092	1.320879	1.318681	1.309158
00:00:00.092	1.309890	1.306227	1.305495
00:00:00.093	1.323077	1.304762	1.311355
00:00:00.093	1.320879	1.289377	1.300366
00:00:00.093	1.298168	1.291575	1.300366
00:00:00.094	1.313553	1.294505	1.307692
00:00:00.094	1.295238	1.276190	1.303297
00:00:00.094	1.314286	1.296703	1.306227
00:00:00.095	1.300366	1.292308	1.298901
00:00:00.095	1.292308	1.290110	1.300366
00:00:00.095	1.300366	1.317949	1.303297
00:00:00.096	1.290842	1.316484	1.300366
00:00:00.096	1.307692	1.317949	1.300366
00:00:00.098	1.317949	1.312821	1.304762
00:00:00.098	1.307692	1.297436	1.299634
00:00:00.098	1.308425	1.296703	1.296703
00:00:00.098	1.314286	1.298901	1.290842
00:00:00.100	1.309158	1.295971	1.299634
00:00:00.100	1.316484	1.306227	1.300366
00:00:00.100	1.320147	1.319414	1.314286
00:00:00.100	1.301832	1.307692	1.303297
00:00:00.100	1.312821	1.317216	1.308425
00:00:00.100	1.301099	1.316484	1.305495
00:00:00.100	1.300366	1.313553	1.304762
00:00:00.102	1.297436	1.312088	1.304029
00:00:00.102	1.290110	1.298168	1.298168
00:00:00.102	1.301832	1.320879	1.293040
00:00:00.102	1.309158	1.325275	1.312088
00:00:00.102	1.306227	1.313553	1.312821
00:00:00.102	1.311355	1.326740	1.284982
00:00:00.103	1.320879	1.326740	1.300366
00:00:00.103	1.319414	1.305495	1.307692
00:00:00.103	1.322344	1.287912	1.295238
00:00:00.106	1.317216	1.287912	1.307692
00:00:00.106	1.308425	1.284249	1.297436
00:00:00.106	1.317949	1.294505	1.308425
00:00:00.106	1.312088	1.295971	1.306960
00:00:00.106	1.306227	1.295971	1.306960
00:00:00.106	1.300366	1.304029	1.302564
00:00:00.106	1.311355	1.321612	1.311355
00:00:00.106	1.302564	1.323810	1.309158
00:00:00.110	1.288645	1.324542	1.299634
00:00:00.139	1.306960	1.332601	1.311355
00:00:00.139	1.304029	1.319414	1.305495
00:00:00.143	1.304762	1.309158	1.306960
00:00:00.143	1.312088	1.306227	1.307692
00:00:00.143	1.302564	1.280586	1.287912
00:00:00.143	1.316484	1.291575	1.300366
00:00:00.143	1.317216	1.293773	1.300366
00:00:00.143	1.320879	1.278388	1.308425
00:00:00.143	1.324542	1.259341	1.306227
00:00:00.143	1.306227	1.252747	1.296703
00:00:00.143	1.322344	1.293040	1.312821
00:00:00.143	1.323810	1.323077	1.318681
00:00:00.143	1.304762	1.309890	1.295238
00:00:00.143	1.296703	1.315018	1.310623
00:00:00.144	1.311355	1.321612	1.307692
00:00:00.144	1.299634	1.331868	1.300366
00:00:00.145	1.302564	1.331868	1.309158
00:00:00.145	1.304762	1.324542	1.300366
00:00:00.145	1.295238	1.309158	1.295238
00:00:00.146	1.315751	1.339194	1.309890
00:00:00.146	1.310623	1.338462	1.300366
00:00:00.146	1.301832	1.318681	1.297436
00:00:00.147	1.309158	1.304762	1.302564
00:00:00.147	1.323810	1.286447	1.309158
00:00:00.147	1.323810	1.273993	1.307692
00:00:00.148	1.309158	1.260073	1.304029
00:00:00.148	1.317949	1.242491	1.300366
00:00:00.148	1.327473	1.265201	1.309158
00:00:00.149	1.317216	1.298901	1.306960
00:00:00.149	1.309890	1.315018	1.310623
00:00:00.150	1.304762	1.303297	1.303297
00:00:00.151	1.304762	1.325275	1.306227
00:00:00.151	1.301832	1.328938	1.307692
00:00:00.151	1.293773	1.322344	1.306960
00:00:00.151	1.307692	1.353114	1.309890
00:00:00.151	1.312821	1.367766	1.312821
00:00:00.152	1.302564	1.336996	1.308425
00:00:00.152	1.309890	1.315018	1.311355
00:00:00.152	1.312821	1.297436	1.305495
00:00:00.153	1.321612	1.291575	1.309890
00:00:00.153	1.325275	1.299634	1.309890
00:00:00.153	1.320879	1.290842	1.296703
00:00:00.154	1.315751	1.290110	1.306227
00:00:00.154	1.313553	1.288645	1.300366
00:00:00.155	1.311355	1.302564	1.306227
00:00:00.155	1.316484	1.317949	1.309158
00:00:00.155	1.309158	1.328205	1.306227
00:00:00.156	1.291575	1.317216	1.294505
00:00:00.156	1.303297	1.321612	1.304762
00:00:00.156	1.298168	1.315018	1.302564
00:00:00.189	1.304762	1.292308	1.304762
00:00:00.189	1.311355	1.304029	1.312821
00:00:00.189	1.295971	1.297436	1.300366
00:00:00.190	1.301832	1.296703	1.302564
00:00:00.190	1.311355	1.277656	1.298168
00:00:00.190	1.312088	1.278388	1.309158
00:00:00.191	1.306960	1.273993	1.302564
00:00:00.191	1.312088	1.286447	1.306227
00:00:00.191	1.327473	1.307692	1.311355
00:00:00.192	1.311355	1.309890	1.297436
00:00:00.192	1.329670	1.359707	1.310623
00:00:00.192	1.320879	1.342125	1.307692
00:00:00.193	1.307692	1.318681	1.303297
00:00:00.193	1.312088	1.320879	1.306227
00:00:00.194	1.304029	1.331136	1.304762
00:00:00.194	1.298901	1.302564	1.297436
00:00:00.194	1.302564	1.329670	1.304029
00:00:00.195	1.294505	1.332601	1.300366
00:00:00.195	1.306227	1.326740	1.315751
00:00:00.195	1.312088	1.305495	1.304762
00:00:00.196	1.311355	1.291575	1.308425
00:00:00.197	1.317216	1.273260	1.304029
00:00:00.197	1.315018	1.260806	1.287912
00:00:00.197	1.307692	1.248352	1.291575
00:00:00.197	1.322344	1.271062	1.302564
00:00:00.197	1.321612	1.294505	1.306227
00:00:00.199	1.323810	1.299634	1.305495
00:00:00.199	1.306227	1.292308	1.303297
00:00:00.199	1.312088	1.303297	1.306227
00:00:00.199	1.309890	1.318681	1.300366
00:00:00.199	1.310623	1.330403	1.309158
00:00:00.200	1.303297	1.332601	1.302564
00:00:00.200	1.293773	1.331868	1.298168
00:00:00.200	1.291575	1.323810	1.297436
00:00:00.202	1.297436	1.321612	1.300366
00:00:00.202	1.309158	1.320147	1.314286
00:00:00.202	1.300366	1.303297	1.297436
00:00:00.203	1.309890	1.296703	1.306227
00:00:00.203	1.318681	1.277656	1.301832
00:00:00.203	1.317949	1.282784	1.306227
00:00:00.203	1.321612	1.303297	1.307692
00:00:00.203	1.317216	1.297436	1.306960
00:00:00.208	1.317949	1.292308	1.306960
00:00:00.208	1.317949	1.296703	1.306227
00:00:00.208	1.313553	1.301832	1.300366
00:00:00.208	1.314286	1.311355	1.306960
00:00:00.208	1.301832	1.316484	1.299634
00:00:00.208	1.308425	1.320147	1.304762
00:00:00.208	1.296703	1.313553	1.295238
00:00:00.208	1.298168	1.314286	1.295971
00:00:00.238	1.301099	1.317216	1.304029
00:00:00.239	1.289377	1.303297	1.296703
00:00:00.239	1.306960	1.312821	1.306960
00:00:00.239	1.310623	1.319414	1.304029
00:00:00.240	1.302564	1.293773	1.295238
00:00:00.240	1.318681	1.299634	1.304762
00:00:00.240	1.320147	1.293773	1.304762
00:00:00.241	1.318681	1.292308	1.300366
00:00:00.241	1.320879	1.283516	1.298168
00:00:00.241	1.323077	1.290110	1.304029
00:00:00.242	1.320879	1.296703	1.301832
00:00:00.242	1.320879	1.313553	1.315751
00:00:00.243	1.313553	1.309158	1.309890
00:00:00.243	1.309158	1.325275	1.314286
00:00:00.243	1.306960	1.325275	1.306960
00:00:00.244	1.295971	1.317949	1.299634
00:00:00.244	1.305495	1.323077	1.312088
00:00:00.244	1.300366	1.320147	1.306227
00:00:00.245	1.304762	1.316484	1.295238
00:00:00.245	1.309890	1.341392	1.311355
00:00:00.245	1.309158	1.317216	1.298901
00:00:00.246	1.317949	1.318681	1.306227
00:00:00.246	1.317949	1.307692	1.304029
00:00:00.246	1.304762	1.279121	1.292308
00:00:00.247	1.320879	1.253480	1.300366
00:00:00.247	1.314286	1.224176	1.294505
00:00:00.248	1.320879	1.254212	1.304029
00:00:00.248	1.316484	1.271795	1.302564
00:00:00.248	1.318681	1.309158	1.304762
