timestamp	ch1	ch2	ch3
00:00:00.000	1.315751	1.317216	1.306960
00:00:00.000	1.307692	1.313553	1.295238
00:00:00.001	1.301832	1.312088	1.300366
00:00:00.001	1.295238	1.302564	1.295971
00:00:00.001	1.297436	1.323810	1.291575
00:00:00.003	1.300366	1.324542	1.304762
00:00:00.003	1.296703	1.321612	1.308425
00:00:00.003	1.298901	1.312088	1.305495
00:00:00.003	1.313553	1.306960	1.305495
00:00:00.003	1.310623	1.290110	1.298168
00:00:00.003	1.314286	1.287912	1.308425
00:00:00.007	1.322344	1.287179	1.311355
00:00:00.007	1.322344	1.289377	1.303297
00:00:00.007	1.325275	1.301832	1.307692
00:00:00.007	1.324542	1.303297	1.303297
00:00:00.007	1.315751	1.304029	1.308425
00:00:00.007	1.315751	1.301832	1.303297
00:00:00.007	1.306960	1.279853	1.294505
00:00:00.007	1.312088	1.287912	1.299634
00:00:00.007	1.302564	1.309158	1.299634
00:00:00.007	1.296703	1.314286	1.309158
00:00:00.007	1.306227	1.318681	1.302564
00:00:00.008	1.304029	1.326740	1.309890
00:00:00.008	1.306960	1.324542	1.307692
00:00:00.008	1.312088	1.323810	1.309158
00:00:00.009	1.321612	1.339927	1.312088
00:00:00.009	1.309890	1.339927	1.306227
00:00:00.010	1.320147	1.340659	1.300366
00:00:00.010	1.323810	1.356777	1.300366
00:00:00.010	1.322344	1.354579	1.288645
00:00:00.011	1.312088	1.333333	1.287912
00:00:00.011	1.322344	1.300366	1.298168
00:00:00.011	1.315751	1.268864	1.304762
00:00:00.012	1.310623	1.241758	1.297436
00:00:00.012	1.310623	1.239560	1.299634
00:00:00.012	1.284249	1.213187	1.298168
00:00:00.013	1.280586	1.235897	1.279121
00:00:00.013	1.279853	1.259341	1.296703
00:00:00.013	1.292308	1.298168	1.305495
00:00:00.014	1.294505	1.342125	1.317216
00:00:00.015	1.297436	1.301099	1.303297
00:00:00.015	1.313553	1.293040	1.312088
00:00:00.015	1.300366	1.247619	1.309158
00:00:00.015	1.312088	1.283516	1.319414
00:00:00.016	1.326007	1.284249	1.320879
00:00:00.016	1.320879	1.278388	1.306227
00:00:00.016	1.318681	1.306227	1.327473
00:00:00.017	1.306227	1.321612	1.310623
00:00:00.017	1.329670	1.345055	1.326007
00:00:00.017	1.320879	1.339194	1.315018
00:00:00.050	1.295238	1.343590	1.311355
00:00:00.050	1.281319	1.331868	1.304029
00:00:00.050	1.296703	1.332601	1.305495
00:00:00.051	1.305495	1.324542	1.293773
00:00:00.051	1.323810	1.338462	1.298901
00:00:00.051	1.316484	1.345055	1.306960
00:00:00.052	1.312088	1.330403	1.297436
00:00:00.052	1.317216	1.323077	1.300366
00:00:00.052	1.320147	1.325275	1.293040
00:00:00.053	1.325275	1.325275	1.301832
00:00:00.053	1.322344	1.325275	1.302564
00:00:00.054	1.311355	1.311355	1.293040
00:00:00.054	1.325275	1.314286	1.305495
00:00:00.054	1.322344	1.300366	1.300366
00:00:00.055	1.326007	1.295238	1.308425
00:00:00.055	1.325275	1.259341	1.300366
00:00:00.055	1.309890	1.242491	1.292308
00:00:00.056	1.318681	1.263736	1.309158
00:00:00.056	1.302564	1.284982	1.301832
00:00:00.056	1.306960	1.317949	1.306227
00:00:00.057	1.299634	1.309158	1.298168
00:00:00.057	1.300366	1.336264	1.307692
00:00:00.057	1.301099	1.330403	1.306960
00:00:00.058	1.295971	1.335531	1.300366
00:00:00.058	1.296703	1.346520	1.300366
00:00:00.059	1.308425	1.373626	1.309158
00:00:00.059	1.306960	1.356044	1.298168
00:00:00.059	1.315018	1.331868	1.306960
00:00:00.060	1.314286	1.315018	1.315751
00:00:00.060	1.325275	1.329670	1.304762
00:00:00.060	1.327473	1.325275	1.311355
00:00:00.061	1.323810	1.323077	1.304762
00:00:00.061	1.319414	1.271062	1.299634
00:00:00.061	1.296703	1.180220	1.293773
00:00:00.062	1.313553	1.219048	1.298168
00:00:00.062	1.311355	1.229304	1.300366
00:00:00.062	1.304029	1.200733	1.300366
00:00:00.063	1.301832	1.227839	1.300366
00:00:00.063	1.293773	1.260073	1.298168
00:00:00.065	1.297436	1.313553	1.300366
00:00:00.065	1.289377	1.336264	1.297436
00:00:00.065	1.312088	1.353846	1.293773
00:00:00.065	1.318681	1.346520	1.290110
00:00:00.065	1.302564	1.329670	1.291575
00:00:00.065	1.307692	1.319414	1.282051
00:00:00.067	1.317216	1.304762	1.296703
00:00:00.067	1.312088	1.291575	1.314286
00:00:00.067	1.321612	1.262271	1.316484
00:00:00.067	1.313553	1.304029	1.322344
00:00:00.067	1.315018	1.362637	1.331868
00:00:00.099	1.331868	1.449817	1.332601
00:00:00.103	1.325275	1.465934	1.326007
00:00:00.103	1.335531	1.435165	1.315018
00:00:00.103	1.320879	1.356044	1.320147
00:00:00.103	1.295971	1.262271	1.306960
00:00:00.103	1.267399	1.180220	1.289377
00:00:00.103	1.247619	1.121612	1.282051
00:00:00.103	1.257875	1.123077	1.284249
00:00:00.103	1.265201	1.187546	1.288645
00:00:00.103	1.288645	1.302564	1.296703
00:00:00.103	1.301832	1.360440	1.304762
00:00:00.103	1.315751	1.347253	1.302564
00:00:00.104	1.323077	1.345055	1.307692
00:00:00.104	1.324542	1.413187	1.309158
00:00:00.104	1.328938	1.348718	1.293040
00:00:00.105	1.320147	1.294505	1.300366
00:00:00.105	1.326740	1.279853	1.306960
00:00:00.105	1.323810	1.276190	1.300366
00:00:00.106	1.320879	1.272527	1.313553
00:00:00.106	1.319414	1.371429	1.312821
00:00:00.107	1.308425	1.474725	1.306960
00:00:00.107	1.311355	1.493773	1.312821
00:00:00.107	1.318681	1.399267	1.323077
00:00:00.108	1.309158	1.333333	1.317949
00:00:00.108	1.311355	1.265934	1.312821
00:00:00.108	1.309890	1.178755	1.297436
00:00:00.109	1.301832	1.220513	1.285714
00:00:00.109	1.301099	1.259341	1.282784
00:00:00.109	1.310623	1.276190	1.300366
00:00:00.110	1.307692	1.208791	1.304029
00:00:00.110	1.299634	1.184615	1.293773
00:00:00.110	1.323810	1.232234	1.304762
00:00:00.111	1.312088	1.213187	1.300366
00:00:00.111	1.300366	1.259341	1.304029
00:00:00.112	1.314286	1.286447	1.300366
00:00:00.112	1.307692	1.304029	1.293773
00:00:00.112	1.307692	1.359707	1.297436
00:00:00.113	1.305495	1.366300	1.298168
00:00:00.113	1.306227	1.366300	1.309890
00:00:00.113	1.305495	1.369231	1.304762
00:00:00.114	1.306227	1.372894	1.295971
00:00:00.114	1.309158	1.400000	1.308425
00:00:00.114	1.319414	1.389011	1.301832
00:00:00.115	1.326007	1.369963	1.312821
00:00:00.115	1.325275	1.326740	1.310623
00:00:00.115	1.319414	1.312821	1.306227
00:00:00.116	1.326007	1.311355	1.306227
00:00:00.116	1.321612	1.302564	1.300366
00:00:00.117	1.322344	1.266667	1.304762
00:00:00.117	1.325275	1.234432	1.304762
00:00:00.149	1.302564	1.213187	1.287912
00:00:00.149	1.306227	1.280586	1.305495
00:00:00.150	1.284249	1.282051	1.296703
00:00:00.150	1.271795	1.320147	1.295971
00:00:00.151	1.285714	1.339194	1.304762
00:00:00.151	1.274725	1.348718	1.290842
00:00:00.151	1.289377	1.325275	1.303297
00:00:00.152	1.303297	1.277656	1.305495
00:00:00.152	1.297436	1.260806	1.303297
00:00:00.152	1.311355	1.282051	1.313553
00:00:00.153	1.310623	1.266667	1.302564
00:00:00.153	1.330403	1.260073	1.300366
00:00:00.153	1.339927	1.306227	1.306960
00:00:00.154	1.329670	1.322344	1.300366
00:00:00.154	1.325275	1.334066	1.309158
00:00:00.154	1.322344	1.336996	1.300366
00:00:00.155	1.313553	1.362637	1.309158
00:00:00.155	1.325275	1.358242	1.310623
00:00:00.156	1.307692	1.330403	1.299634
00:00:00.156	1.314286	1.345055	1.308425
00:00:00.156	1.306227	1.334066	1.282784
00:00:00.157	1.302564	1.322344	1.280586
00:00:00.157	1.294505	1.291575	1.291575
00:00:00.157	1.295971	1.260073	1.297436
00:00:00.158	1.300366	1.265201	1.304762
00:00:00.158	1.303297	1.278388	1.315751
00:00:00.158	1.315018	1.294505	1.328938
00:00:00.161	1.318681	1.325275	1.317216
00:00:00.161	1.333333	1.376557	1.326740
00:00:00.161	1.320879	1.320147	1.299634
00:00:00.161	1.317216	1.278388	1.300366
00:00:00.161	1.318681	1.224908	1.300366
00:00:00.161	1.308425	1.210256	1.306227
00:00:00.161	1.300366	1.209524	1.300366
00:00:00.161	1.300366	1.232234	1.308425
00:00:00.163	1.312821	1.261538	1.306227
00:00:00.163	1.309890	1.341392	1.306960
00:00:00.163	1.308425	1.396337	1.309890
00:00:00.163	1.298168	1.402930	1.310623
00:00:00.163	1.295238	1.402930	1.306227
00:00:00.163	1.315018	1.366300	1.300366
00:00:00.167	1.318681	1.344322	1.303297
00:00:00.167	1.315018	1.303297	1.300366
00:00:00.167	1.309158	1.235897	1.294505
00:00:00.167	1.317216	1.227839	1.306960
00:00:00.167	1.317949	1.251282	1.306227
00:00:00.167	1.314286	1.282784	1.306960
00:00:00.167	1.316484	1.320147	1.306227
00:00:00.167	1.295971	1.316484	1.296703
00:00:00.167	1.312088	1.332601	1.309890
00:00:00.199	1.298901	1.322344	1.304762
00:00:00.199	1.287179	1.306227	1.305495
00:00:00.200	1.283516	1.301099	1.295971
00:00:00.200	1.295238	1.317949	1.298901
00:00:00.200	1.304029	1.315018	1.290842
00:00:00.201	1.329670	1.350916	1.312088
00:00:00.201	1.331868	1.350916	1.297436
00:00:00.201	1.334799	1.389744	1.312088
00:00:00.202	1.320879	1.457875	1.312821
00:00:00.202	1.311355	1.443956	1.310623
00:00:00.202	1.317949	1.353114	1.309890
00:00:00.204	1.312088	1.319414	1.305495
00:00:00.204	1.317949	1.301099	1.309158
00:00:00.204	1.321612	1.238828	1.312821
00:00:00.204	1.298168	1.098168	1.289377
00:00:00.204	1.296703	1.147253	1.296703
00:00:00.205	1.307692	1.159707	1.298168
00:00:00.205	1.304762	1.181685	1.301832
00:00:00.205	1.298901	1.247619	1.309158
00:00:00.206	1.289377	1.264469	1.290842
00:00:00.206	1.303297	1.264469	1.303297
00:00:00.206	1.304029	1.290842	1.285714
00:00:00.207	1.307692	1.343590	1.306227
00:00:00.207	1.299634	1.361905	1.290842
00:00:00.207	1.304762	1.368498	1.300366
00:00:00.208	1.306227	1.367033	1.310623
00:00:00.208	1.293773	1.345788	1.300366
00:00:00.208	1.317949	1.347985	1.307692
00:00:00.209	1.326007	1.346520	1.310623
00:00:00.209	1.320879	1.336264	1.308425
00:00:00.210	1.328938	1.323810	1.310623
00:00:00.210	1.331868	1.303297	1.314286
00:00:00.210	1.331868	1.310623	1.308425
00:00:00.211	1.326740	1.309158	1.309890
00:00:00.211	1.318681	1.306960	1.304762
00:00:00.211	1.309890	1.303297	1.303297
00:00:00.212	1.302564	1.334799	1.296703
00:00:00.212	1.295238	1.367766	1.312821
00:00:00.212	1.303297	1.356044	1.309890
00:00:00.213	1.292308	1.300366	1.298168
00:00:00.213	1.306227	1.281319	1.300366
00:00:00.213	1.295971	1.278388	1.304762
00:00:00.214	1.300366	1.275458	1.298901
00:00:00.214	1.314286	1.282784	1.310623
00:00:00.215	1.315751	1.312088	1.312821
00:00:00.215	1.308425	1.307692	1.304762
00:00:00.215	1.316484	1.319414	1.300366
00:00:00.216	1.317949	1.284249	1.294505
00:00:00.216	1.314286	1.289377	1.291575
00:00:00.216	1.317949	1.304762	1.304029
00:00:00.249	1.309158	1.294505	1.299634
00:00:00.249	1.309890	1.312821	1.298901
00:00:00.249	1.315018	1.347985	1.306960
00:00:00.250	1.309158	1.372161	1.306960
00:00:00.250	1.298168	1.369963	1.304029
00:00:00.250	1.306227	1.343590	1.309158
00:00:00.251	1.293040	1.300366	1.302564
00:00:00.251	1.306960	1.293773	1.309158
00:00:00.251	1.300366	1.254945	1.298901
00:00:00.252	1.292308	1.306960	1.301832
00:00:00.252	1.315018	1.322344	1.310623
00:00:00.252	1.317216	1.289377	1.292308
00:00:00.253	1.317216	1.234432	1.304762
00:00:00.253	1.321612	1.186081	1.306960
00:00:00.254	1.309158	1.186813	1.295971
00:00:00.254	1.320879	1.224176	1.303297
00:00:00.254	1.309890	1.317949	1.291575
00:00:00.255	1.323077	1.402198	1.300366
00:00:00.259	1.315751	1.394139	1.307692
00:00:00.259	1.310623	1.350916	1.306960
00:00:00.259	1.312088	1.335531	1.309158
00:00:00.259	1.304029	1.300366	1.306227
00:00:00.259	1.296703	1.248352	1.304762
00:00:00.259	1.303297	1.189011	1.304029
00:00:00.259	1.302564	1.266667	1.301832
00:00:00.259	1.303297	1.323077	1.293773
00:00:00.259	1.310623	1.353846	1.311355
00:00:00.259	1.315751	1.336264	1.307692
00:00:00.259	1.305495	1.318681	1.300366
00:00:00.259	1.330403	1.353846	1.312821
00:00:00.259	1.312088	1.338462	1.300366
00:00:00.263	1.314286	1.315018	1.303297
00:00:00.263	1.319414	1.306227	1.306227
00:00:00.263	1.318681	1.308425	1.300366
00:00:00.263	1.320879	1.292308	1.303297
00:00:00.263	1.300366	1.282784	1.297436
00:00:00.263	1.306227	1.320879	1.307692
00:00:00.263	1.306227	1.350183	1.306227
00:00:00.263	1.303297	1.364835	1.304029
00:00:00.263	1.301099	1.389011	1.304762
00:00:00.263	1.300366	1.400000	1.302564
00:00:00.263	1.309158	1.350183	1.306960
00:00:00.264	1.307692	1.298168	1.300366
00:00:00.264	1.306960	1.227106	1.297436
00:00:00.264	1.312821	1.226374	1.308425
00:00:00.265	1.322344	1.202198	1.306227
00:00:00.265	1.314286	1.190476	1.294505
00:00:00.265	1.315018	1.260806	1.297436
00:00:00.266	1.315751	1.282051	1.306227
00:00:00.266	1.315018	1.300366	1.302564
00:00:00.298	1.326740	1.321612	1.313553
00:00:00.299	1.323077	1.329670	1.311355
00:00:00.299	1.317216	1.333333	1.306960
00:00:00.299	1.304762	1.359707	1.307692
00:00:00.300	1.308425	1.374359	1.300366
00:00:00.300	1.309158	1.345788	1.306227
00:00:00.300	1.297436	1.320147	1.306227
00:00:00.301	1.295971	1.334066	1.297436
00:00:00.301	1.299634	1.331868	1.309158
00:00:00.301	1.306227	1.285714	1.303297
00:00:00.302	1.308425	1.241758	1.300366
00:00:00.302	1.304762	1.263736	1.296703
00:00:00.303	1.317949	1.287912	1.300366
00:00:00.303	1.317949	1.292308	1.315018
00:00:00.303	1.318681	1.315751	1.305495
00:00:00.304	1.314286	1.315751	1.307692
00:00:00.304	1.316484	1.306227	1.300366
00:00:00.304	1.310623	1.300366	1.304762
00:00:00.305	1.315751	1.298168	1.310623
00:00:00.305	1.320147	1.316484	1.306960
00:00:00.305	1.302564	1.318681	1.292308
00:00:00.306	1.292308	1.333333	1.300366
00:00:00.306	1.305495	1.330403	1.306227
00:00:00.306	1.289377	1.281319	1.295238
00:00:00.307	1.297436	1.278388	1.301832
00:00:00.308	1.304762	1.303297	1.303297
00:00:00.308	1.295238	1.315018	1.295971
00:00:00.308	1.313553	1.337729	1.304762
00:00:00.308	1.317216	1.342125	1.300366
00:00:00.309	1.304029	1.315018	1.305495
00:00:00.309	1.320879	1.293773	1.300366
00:00:00.309	1.324542	1.274725	1.309158
00:00:00.310	1.315751	1.245421	1.310623
00:00:00.310	1.320879	1.293040	1.307692
00:00:00.310	1.322344	1.367766	1.312088
00:00:00.311	1.317949	1.401465	1.304762
00:00:00.311	1.306960	1.376557	1.300366
00:00:00.311	1.284249	1.310623	1.293040
00:00:00.312	1.295971	1.267399	1.304762
00:00:00.312	1.290842	1.239560	1.300366
00:00:00.313	1.289377	1.223443	1.302564
00:00:00.313	1.293040	1.224176	1.304029
00:00:00.313	1.297436	1.208791	1.289377
00:00:00.314	1.313553	1.271062	1.314286
00:00:00.314	1.317216	1.278388	1.303297
00:00:00.314	1.327473	1.306227	1.310623
00:00:00.315	1.329670	1.305495	1.308425
00:00:00.315	1.329670	1.306227	1.307692
00:00:00.315	1.322344	1.334799	1.313553
00:00:00.316	1.328938	1.361172	1.306960
00:00:00.348	1.323810	1.372161	1.299634
00:00:00.348	1.313553	1.367766	1.295238
00:00:00.349	1.317216	1.362637	1.307692
00:00:00.350	1.306960	1.331868	1.302564
00:00:00.350	1.312821	1.309158	1.310623
00:00:00.350	1.295971	1.275458	1.304762
00:00:00.350	1.304029	1.241026	1.309890
00:00:00.350	1.295971	1.297436	1.298168
00:00:00.353	1.290110	1.304762	1.293773
00:00:00.353	1.304762	1.337729	1.311355
00:00:00.353	1.302564	1.378755	1.300366
00:00:00.353	1.304029	1.371429	1.303297
00:00:00.353	1.318681	1.337729	1.300366
00:00:00.353	1.325275	1.314286	1.313553
00:00:00.353	1.327473	1.296703	1.316484
00:00:00.353	1.328938	1.295238	1.312088
00:00:00.355	1.311355	1.271795	1.302564
00:00:00.355	1.322344	1.263736	1.300366
00:00:00.355	1.310623	1.252015	1.295238
00:00:00.355	1.309158	1.273993	1.300366
00:00:00.355	1.308425	1.260073	1.300366
00:00:00.355	1.294505	1.273993	1.293773
00:00:00.359	1.305495	1.310623	1.312821
00:00:00.359	1.294505	1.367766	1.308425
00:00:00.359	1.291575	1.367033	1.306227
00:00:00.359	1.296703	1.335531	1.297436
00:00:00.359	1.300366	1.299634	1.303297
00:00:00.359	1.309158	1.250549	1.303297
00:00:00.359	1.300366	1.270330	1.292308
00:00:00.359	1.312088	1.314286	1.312088
00:00:00.359	1.318681	1.318681	1.312821
00:00:00.359	1.323810	1.314286	1.305495
00:00:00.360	1.328938	1.326740	1.309158
00:00:00.360	1.331868	1.337729	1.300366
00:00:00.360	1.328205	1.347985	1.305495
00:00:00.360	1.321612	1.333333	1.312088
00:00:00.361	1.309158	1.298901	1.304762
00:00:00.361	1.298901	1.253480	1.300366
00:00:00.362	1.308425	1.275458	1.310623
00:00:00.362	1.295971	1.274725	1.309158
00:00:00.362	1.288645	1.308425	1.287912
00:00:00.363	1.287912	1.341392	1.308425
00:00:00.363	1.283516	1.339194	1.300366
00:00:00.363	1.298901	1.323810	1.304029
00:00:00.364	1.306960	1.298901	1.303297
00:00:00.364	1.312088	1.310623	1.312821
00:00:00.364	1.323810	1.317216	1.312088
00:00:00.365	1.330403	1.309890	1.307692
00:00:00.365	1.332601	1.309158	1.312821
00:00:00.366	1.334799	1.308425	1.309890
