timestamp	ch1	ch2	ch3
00:00:00.000	1.319414	1.284982	1.317216
00:00:00.000	1.309158	1.283516	1.315751
00:00:00.000	1.311355	1.293040	1.320147
00:00:00.001	1.304762	1.288645	1.317949
00:00:00.001	1.294505	1.305495	1.309890
00:00:00.002	1.304029	1.311355	1.308425
00:00:00.002	1.306227	1.313553	1.297436
00:00:00.002	1.295971	1.315751	1.297436
00:00:00.003	1.315018	1.335531	1.291575
00:00:00.003	1.320879	1.339194	1.287912
00:00:00.003	1.311355	1.342125	1.298901
00:00:00.004	1.302564	1.331868	1.285714
00:00:00.004	1.300366	1.331868	1.304029
00:00:00.004	1.307692	1.313553	1.309158
00:00:00.005	1.308425	1.299634	1.313553
00:00:00.005	1.312088	1.290110	1.317949
00:00:00.005	1.314286	1.281319	1.317216
00:00:00.006	1.303297	1.266667	1.306227
00:00:00.006	1.299634	1.267399	1.303297
00:00:00.007	1.311355	1.285714	1.313553
00:00:00.007	1.301099	1.284249	1.298168
00:00:00.007	1.308425	1.302564	1.306227
00:00:00.008	1.306960	1.312821	1.296703
00:00:00.008	1.314286	1.312088	1.296703
00:00:00.008	1.313553	1.317216	1.293773
00:00:00.009	1.315018	1.320147	1.291575
00:00:00.009	1.320147	1.325275	1.294505
00:00:00.009	1.315751	1.326740	1.296703
00:00:00.010	1.308425	1.325275	1.296703
00:00:00.010	1.291575	1.304762	1.295238
00:00:00.010	1.303297	1.290110	1.312088
00:00:00.011	1.309158	1.275458	1.312821
00:00:00.011	1.304029	1.268864	1.317949
00:00:00.012	1.312088	1.276190	1.315018
00:00:00.012	1.326740	1.273260	1.312821
00:00:00.012	1.311355	1.273993	1.313553
00:00:00.013	1.300366	1.295238	1.314286
00:00:00.013	1.300366	1.306960	1.304762
00:00:00.013	1.298168	1.343590	1.311355
00:00:00.014	1.306227	1.353846	1.305495
00:00:00.047	1.298168	1.340659	1.284249
00:00:00.047	1.312088	1.332601	1.292308
00:00:00.047	1.325275	1.326740	1.284982
00:00:00.047	1.340659	1.319414	1.293040
00:00:00.047	1.339927	1.314286	1.295238
00:00:00.048	1.305495	1.297436	1.291575
00:00:00.048	1.312088	1.311355	1.309890
00:00:00.048	1.311355	1.293040	1.305495
00:00:00.049	1.306227	1.283516	1.309158
00:00:00.049	1.307692	1.280586	1.311355
00:00:00.049	1.307692	1.282051	1.322344
00:00:00.050	1.313553	1.303297	1.323810
00:00:00.050	1.306227	1.299634	1.312821
00:00:00.052	1.303297	1.284249	1.307692
00:00:00.052	1.313553	1.289377	1.306960
00:00:00.052	1.315751	1.279853	1.303297
00:00:00.052	1.323810	1.300366	1.299634
00:00:00.052	1.326740	1.323077	1.291575
00:00:00.052	1.322344	1.323810	1.280586
00:00:00.054	1.318681	1.338462	1.287179
00:00:00.054	1.313553	1.331868	1.290842
00:00:00.054	1.307692	1.331136	1.290842
00:00:00.054	1.295971	1.328938	1.299634
00:00:00.054	1.260806	1.310623	1.300366
00:00:00.054	1.247619	1.299634	1.318681
00:00:00.056	1.301099	1.299634	1.317216
00:00:00.056	1.305495	1.292308	1.312088
00:00:00.056	1.315018	1.295238	1.317216
00:00:00.057	1.306960	1.279121	1.311355
00:00:00.057	1.306227	1.275458	1.306227
00:00:00.057	1.315018	1.290110	1.302564
00:00:00.057	1.317949	1.300366	1.298168
00:00:00.057	1.313553	1.306960	1.298901
00:00:00.059	1.312088	1.316484	1.301832
00:00:00.059	1.323810	1.311355	1.300366
00:00:00.059	1.328205	1.304029	1.284982
00:00:00.059	1.320879	1.314286	1.295238
00:00:00.059	1.291575	1.294505	1.289377
00:00:00.059	1.299634	1.300366	1.295238
00:00:00.060	1.288645	1.304762	1.300366
00:00:00.060	1.288645	1.317216	1.312821
00:00:00.061	1.293040	1.309158	1.300366
00:00:00.061	1.308425	1.301832	1.322344
00:00:00.061	1.339927	1.290842	1.322344
00:00:00.062	1.371429	1.280586	1.312821
00:00:00.062	1.330403	1.282051	1.312821
00:00:00.062	1.297436	1.303297	1.311355
00:00:00.063	1.308425	1.310623	1.311355
00:00:00.063	1.284249	1.304029	1.296703
00:00:00.063	1.260806	1.311355	1.295238
00:00:00.096	1.280586	1.309158	1.290842
00:00:00.096	1.301832	1.316484	1.290842
00:00:00.096	1.394139	1.329670	1.292308
00:00:00.097	1.363370	1.354579	1.289377
00:00:00.097	1.364835	1.333333	1.295971
00:00:00.097	1.347253	1.328938	1.306227
00:00:00.098	1.313553	1.322344	1.309158
00:00:00.099	1.291575	1.311355	1.299634
00:00:00.099	1.287179	1.319414	1.313553
00:00:00.099	1.304029	1.302564	1.313553
00:00:00.099	1.306227	1.292308	1.317216
00:00:00.100	1.306960	1.276190	1.317216
00:00:00.100	1.300366	1.274725	1.311355
00:00:00.100	1.310623	1.279853	1.309158
00:00:00.101	1.306960	1.277656	1.309158
00:00:00.101	1.305495	1.296703	1.304762
00:00:00.101	1.306227	1.317949	1.300366
00:00:00.102	1.306227	1.312088	1.297436
00:00:00.102	1.308425	1.312088	1.298168
00:00:00.102	1.312088	1.301832	1.294505
00:00:00.103	1.302564	1.273260	1.288645
00:00:00.103	1.311355	1.282784	1.298168
00:00:00.103	1.314286	1.279853	1.302564
00:00:00.104	1.302564	1.262271	1.300366
00:00:00.104	1.318681	1.266667	1.316484
00:00:00.105	1.312088	1.300366	1.306227
00:00:00.105	1.315018	1.333333	1.320879
00:00:00.105	1.307692	1.348718	1.312088
00:00:00.106	1.309890	1.344322	1.318681
00:00:00.106	1.300366	1.338462	1.303297
00:00:00.106	1.298901	1.353114	1.306227
00:00:00.107	1.300366	1.341392	1.310623
00:00:00.107	1.297436	1.313553	1.295971
00:00:00.107	1.317216	1.337729	1.306227
00:00:00.108	1.308425	1.335531	1.299634
00:00:00.108	1.305495	1.336996	1.295971
00:00:00.108	1.308425	1.316484	1.290842
00:00:00.109	1.300366	1.290842	1.292308
00:00:00.109	1.323810	1.289377	1.300366
00:00:00.110	1.334799	1.289377	1.297436
00:00:00.110	1.315751	1.293773	1.306960
00:00:00.110	1.315751	1.282051	1.309890
00:00:00.111	1.312088	1.287912	1.306960
00:00:00.111	1.304762	1.293773	1.314286
00:00:00.111	1.300366	1.291575	1.314286
00:00:00.112	1.300366	1.286447	1.315751
00:00:00.112	1.312088	1.342857	1.325275
00:00:00.112	1.308425	1.336996	1.309158
00:00:00.113	1.310623	1.318681	1.306960
00:00:00.113	1.312088	1.303297	1.300366
00:00:00.145	1.315018	1.279121	1.293040
00:00:00.146	1.311355	1.284982	1.291575
00:00:00.146	1.315018	1.293040	1.291575
00:00:00.146	1.314286	1.308425	1.288645
00:00:00.147	1.307692	1.308425	1.294505
00:00:00.147	1.314286	1.304029	1.293040
00:00:00.147	1.302564	1.311355	1.294505
00:00:00.148	1.298168	1.296703	1.303297
00:00:00.148	1.297436	1.287912	1.307692
00:00:00.149	1.305495	1.275458	1.310623
00:00:00.149	1.306960	1.270330	1.316484
00:00:00.149	1.321612	1.274725	1.328205
00:00:00.152	1.305495	1.257875	1.310623
00:00:00.152	1.309158	1.280586	1.316484
00:00:00.152	1.312821	1.303297	1.310623
00:00:00.152	1.305495	1.311355	1.306227
00:00:00.152	1.315018	1.315751	1.300366
00:00:00.152	1.309890	1.342857	1.294505
00:00:00.152	1.298168	1.339194	1.295971
00:00:00.152	1.308425	1.343590	1.290110
00:00:00.152	1.320879	1.346520	1.293773
00:00:00.153	1.316484	1.329670	1.298901
00:00:00.153	1.317949	1.309890	1.300366
00:00:00.155	1.308425	1.285714	1.290842
00:00:00.155	1.311355	1.270330	1.300366
00:00:00.155	1.299634	1.271795	1.298901
00:00:00.155	1.303297	1.288645	1.310623
00:00:00.155	1.313553	1.306960	1.315751
00:00:00.155	1.300366	1.311355	1.316484
00:00:00.156	1.310623	1.356044	1.322344
00:00:00.156	1.296703	1.341392	1.306227
00:00:00.156	1.310623	1.317216	1.308425
00:00:00.157	1.306227	1.317216	1.303297
00:00:00.157	1.303297	1.328938	1.304029
00:00:00.158	1.306960	1.303297	1.294505
00:00:00.158	1.304029	1.276190	1.293773
00:00:00.158	1.323077	1.281319	1.303297
00:00:00.159	1.318681	1.301099	1.289377
00:00:00.159	1.308425	1.312088	1.300366
00:00:00.159	1.309158	1.309158	1.302564
00:00:00.160	1.298901	1.289377	1.293040
00:00:00.160	1.304762	1.301832	1.307692
00:00:00.160	1.303297	1.299634	1.300366
00:00:00.161	1.311355	1.304029	1.310623
00:00:00.161	1.319414	1.301099	1.312821
00:00:00.161	1.307692	1.298901	1.315751
00:00:00.162	1.308425	1.290842	1.311355
00:00:00.162	1.308425	1.301832	1.316484
00:00:00.163	1.309158	1.309158	1.311355
00:00:00.163	1.306960	1.312821	1.306227
00:00:00.195	1.318681	1.327473	1.298901
00:00:00.195	1.300366	1.316484	1.286447
00:00:00.196	1.301099	1.330403	1.293773
00:00:00.196	1.293040	1.315018	1.299634
00:00:00.196	1.289377	1.279121	1.287179
00:00:00.197	1.312088	1.258608	1.287179
00:00:00.197	1.295971	1.246154	1.295238
00:00:00.198	1.301832	1.246154	1.298901
00:00:00.198	1.304029	1.261538	1.309158
00:00:00.198	1.334799	1.320879	1.312821
00:00:00.199	1.345055	1.346520	1.313553
00:00:00.199	1.343590	1.361905	1.326007
00:00:00.199	1.298901	1.338462	1.299634
00:00:00.200	1.320147	1.341392	1.303297
00:00:00.200	1.316484	1.328205	1.307692
00:00:00.200	1.309158	1.304762	1.309158
00:00:00.201	1.293773	1.305495	1.306227
00:00:00.201	1.282784	1.302564	1.293040
00:00:00.202	1.265201	1.298901	1.283516
00:00:00.202	1.276923	1.304029	1.287912
00:00:00.202	1.294505	1.303297	1.290842
00:00:00.203	1.310623	1.301099	1.287912
00:00:00.203	1.326740	1.296703	1.291575
00:00:00.203	1.348718	1.270330	1.284982
00:00:00.204	1.347253	1.293773	1.318681
00:00:00.204	1.317949	1.295238	1.317216
00:00:00.204	1.296703	1.302564	1.316484
00:00:00.205	1.310623	1.317949	1.314286
00:00:00.205	1.294505	1.309158	1.306227
00:00:00.205	1.295971	1.306227	1.315018
00:00:00.206	1.298901	1.302564	1.304029
00:00:00.206	1.309158	1.306227	1.305495
00:00:00.207	1.304029	1.310623	1.310623
00:00:00.207	1.292308	1.293773	1.298168
00:00:00.207	1.312821	1.284982	1.295238
00:00:00.208	1.313553	1.295971	1.296703
00:00:00.208	1.310623	1.296703	1.279853
00:00:00.208	1.331136	1.307692	1.297436
00:00:00.209	1.293773	1.299634	1.290110
00:00:00.209	1.281319	1.297436	1.296703
00:00:00.209	1.315018	1.295238	1.301832
00:00:00.210	1.312088	1.294505	1.309158
00:00:00.210	1.323810	1.298901	1.302564
00:00:00.210	1.317216	1.286447	1.301832
00:00:00.211	1.276923	1.288645	1.310623
00:00:00.211	1.204396	1.284982	1.304029
00:00:00.212	1.237363	1.292308	1.300366
00:00:00.212	1.320879	1.294505	1.309158
00:00:00.212	1.352381	1.275458	1.298168
00:00:00.215	1.341392	1.302564	1.306227
00:00:00.246	1.353114	1.327473	1.320879
00:00:00.246	1.333333	1.331868	1.307692
00:00:00.246	1.314286	1.338462	1.307692
00:00:00.246	1.303297	1.367033	1.319414
00:00:00.246	1.359707	1.380220	1.322344
00:00:00.248	1.409524	1.348718	1.290110
00:00:00.248	1.452747	1.320147	1.291575
00:00:00.248	1.439560	1.294505	1.297436
00:00:00.248	1.347253	1.279121	1.304762
00:00:00.248	1.285714	1.263004	1.310623
00:00:00.248	1.208791	1.240293	1.302564
00:00:00.251	1.224908	1.235897	1.310623
00:00:00.251	1.230037	1.243223	1.306227
00:00:00.251	1.182418	1.274725	1.271062
00:00:00.251	1.303297	1.327473	1.273993
00:00:00.251	1.353114	1.328938	1.268132
00:00:00.251	1.372161	1.328205	1.285714
00:00:00.251	1.367033	1.339927	1.361905
00:00:00.251	1.320879	1.328938	1.353114
00:00:00.252	1.282784	1.350916	1.379487
00:00:00.252	1.304762	1.342857	1.306227
00:00:00.252	1.307692	1.317949	1.293773
00:00:00.253	1.374359	1.315751	1.290110
00:00:00.253	1.376557	1.334799	1.283516
00:00:00.253	1.375092	1.414652	1.294505
00:00:00.254	1.310623	1.454212	1.297436
00:00:00.254	1.189744	1.448352	1.322344
00:00:00.254	1.121612	1.361172	1.317216
00:00:00.256	1.104762	1.265201	1.305495
00:00:00.256	1.218315	1.243956	1.307692
00:00:00.256	1.284982	1.224908	1.282051
00:00:00.256	1.378022	1.186081	1.290110
00:00:00.256	1.418315	1.124542	1.308425
00:00:00.257	1.421978	1.121612	1.307692
00:00:00.257	1.402198	1.167033	1.274725
00:00:00.257	1.317949	1.170696	1.255678
00:00:00.258	1.254945	1.225641	1.267399
00:00:00.258	1.284249	1.319414	1.293773
00:00:00.258	1.319414	1.352381	1.327473
00:00:00.259	1.315018	1.370696	1.357509
00:00:00.259	1.345055	1.356777	1.339194
00:00:00.259	1.320147	1.361905	1.321612
00:00:00.260	1.282051	1.370696	1.321612
00:00:00.260	1.285714	1.347985	1.307692
00:00:00.261	1.298168	1.310623	1.342125
00:00:00.261	1.361905	1.298901	1.343590
00:00:00.261	1.407326	1.343590	1.347253
00:00:00.262	1.417582	1.373626	1.311355
00:00:00.262	1.331136	1.356044	1.293040
00:00:00.262	1.242491	1.376557	1.273260
00:00:00.295	1.249084	1.326740	1.271062
00:00:00.295	1.263736	1.235165	1.261538
00:00:00.295	1.313553	1.234432	1.271062
00:00:00.296	1.339927	1.269597	1.271795
00:00:00.296	1.364103	1.284249	1.282051
00:00:00.296	1.356777	1.288645	1.290110
00:00:00.297	1.307692	1.304029	1.315018
00:00:00.297	1.246886	1.339194	1.309890
00:00:00.297	1.235165	1.376557	1.299634
00:00:00.298	1.208791	1.358974	1.290842
00:00:00.298	1.249084	1.340659	1.311355
00:00:00.298	1.259341	1.317949	1.312821
00:00:00.299	1.206593	1.323077	1.322344
00:00:00.299	1.259341	1.319414	1.322344
00:00:00.300	1.365568	1.387546	1.330403
00:00:00.300	1.387546	1.260806	1.315751
00:00:00.300	1.389744	1.100366	1.276190
00:00:00.301	1.421978	1.195604	1.283516
00:00:00.301	1.378022	1.283516	1.280586
00:00:00.301	1.359707	1.306227	1.297436
00:00:00.302	1.243223	1.279121	1.298168
00:00:00.302	1.109890	1.268864	1.282784
00:00:00.302	1.154579	1.239560	1.276923
00:00:00.303	1.270330	1.301832	1.287179
00:00:00.303	1.395604	1.345788	1.293773
00:00:00.303	1.501832	1.391209	1.315751
00:00:00.304	1.517949	1.487912	1.323810
00:00:00.304	1.401465	1.452747	1.309158
00:00:00.305	1.273993	1.388278	1.312088
00:00:00.305	1.197070	1.341392	1.307692
00:00:00.305	1.175092	1.326740	1.308425
00:00:00.306	1.254945	1.306227	1.299634
00:00:00.306	1.299634	1.304029	1.287179
00:00:00.306	1.303297	1.267399	1.287912
00:00:00.307	1.314286	1.221245	1.269597
00:00:00.308	1.301832	1.221978	1.256410
00:00:00.308	1.316484	1.277656	1.259341
00:00:00.308	1.310623	1.353114	1.268864
00:00:00.308	1.336996	1.442491	1.295238
00:00:00.308	1.349451	1.551648	1.318681
00:00:00.312	1.339194	1.575092	1.325275
00:00:00.312	1.331136	1.506960	1.329670
00:00:00.312	1.326007	1.336996	1.323077
00:00:00.312	1.334066	1.194139	1.334066
00:00:00.312	1.337729	1.198535	1.345055
00:00:00.312	1.323810	1.182418	1.358242
00:00:00.312	1.315018	1.065934	1.356777
00:00:00.312	1.321612	1.039560	1.347253
00:00:00.312	1.328205	1.123077	1.353846
00:00:00.312	1.332601	1.216850	1.347253
00:00:00.344	1.340659	1.309890	1.336996
00:00:00.347	1.309158	1.356777	1.315018
00:00:00.347	1.324542	1.315018	1.312821
00:00:00.347	1.327473	1.242491	1.304029
00:00:00.347	1.332601	1.306960	1.307692
00:00:00.347	1.252015	1.421978	1.309158
00:00:00.347	1.243956	1.323810	1.305495
00:00:00.347	1.275458	1.196337	1.314286
00:00:00.347	1.293773	1.113553	1.306227
00:00:00.347	1.334799	1.121612	1.309158
00:00:00.348	1.419048	1.171429	1.311355
00:00:00.348	1.432967	1.263004	1.312088
00:00:00.349	1.294505	1.282051	1.299634
00:00:00.349	1.136264	1.397802	1.284249
00:00:00.349	1.068132	1.600000	1.308425
00:00:00.350	1.174359	1.553846	1.312821
00:00:00.350	1.255678	1.515751	1.318681
00:00:00.350	1.326740	1.552381	1.329670
00:00:00.351	1.357509	1.382418	1.303297
00:00:00.351	1.358242	1.107692	1.302564
00:00:00.351	1.339927	1.008791	1.295971
00:00:00.352	1.327473	1.100366	1.289377
00:00:00.352	1.358242	1.219048	1.297436
00:00:00.353	1.375824	1.199267	1.291575
00:00:00.353	1.377289	1.101832	1.315751
00:00:00.353	1.248352	1.112821	1.291575
00:00:00.354	1.253480	1.301099	1.287179
00:00:00.354	1.331136	1.441026	1.309890
00:00:00.354	1.393407	1.518681	1.336996
00:00:00.355	1.436630	1.480586	1.321612
00:00:00.355	1.424908	1.402930	1.313553
00:00:00.355	1.354579	1.336264	1.297436
00:00:00.356	1.303297	1.294505	1.299634
00:00:00.356	1.216850	1.204396	1.276190
00:00:00.356	1.244689	1.311355	1.276190
00:00:00.357	1.293040	1.364103	1.266667
00:00:00.357	1.315018	1.310623	1.265934
00:00:00.358	1.347985	1.287912	1.273993
00:00:00.358	1.331868	1.285714	1.273260
00:00:00.358	1.317216	1.331868	1.284982
00:00:00.359	1.284982	1.259341	1.293773
00:00:00.359	1.256410	1.281319	1.303297
00:00:00.360	1.240293	1.327473	1.307692
00:00:00.360	1.268864	1.361905	1.315018
00:00:00.360	1.312088	1.430037	1.326007
00:00:00.360	1.318681	1.430769	1.320879
00:00:00.361	1.304762	1.479121	1.316484
00:00:00.361	1.290110	1.544322	1.325275
00:00:00.361	1.280586	1.579487	1.317949
00:00:00.362	1.270330	1.544322	1.321612
00:00:00.394	1.250549	1.295971	1.282051
00:00:00.394	1.316484	1.225641	1.285714
00:00:00.395	1.328938	1.232967	1.294505
00:00:00.395	1.290110	1.279121	1.283516
00:00:00.395	1.249817	1.326740	1.296703
00:00:00.396	1.301832	1.326007	1.297436
00:00:00.396	1.367766	1.340659	1.311355
00:00:00.397	1.417582	1.317216	1.300366
00:00:00.397	1.419048	1.267399	1.305495
00:00:00.397	1.374359	1.236630	1.309158
00:00:00.398	1.320879	1.235165	1.309158
00:00:00.398	1.325275	1.295238	1.334066
00:00:00.398	1.356777	1.301832	1.310623
00:00:00.399	1.336264	1.320879	1.304029
00:00:00.399	1.282784	1.325275	1.297436
00:00:00.399	1.254945	1.304029	1.309890
00:00:00.400	1.279853	1.326740	1.314286
00:00:00.400	1.276923	1.319414	1.298168
00:00:00.400	1.284249	1.304029	1.309158
00:00:00.401	1.231502	1.294505	1.302564
00:00:00.401	1.227839	1.284249	1.289377
00:00:00.402	1.252015	1.283516	1.284982
00:00:00.402	1.328938	1.260806	1.270330
00:00:00.402	1.400733	1.258608	1.293040
00:00:00.403	1.387546	1.247619	1.306227
00:00:00.404	1.323077	1.222711	1.305495
00:00:00.404	1.276190	1.232967	1.312821
00:00:00.405	1.304762	1.227106	1.303297
00:00:00.405	1.309158	1.256410	1.319414
00:00:00.405	1.307692	1.270330	1.317216
00:00:00.405	1.306227	1.287179	1.319414
00:00:00.405	1.315751	1.298901	1.317949
00:00:00.405	1.317216	1.323077	1.311355
00:00:00.407	1.312088	1.328938	1.316484
00:00:00.407	1.315018	1.341392	1.307692
00:00:00.407	1.312088	1.336264	1.293773
00:00:00.407	1.318681	1.345788	1.297436
00:00:00.407	1.314286	1.331868	1.287912
00:00:00.410	1.320879	1.318681	1.294505
00:00:00.410	1.312088	1.319414	1.292308
00:00:00.410	1.313553	1.306227	1.293040
00:00:00.410	1.308425	1.294505	1.293040
00:00:00.410	1.304762	1.295238	1.292308
00:00:00.410	1.320879	1.308425	1.303297
00:00:00.410	1.316484	1.290842	1.300366
00:00:00.410	1.331868	1.286447	1.323810
00:00:00.410	1.328205	1.290110	1.312088
00:00:00.411	1.295238	1.325275	1.314286
00:00:00.411	1.268132	1.333333	1.315751
00:00:00.412	1.284249	1.314286	1.305495
00:00:00.444	1.306227	1.311355	1.308425
00:00:00.444	1.334799	1.284982	1.298901
00:00:00.444	1.358242	1.254945	1.300366
00:00:00.446	1.352381	1.242491	1.296703
00:00:00.446	1.297436	1.280586	1.279121
00:00:00.446	1.236630	1.318681	1.290842
00:00:00.446	1.217582	1.310623	1.291575
00:00:00.446	1.247619	1.341392	1.295238
00:00:00.447	1.329670	1.374359	1.311355
00:00:00.447	1.346520	1.331136	1.300366
00:00:00.447	1.334799	1.314286	1.317949
00:00:00.448	1.312088	1.309158	1.317216
00:00:00.448	1.310623	1.311355	1.320879
00:00:00.448	1.303297	1.299634	1.313553
00:00:00.449	1.302564	1.265201	1.315018
00:00:00.449	1.325275	1.264469	1.315751
00:00:00.449	1.315018	1.265934	1.300366
00:00:00.450	1.295238	1.277656	1.309158
00:00:00.450	1.238095	1.288645	1.302564
00:00:00.451	1.276190	1.307692	1.290110
00:00:00.451	1.367033	1.339927	1.299634
00:00:00.451	1.413187	1.309158	1.290110
00:00:00.452	1.443956	1.303297	1.296703
00:00:00.452	1.406593	1.310623	1.298168
00:00:00.452	1.309890	1.312821	1.293040
00:00:00.453	1.241758	1.317216	1.310623
00:00:00.453	1.230769	1.295971	1.300366
00:00:00.453	1.244689	1.289377	1.304029
00:00:00.454	1.250549	1.278388	1.300366
00:00:00.454	1.263736	1.276923	1.310623
00:00:00.454	1.284982	1.265201	1.309158
00:00:00.455	1.323810	1.273260	1.321612
00:00:00.455	1.352381	1.290110	1.318681
00:00:00.456	1.350183	1.314286	1.313553
00:00:00.456	1.323077	1.325275	1.305495
00:00:00.456	1.231502	1.301832	1.298901
00:00:00.457	1.271795	1.289377	1.284249
00:00:00.457	1.323810	1.284982	1.286447
00:00:00.457	1.371429	1.289377	1.293773
00:00:00.458	1.363370	1.293040	1.286447
00:00:00.458	1.372161	1.296703	1.298901
00:00:00.458	1.322344	1.291575	1.300366
00:00:00.459	1.298901	1.289377	1.304762
00:00:00.459	1.350183	1.292308	1.305495
00:00:00.460	1.377289	1.302564	1.306960
00:00:00.460	1.315751	1.328938	1.312821
00:00:00.460	1.263004	1.384615	1.305495
00:00:00.461	1.236630	1.385348	1.307692
00:00:00.461	1.243956	1.326007	1.300366
00:00:00.461	1.246154	1.268132	1.279853
00:00:00.493	1.299634	1.295971	1.308425
00:00:00.494	1.295971	1.293040	1.321612
00:00:00.494	1.286447	1.276923	1.310623
00:00:00.495	1.273993	1.259341	1.295238
00:00:00.495	1.273993	1.287912	1.300366
00:00:00.495	1.307692	1.322344	1.306960
00:00:00.496	1.315018	1.342857	1.297436
00:00:00.496	1.345788	1.349451	1.306227
00:00:00.496	1.334066	1.315018	1.297436
00:00:00.497	1.328938	1.305495	1.307692
00:00:00.497	1.351648	1.316484	1.310623
00:00:00.497	1.367766	1.307692	1.309890
00:00:00.498	1.321612	1.288645	1.312088
00:00:00.498	1.285714	1.281319	1.323810
00:00:00.498	1.263736	1.257875	1.308425
00:00:00.499	1.301832	1.282051	1.314286
00:00:00.499	1.309890	1.282784	1.301832
00:00:00.500	1.337729	1.273993	1.300366
00:00:00.500	1.339927	1.276190	1.291575
00:00:00.500	1.333333	1.309158	1.293040
00:00:00.502	1.298901	1.354579	1.293773
00:00:00.502	1.272527	1.373626	1.300366
00:00:00.502	1.273993	1.352381	1.298168
00:00:00.504	1.318681	1.345055	1.294505
00:00:00.504	1.317216	1.339194	1.301832
00:00:00.504	1.308425	1.316484	1.306227
00:00:00.504	1.328205	1.276190	1.305495
00:00:00.504	1.317216	1.232967	1.311355
00:00:00.504	1.300366	1.230037	1.300366
00:00:00.504	1.310623	1.270330	1.308425
00:00:00.504	1.318681	1.274725	1.307692
00:00:00.507	1.317949	1.273993	1.308425
00:00:00.507	1.264469	1.284249	1.305495
00:00:00.507	1.238828	1.298901	1.307692
00:00:00.507	1.293773	1.320147	1.306227
00:00:00.507	1.361905	1.354579	1.304029
00:00:00.507	1.413919	1.364103	1.299634
00:00:00.507	1.401465	1.385348	1.295238
00:00:00.507	1.347253	1.349451	1.294505
00:00:00.507	1.292308	1.278388	1.296703
00:00:00.508	1.262271	1.221245	1.296703
00:00:00.508	1.271795	1.197802	1.309158
00:00:00.509	1.294505	1.241758	1.308425
00:00:00.509	1.298901	1.284982	1.305495
00:00:00.509	1.302564	1.323810	1.311355
00:00:00.510	1.315018	1.384615	1.312088
00:00:00.510	1.301099	1.389011	1.306227
00:00:00.510	1.309890	1.376557	1.309890
00:00:00.511	1.317216	1.336264	1.312088
00:00:00.511	1.314286	1.301832	1.309890
00:00:00.543	1.298168	1.286447	1.298168
00:00:00.544	1.285714	1.309158	1.293773
00:00:00.544	1.296703	1.353114	1.291575
00:00:00.544	1.304029	1.360440	1.298901
00:00:00.545	1.324542	1.328938	1.302564
00:00:00.545	1.315751	1.243223	1.288645
00:00:00.545	1.308425	1.211722	1.287912
00:00:00.546	1.309890	1.231502	1.296703
00:00:00.546	1.293040	1.257143	1.290842
00:00:00.546	1.313553	1.298901	1.306960
