timestamp	ch1	ch2	ch3
00:00:00.000	1.298901	1.234432	1.322344
00:00:00.000	1.265934	1.251282	1.288645
00:00:00.000	1.227839	1.241026	1.244689
00:00:00.001	1.262271	1.254945	1.286447
00:00:00.001	1.261538	1.315751	1.323810
00:00:00.001	1.259341	1.350916	1.326007
00:00:00.002	1.285714	1.355311	1.298168
00:00:00.002	1.276923	1.336264	1.286447
00:00:00.002	1.303297	1.331136	1.292308
00:00:00.003	1.339927	1.339194	1.297436
00:00:00.003	1.337729	1.347985	1.290842
00:00:00.003	1.306227	1.331868	1.298901
00:00:00.004	1.310623	1.299634	1.310623
00:00:00.004	1.297436	1.277656	1.299634
00:00:00.005	1.312088	1.280586	1.283516
00:00:00.005	1.356777	1.295238	1.289377
00:00:00.005	1.368498	1.331136	1.309158
00:00:00.006	1.365568	1.336996	1.323077
00:00:00.006	1.317949	1.307692	1.315018
00:00:00.006	1.281319	1.290842	1.317216
00:00:00.007	1.265934	1.368498	1.323810
00:00:00.007	1.282784	1.387546	1.314286
00:00:00.007	1.282051	1.339194	1.315751
00:00:00.008	1.295971	1.253480	1.309890
00:00:00.008	1.296703	1.236630	1.268132
00:00:00.008	1.329670	1.249084	1.276923
00:00:00.009	1.333333	1.243956	1.283516
00:00:00.009	1.324542	1.259341	1.302564
00:00:00.010	1.317949	1.238095	1.296703
00:00:00.010	1.295238	1.284982	1.288645
00:00:00.010	1.305495	1.335531	1.305495
00:00:00.011	1.309158	1.328938	1.312821
00:00:00.011	1.306227	1.322344	1.315751
00:00:00.011	1.302564	1.348718	1.306960
00:00:00.012	1.302564	1.329670	1.298901
00:00:00.012	1.305495	1.322344	1.305495
00:00:00.013	1.306227	1.299634	1.306960
00:00:00.013	1.305495	1.279853	1.296703
00:00:00.013	1.312088	1.293040	1.308425
00:00:00.014	1.322344	1.309158	1.311355
00:00:00.014	1.304029	1.347253	1.308425
00:00:00.014	1.317949	1.375824	1.322344
00:00:00.015	1.312821	1.319414	1.300366
00:00:00.015	1.317949	1.312821	1.298168
00:00:00.015	1.326007	1.271062	1.291575
00:00:00.016	1.351648	1.236630	1.291575
00:00:00.016	1.329670	1.224908	1.306960
00:00:00.016	1.304762	1.195604	1.296703
00:00:00.018	1.289377	1.265201	1.309158
00:00:00.018	1.300366	1.306960	1.309890
00:00:00.051	1.329670	1.327473	1.320879
00:00:00.051	1.321612	1.293040	1.311355
00:00:00.051	1.323810	1.280586	1.306227
00:00:00.051	1.296703	1.295971	1.295238
00:00:00.051	1.297436	1.338462	1.306960
00:00:00.051	1.294505	1.341392	1.304029
00:00:00.051	1.285714	1.340659	1.295238
00:00:00.052	1.312088	1.380220	1.300366
00:00:00.052	1.312088	1.380220	1.299634
00:00:00.052	1.284982	1.349451	1.295971
00:00:00.053	1.284249	1.320879	1.298901
00:00:00.053	1.293040	1.295238	1.290842
00:00:00.054	1.312088	1.306227	1.312088
00:00:00.057	1.297436	1.279121	1.310623
00:00:00.057	1.290842	1.254212	1.309158
00:00:00.057	1.293040	1.250549	1.316484
00:00:00.057	1.300366	1.272527	1.318681
00:00:00.057	1.328938	1.300366	1.309158
00:00:00.057	1.339194	1.323077	1.300366
00:00:00.057	1.332601	1.326007	1.307692
00:00:00.057	1.334066	1.290842	1.295971
00:00:00.057	1.294505	1.268864	1.309890
00:00:00.057	1.280586	1.309890	1.302564
00:00:00.058	1.298901	1.349451	1.295238
00:00:00.058	1.323077	1.358974	1.304029
00:00:00.058	1.312088	1.318681	1.289377
00:00:00.059	1.319414	1.295971	1.304029
00:00:00.059	1.317216	1.302564	1.302564
00:00:00.059	1.322344	1.316484	1.298168
00:00:00.060	1.322344	1.309890	1.306227
00:00:00.060	1.313553	1.303297	1.304762
00:00:00.060	1.308425	1.358974	1.309158
00:00:00.061	1.305495	1.347985	1.315018
00:00:00.061	1.293773	1.330403	1.312088
00:00:00.061	1.300366	1.320879	1.317216
00:00:00.062	1.313553	1.267399	1.317216
00:00:00.062	1.298168	1.213919	1.309158
00:00:00.063	1.298901	1.230037	1.315751
00:00:00.063	1.304762	1.326740	1.304029
00:00:00.063	1.305495	1.382418	1.307692
00:00:00.064	1.326740	1.390476	1.302564
00:00:00.064	1.326740	1.323810	1.299634
00:00:00.064	1.326007	1.291575	1.298168
00:00:00.066	1.313553	1.221978	1.284249
00:00:00.066	1.298168	1.197802	1.270330
00:00:00.066	1.315018	1.232234	1.290842
00:00:00.066	1.305495	1.244689	1.295238
00:00:00.066	1.315018	1.282051	1.317216
00:00:00.066	1.317216	1.312821	1.311355
00:00:00.067	1.290110	1.338462	1.291575
00:00:00.099	1.287179	1.344322	1.311355
00:00:00.099	1.289377	1.338462	1.325275
00:00:00.100	1.299634	1.349451	1.319414
00:00:00.100	1.310623	1.334799	1.326007
00:00:00.100	1.320147	1.308425	1.315018
00:00:00.101	1.335531	1.306960	1.323077
00:00:00.101	1.287179	1.313553	1.283516
00:00:00.101	1.292308	1.339194	1.273260
00:00:00.102	1.331868	1.336264	1.279121
00:00:00.102	1.339927	1.303297	1.287912
00:00:00.103	1.344322	1.289377	1.305495
00:00:00.103	1.342857	1.293040	1.299634
00:00:00.103	1.309890	1.270330	1.304762
00:00:00.104	1.283516	1.257875	1.309158
00:00:00.104	1.280586	1.249817	1.300366
00:00:00.104	1.252747	1.253480	1.304762
00:00:00.105	1.249817	1.277656	1.299634
00:00:00.105	1.264469	1.324542	1.301832
00:00:00.105	1.284249	1.353846	1.318681
00:00:00.106	1.299634	1.336264	1.315751
00:00:00.106	1.297436	1.317216	1.312088
00:00:00.107	1.323810	1.320147	1.317216
00:00:00.107	1.362637	1.294505	1.302564
00:00:00.107	1.342857	1.323077	1.281319
00:00:00.108	1.335531	1.350183	1.300366
00:00:00.108	1.328205	1.331868	1.297436
00:00:00.108	1.336264	1.376557	1.295971
00:00:00.109	1.340659	1.302564	1.293773
00:00:00.109	1.328938	1.232234	1.292308
00:00:00.109	1.314286	1.233700	1.306227
00:00:00.110	1.308425	1.251282	1.311355
00:00:00.110	1.306227	1.289377	1.312821
00:00:00.110	1.301832	1.306227	1.309158
00:00:00.111	1.303297	1.297436	1.312088
00:00:00.111	1.304029	1.326007	1.312088
00:00:00.112	1.314286	1.408791	1.309158
00:00:00.112	1.300366	1.378755	1.300366
00:00:00.112	1.302564	1.325275	1.312088
00:00:00.113	1.306227	1.339194	1.301832
00:00:00.113	1.300366	1.269597	1.284249
00:00:00.113	1.316484	1.221245	1.293040
00:00:00.114	1.320879	1.182418	1.282051
00:00:00.114	1.307692	1.171429	1.283516
00:00:00.114	1.301832	1.232234	1.284982
00:00:00.115	1.298901	1.302564	1.279853
00:00:00.115	1.311355	1.349451	1.306960
00:00:00.115	1.317216	1.364103	1.306227
00:00:00.117	1.275458	1.352381	1.310623
00:00:00.117	1.276923	1.332601	1.306960
00:00:00.117	1.306960	1.333333	1.314286
00:00:00.153	1.327473	1.330403	1.323077
00:00:00.153	1.342857	1.310623	1.312821
00:00:00.153	1.328205	1.316484	1.309158
00:00:00.153	1.295238	1.328205	1.314286
00:00:00.153	1.261538	1.347253	1.312821
00:00:00.153	1.238095	1.387546	1.307692
00:00:00.153	1.268132	1.415385	1.303297
00:00:00.153	1.314286	1.370696	1.299634
00:00:00.153	1.329670	1.269597	1.298168
00:00:00.153	1.327473	1.221245	1.298901
00:00:00.153	1.345788	1.220513	1.300366
00:00:00.153	1.342857	1.241026	1.300366
00:00:00.153	1.315751	1.209524	1.296703
00:00:00.153	1.288645	1.224176	1.289377
00:00:00.154	1.302564	1.284249	1.299634
00:00:00.154	1.301099	1.314286	1.292308
00:00:00.154	1.311355	1.336264	1.307692
00:00:00.155	1.307692	1.358974	1.313553
00:00:00.155	1.315751	1.367033	1.313553
00:00:00.156	1.316484	1.331136	1.313553
00:00:00.156	1.314286	1.287179	1.312088
00:00:00.156	1.300366	1.272527	1.306227
00:00:00.157	1.314286	1.276190	1.304762
00:00:00.157	1.306960	1.249817	1.294505
00:00:00.157	1.301832	1.250549	1.282784
00:00:00.158	1.304762	1.298901	1.296703
00:00:00.158	1.309890	1.334066	1.295971
00:00:00.158	1.320879	1.358974	1.309890
00:00:00.159	1.329670	1.354579	1.314286
00:00:00.159	1.308425	1.321612	1.293773
00:00:00.159	1.320879	1.323077	1.304029
00:00:00.160	1.317949	1.320879	1.307692
00:00:00.160	1.298168	1.325275	1.316484
00:00:00.161	1.290110	1.298901	1.306960
00:00:00.161	1.306960	1.313553	1.315018
00:00:00.161	1.300366	1.356777	1.325275
00:00:00.162	1.288645	1.361172	1.319414
00:00:00.162	1.287179	1.323077	1.300366
00:00:00.162	1.301832	1.285714	1.307692
00:00:00.163	1.302564	1.251282	1.302564
00:00:00.163	1.309890	1.282051	1.295971
00:00:00.163	1.323077	1.281319	1.300366
00:00:00.164	1.328205	1.253480	1.298168
00:00:00.164	1.307692	1.283516	1.282784
00:00:00.164	1.313553	1.337729	1.286447
00:00:00.165	1.331136	1.318681	1.291575
00:00:00.165	1.347253	1.315751	1.309158
00:00:00.166	1.323810	1.258608	1.309158
00:00:00.166	1.313553	1.230037	1.297436
00:00:00.166	1.317949	1.268132	1.296703
00:00:00.198	1.319414	1.315751	1.317216
00:00:00.199	1.314286	1.309158	1.306227
00:00:00.199	1.293773	1.328938	1.306960
00:00:00.200	1.298901	1.355311	1.310623
00:00:00.200	1.291575	1.323077	1.304762
00:00:00.200	1.275458	1.330403	1.297436
00:00:00.201	1.272527	1.372161	1.309158
00:00:00.202	1.289377	1.309158	1.299634
00:00:00.202	1.316484	1.270330	1.319414
00:00:00.202	1.304029	1.250549	1.290842
00:00:00.202	1.299634	1.262271	1.300366
00:00:00.202	1.298168	1.298901	1.296703
00:00:00.203	1.293773	1.294505	1.306227
00:00:00.203	1.306960	1.253480	1.290842
00:00:00.203	1.300366	1.306227	1.296703
00:00:00.204	1.307692	1.337729	1.295971
00:00:00.204	1.312088	1.331136	1.305495
00:00:00.205	1.318681	1.304029	1.299634
00:00:00.205	1.313553	1.313553	1.298901
00:00:00.205	1.328205	1.364835	1.311355
00:00:00.206	1.314286	1.280586	1.293040
00:00:00.206	1.318681	1.249817	1.306227
00:00:00.206	1.308425	1.272527	1.302564
00:00:00.208	1.301832	1.312088	1.310623
00:00:00.208	1.302564	1.349451	1.309158
00:00:00.208	1.302564	1.336264	1.295238
00:00:00.208	1.312821	1.317216	1.296703
00:00:00.208	1.304762	1.350916	1.290842
00:00:00.208	1.309890	1.377289	1.297436
00:00:00.211	1.320147	1.324542	1.305495
00:00:00.211	1.308425	1.241026	1.302564
00:00:00.211	1.315751	1.213919	1.301832
00:00:00.211	1.298168	1.216117	1.294505
00:00:00.211	1.301832	1.241026	1.308425
00:00:00.213	1.296703	1.254945	1.317949
00:00:00.213	1.287179	1.267399	1.305495
00:00:00.213	1.304762	1.315751	1.309158
00:00:00.213	1.334066	1.336264	1.298901
00:00:00.213	1.348718	1.318681	1.302564
00:00:00.213	1.340659	1.339194	1.299634
00:00:00.213	1.284982	1.333333	1.302564
00:00:00.213	1.265201	1.353846	1.300366
00:00:00.213	1.271062	1.385348	1.295971
00:00:00.217	1.342125	1.371429	1.306227
00:00:00.217	1.381685	1.356777	1.307692
00:00:00.217	1.356777	1.328938	1.300366
00:00:00.217	1.317216	1.306227	1.309158
00:00:00.217	1.287912	1.334066	1.317216
00:00:00.217	1.266667	1.338462	1.320879
00:00:00.217	1.265201	1.333333	1.306227
00:00:00.249	1.276190	1.260073	1.287179
00:00:00.249	1.290842	1.205861	1.298901
00:00:00.249	1.309158	1.196337	1.313553
00:00:00.249	1.306960	1.260073	1.306227
00:00:00.250	1.296703	1.257143	1.296703
00:00:00.250	1.301832	1.222711	1.294505
00:00:00.250	1.312088	1.254212	1.302564
00:00:00.251	1.304029	1.290110	1.294505
00:00:00.251	1.323077	1.322344	1.301099
00:00:00.251	1.318681	1.298168	1.295971
00:00:00.252	1.323077	1.282051	1.300366
00:00:00.252	1.326740	1.285714	1.305495
00:00:00.252	1.314286	1.306227	1.286447
00:00:00.253	1.310623	1.331868	1.304029
00:00:00.254	1.304762	1.323810	1.307692
00:00:00.254	1.300366	1.331136	1.306227
00:00:00.254	1.301099	1.343590	1.318681
00:00:00.254	1.311355	1.331136	1.310623
00:00:00.255	1.306960	1.304029	1.301099
00:00:00.255	1.321612	1.319414	1.317216
00:00:00.255	1.317949	1.330403	1.315751
00:00:00.256	1.304029	1.349451	1.305495
00:00:00.256	1.306227	1.369963	1.306227
00:00:00.256	1.309890	1.344322	1.300366
00:00:00.257	1.317949	1.322344	1.301832
00:00:00.257	1.320879	1.301099	1.305495
00:00:00.257	1.309158	1.296703	1.297436
00:00:00.258	1.300366	1.303297	1.298168
00:00:00.258	1.309158	1.284982	1.298901
00:00:00.259	1.304029	1.258608	1.303297
00:00:00.259	1.312088	1.268132	1.296703
00:00:00.259	1.313553	1.287912	1.301832
00:00:00.260	1.315751	1.297436	1.309158
00:00:00.260	1.315018	1.269597	1.312088
00:00:00.260	1.293773	1.260073	1.300366
00:00:00.261	1.288645	1.297436	1.299634
00:00:00.261	1.284249	1.309890	1.306960
00:00:00.261	1.297436	1.328938	1.307692
00:00:00.262	1.309158	1.331868	1.306960
00:00:00.262	1.311355	1.323077	1.298168
00:00:00.262	1.304762	1.317216	1.298168
00:00:00.263	1.313553	1.326007	1.305495
00:00:00.263	1.317949	1.321612	1.303297
00:00:00.264	1.323810	1.320879	1.309158
00:00:00.264	1.322344	1.358242	1.300366
00:00:00.264	1.320147	1.377289	1.304762
00:00:00.265	1.311355	1.372161	1.305495
00:00:00.265	1.322344	1.357509	1.292308
00:00:00.265	1.320879	1.350183	1.293773
00:00:00.266	1.318681	1.323810	1.313553
00:00:00.298	1.310623	1.260073	1.312088
00:00:00.298	1.304762	1.221978	1.308425
00:00:00.299	1.307692	1.196337	1.303297
00:00:00.299	1.287912	1.126007	1.297436
00:00:00.299	1.285714	1.099634	1.282784
00:00:00.300	1.293040	1.197070	1.298901
00:00:00.300	1.297436	1.336264	1.290842
00:00:00.300	1.306960	1.379487	1.292308
00:00:00.301	1.306960	1.356044	1.281319
00:00:00.301	1.312821	1.327473	1.291575
00:00:00.301	1.315018	1.346520	1.300366
00:00:00.302	1.302564	1.377289	1.304762
00:00:00.302	1.312088	1.370696	1.312821
00:00:00.303	1.311355	1.303297	1.309890
00:00:00.303	1.319414	1.230037	1.307692
00:00:00.303	1.328938	1.298901	1.315018
00:00:00.304	1.323810	1.335531	1.314286
00:00:00.305	1.325275	1.313553	1.314286
00:00:00.305	1.328938	1.273260	1.305495
00:00:00.305	1.314286	1.271795	1.312821
00:00:00.305	1.306227	1.312088	1.300366
00:00:00.308	1.288645	1.325275	1.298901
00:00:00.308	1.288645	1.332601	1.300366
00:00:00.308	1.287179	1.334799	1.299634
00:00:00.308	1.274725	1.405861	1.288645
00:00:00.308	1.300366	1.397802	1.300366
00:00:00.308	1.293040	1.279853	1.293040
00:00:00.309	1.304762	1.200733	1.293040
00:00:00.309	1.303297	1.203663	1.290842
00:00:00.309	1.320147	1.263736	1.300366
00:00:00.309	1.312821	1.315751	1.306227
00:00:00.310	1.292308	1.307692	1.300366
00:00:00.310	1.292308	1.326740	1.295971
00:00:00.310	1.316484	1.334066	1.307692
00:00:00.310	1.357509	1.314286	1.316484
00:00:00.310	1.372894	1.297436	1.315018
00:00:00.314	1.344322	1.301832	1.317949
00:00:00.314	1.312088	1.302564	1.320879
00:00:00.314	1.276923	1.285714	1.330403
00:00:00.314	1.288645	1.276190	1.311355
00:00:00.314	1.334799	1.279853	1.296703
00:00:00.314	1.388278	1.283516	1.293040
00:00:00.314	1.362637	1.324542	1.296703
00:00:00.314	1.306227	1.338462	1.293040
00:00:00.314	1.249817	1.330403	1.287912
00:00:00.314	1.252747	1.321612	1.286447
00:00:00.314	1.271795	1.320879	1.296703
00:00:00.315	1.272527	1.315018	1.303297
00:00:00.315	1.279121	1.310623	1.306960
00:00:00.315	1.279121	1.301832	1.296703
00:00:00.348	1.294505	1.314286	1.320147
00:00:00.348	1.318681	1.314286	1.313553
00:00:00.348	1.353114	1.338462	1.316484
00:00:00.349	1.332601	1.344322	1.317949
00:00:00.349	1.322344	1.358974	1.315018
00:00:00.349	1.326740	1.414652	1.316484
00:00:00.350	1.327473	1.410989	1.309158
00:00:00.350	1.323810	1.423443	1.304762
00:00:00.350	1.313553	1.304762	1.288645
00:00:00.351	1.315751	1.189744	1.298901
00:00:00.351	1.304762	1.082051	1.291575
00:00:00.352	1.306227	1.079853	1.293040
00:00:00.352	1.304029	1.144322	1.288645
00:00:00.352	1.318681	1.243956	1.295971
00:00:00.353	1.310623	1.301099	1.297436
00:00:00.353	1.309890	1.336996	1.312088
00:00:00.353	1.298168	1.353114	1.309158
00:00:00.354	1.279121	1.331868	1.294505
00:00:00.354	1.267399	1.299634	1.303297
00:00:00.354	1.267399	1.304762	1.305495
00:00:00.355	1.281319	1.326007	1.308425
00:00:00.355	1.314286	1.350916	1.312088
00:00:00.355	1.322344	1.372894	1.317949
00:00:00.356	1.334066	1.367766	1.310623
00:00:00.356	1.316484	1.367766	1.292308
00:00:00.357	1.338462	1.391941	1.287179
00:00:00.357	1.331868	1.327473	1.288645
00:00:00.357	1.323810	1.271795	1.291575
00:00:00.358	1.331868	1.285714	1.290842
00:00:00.358	1.326740	1.317949	1.279853
00:00:00.358	1.331136	1.394139	1.303297
00:00:00.359	1.314286	1.449084	1.300366
00:00:00.359	1.296703	1.300366	1.331136
00:00:00.359	1.295971	1.185348	1.336996
00:00:00.360	1.283516	1.140659	1.316484
00:00:00.360	1.294505	1.145055	1.317216
00:00:00.360	1.306227	1.161172	1.300366
00:00:00.361	1.326740	1.207326	1.306227
00:00:00.361	1.331136	1.253480	1.291575
00:00:00.362	1.331868	1.326007	1.271062
00:00:00.362	1.320147	1.402930	1.336996
00:00:00.362	1.323077	1.407326	1.339194
00:00:00.363	1.300366	1.383150	1.309158
00:00:00.363	1.305495	1.369231	1.305495
00:00:00.363	1.298901	1.353846	1.290842
00:00:00.364	1.268864	1.367766	1.296703
00:00:00.364	1.281319	1.364835	1.293040
00:00:00.364	1.304762	1.339194	1.293773
00:00:00.365	1.305495	1.308425	1.291575
00:00:00.365	1.301832	1.293773	1.303297
00:00:00.397	1.313553	1.295971	1.307692
00:00:00.398	1.312821	1.295971	1.319414
00:00:00.398	1.306227	1.290842	1.318681
00:00:00.398	1.304762	1.272527	1.320879
00:00:00.399	1.310623	1.341392	1.319414
00:00:00.399	1.307692	1.425641	1.305495
00:00:00.399	1.316484	1.368498	1.294505
00:00:00.400	1.320879	1.287179	1.290110
00:00:00.400	1.309890	1.223443	1.293040
00:00:00.401	1.313553	1.224176	1.297436
00:00:00.401	1.305495	1.177289	1.292308
00:00:00.401	1.315018	1.165568	1.285714
00:00:00.403	1.317949	1.202198	1.283516
00:00:00.403	1.321612	1.220513	1.298901
00:00:00.403	1.297436	1.293040	1.298168
00:00:00.404	1.313553	1.336264	1.298168
00:00:00.404	1.315018	1.356044	1.315018
00:00:00.404	1.301832	1.353846	1.313553
00:00:00.404	1.320147	1.368498	1.321612
00:00:00.406	1.314286	1.405128	1.320147
00:00:00.406	1.331136	1.430769	1.323810
00:00:00.406	1.310623	1.369963	1.297436
00:00:00.406	1.307692	1.295238	1.314286
00:00:00.406	1.298168	1.285714	1.312821
00:00:00.406	1.280586	1.278388	1.293773
00:00:00.406	1.296703	1.284249	1.298901
00:00:00.411	1.288645	1.276190	1.294505
00:00:00.411	1.290110	1.279121	1.288645
00:00:00.411	1.294505	1.304762	1.281319
00:00:00.411	1.336264	1.331868	1.300366
00:00:00.411	1.353114	1.320879	1.302564
00:00:00.411	1.375092	1.315751	1.313553
00:00:00.411	1.328938	1.297436	1.304029
00:00:00.411	1.287912	1.284249	1.306227
00:00:00.411	1.268132	1.265201	1.299634
00:00:00.411	1.241026	1.262271	1.299634
00:00:00.412	1.286447	1.287912	1.309890
00:00:00.412	1.300366	1.292308	1.308425
00:00:00.412	1.309158	1.300366	1.297436
00:00:00.412	1.323810	1.309890	1.288645
00:00:00.412	1.325275	1.316484	1.291575
00:00:00.413	1.331136	1.339194	1.297436
00:00:00.413	1.347253	1.346520	1.317949
00:00:00.413	1.313553	1.327473	1.320879
00:00:00.413	1.320147	1.324542	1.310623
00:00:00.413	1.321612	1.314286	1.279121
00:00:00.414	1.306960	1.302564	1.291575
00:00:00.414	1.302564	1.300366	1.295971
00:00:00.414	1.301832	1.295238	1.300366
00:00:00.415	1.306960	1.290110	1.298168
00:00:00.447	1.317949	1.298168	1.309158
00:00:00.447	1.295238	1.290842	1.306227
00:00:00.448	1.297436	1.305495	1.312821
00:00:00.448	1.296703	1.297436	1.316484
00:00:00.448	1.301099	1.296703	1.309158
00:00:00.449	1.312821	1.301832	1.312088
00:00:00.449	1.298901	1.300366	1.300366
00:00:00.450	1.306227	1.330403	1.305495
00:00:00.450	1.295971	1.341392	1.295971
00:00:00.450	1.287179	1.364103	1.288645
00:00:00.451	1.295971	1.442491	1.294505
00:00:00.451	1.303297	1.425641	1.292308
00:00:00.451	1.312821	1.380952	1.276923
00:00:00.452	1.332601	1.298901	1.289377
00:00:00.452	1.322344	1.161172	1.292308
00:00:00.452	1.330403	1.147985	1.327473
00:00:00.453	1.315018	1.134066	1.315018
00:00:00.453	1.310623	1.133333	1.309158
00:00:00.453	1.295238	1.164103	1.308425
00:00:00.454	1.297436	1.260806	1.313553
00:00:00.454	1.302564	1.347253	1.314286
00:00:00.455	1.284249	1.363370	1.309158
00:00:00.455	1.287179	1.345788	1.298168
00:00:00.455	1.337729	1.358974	1.309890
00:00:00.456	1.318681	1.348718	1.307692
00:00:00.456	1.308425	1.333333	1.292308
00:00:00.456	1.327473	1.337729	1.306960
00:00:00.457	1.329670	1.320147	1.303297
00:00:00.457	1.310623	1.318681	1.277656
00:00:00.457	1.318681	1.326007	1.296703
00:00:00.458	1.323077	1.311355	1.307692
00:00:00.458	1.317949	1.316484	1.329670
00:00:00.458	1.331868	1.326740	1.352381
00:00:00.459	1.321612	1.311355	1.328938
00:00:00.459	1.336264	1.316484	1.298168
00:00:00.460	1.332601	1.313553	1.274725
00:00:00.460	1.306227	1.295238	1.249084
00:00:00.460	1.253480	1.307692	1.295971
00:00:00.461	1.250549	1.300366	1.305495
00:00:00.461	1.262271	1.290110	1.279121
00:00:00.461	1.280586	1.303297	1.291575
00:00:00.462	1.265201	1.294505	1.276923
00:00:00.463	1.268864	1.310623	1.323077
00:00:00.463	1.291575	1.331136	1.323810
00:00:00.463	1.300366	1.326740	1.306227
00:00:00.463	1.352381	1.317216	1.311355
00:00:00.463	1.403663	1.307692	1.300366
00:00:00.465	1.338462	1.280586	1.290842
00:00:00.465	1.323810	1.302564	1.308425
00:00:00.465	1.306227	1.295971	1.304762
00:00:00.497	1.306960	1.293040	1.308425
00:00:00.497	1.318681	1.298901	1.310623
00:00:00.497	1.312088	1.287912	1.308425
00:00:00.498	1.312088	1.292308	1.321612
00:00:00.499	1.306227	1.301099	1.316484
00:00:00.499	1.293040	1.288645	1.297436
00:00:00.499	1.300366	1.294505	1.296703
00:00:00.499	1.300366	1.309158	1.300366
00:00:00.501	1.287179	1.301832	1.306227
00:00:00.501	1.280586	1.303297	1.309890
00:00:00.501	1.293040	1.297436	1.293773
00:00:00.501	1.299634	1.290110	1.276923
00:00:00.501	1.312821	1.309158	1.298901
00:00:00.501	1.322344	1.304029	1.292308
00:00:00.502	1.309158	1.315751	1.298168
00:00:00.502	1.315751	1.314286	1.297436
00:00:00.502	1.347253	1.304029	1.282784
00:00:00.503	1.364835	1.317949	1.311355
00:00:00.503	1.354579	1.310623	1.311355
00:00:00.507	1.312088	1.300366	1.310623
00:00:00.507	1.288645	1.306960	1.312088
00:00:00.507	1.286447	1.299634	1.312821
00:00:00.507	1.305495	1.292308	1.330403
00:00:00.507	1.317949	1.298168	1.318681
00:00:00.507	1.324542	1.305495	1.306227
00:00:00.507	1.308425	1.300366	1.306227
00:00:00.507	1.304029	1.296703	1.287179
00:00:00.507	1.295971	1.301099	1.273260
00:00:00.507	1.299634	1.321612	1.278388
00:00:00.507	1.273260	1.324542	1.299634
00:00:00.507	1.301832	1.315751	1.320879
00:00:00.508	1.304029	1.309890	1.304029
00:00:00.509	1.314286	1.307692	1.315018
00:00:00.509	1.309158	1.304762	1.323810
00:00:00.509	1.295238	1.291575	1.313553
00:00:00.509	1.305495	1.293773	1.312088
00:00:00.510	1.312088	1.301832	1.306960
00:00:00.510	1.308425	1.304029	1.300366
00:00:00.510	1.255678	1.290842	1.304029
00:00:00.511	1.253480	1.292308	1.305495
00:00:00.511	1.306960	1.308425	1.312088
00:00:00.511	1.327473	1.311355	1.306960
00:00:00.512	1.362637	1.302564	1.295971
00:00:00.512	1.350183	1.314286	1.309890
00:00:00.512	1.322344	1.320147	1.311355
00:00:00.513	1.309158	1.298901	1.289377
00:00:00.513	1.317216	1.312821	1.304762
00:00:00.514	1.316484	1.311355	1.306960
00:00:00.515	1.305495	1.303297	1.300366
00:00:00.515	1.310623	1.312821	1.304762
00:00:00.546	1.323810	1.306227	1.303297
00:00:00.547	1.318681	1.295238	1.288645
00:00:00.547	1.298901	1.282784	1.300366
00:00:00.548	1.269597	1.285714	1.295971
00:00:00.548	1.301099	1.299634	1.300366
00:00:00.548	1.293773	1.291575	1.287179
00:00:00.549	1.303297	1.283516	1.298901
00:00:00.549	1.320879	1.288645	1.320879
00:00:00.549	1.310623	1.299634	1.341392
00:00:00.550	1.315018	1.306960	1.309158
00:00:00.550	1.304762	1.304029	1.287912
00:00:00.550	1.307692	1.315751	1.298901
00:00:00.551	1.310623	1.312088	1.293040
00:00:00.551	1.308425	1.316484	1.281319
00:00:00.551	1.312088	1.312088	1.285714
00:00:00.552	1.313553	1.315751	1.307692
00:00:00.552	1.295971	1.299634	1.313553
00:00:00.553	1.290110	1.293773	1.304762
00:00:00.553	1.296703	1.296703	1.309158
00:00:00.553	1.291575	1.281319	1.304029
00:00:00.554	1.292308	1.292308	1.312821
00:00:00.554	1.253480	1.287179	1.315018
00:00:00.554	1.292308	1.292308	1.307692
00:00:00.555	1.320879	1.298168	1.300366
00:00:00.555	1.353114	1.306227	1.314286
00:00:00.555	1.342857	1.312821	1.310623
00:00:00.556	1.331136	1.322344	1.296703
00:00:00.556	1.304762	1.324542	1.285714
00:00:00.556	1.305495	1.332601	1.286447
00:00:00.557	1.304762	1.324542	1.278388
00:00:00.557	1.295238	1.312821	1.279853
00:00:00.558	1.287912	1.309158	1.292308
00:00:00.558	1.289377	1.294505	1.298901
00:00:00.558	1.294505	1.279853	1.306227
00:00:00.559	1.362637	1.287912	1.320879
00:00:00.559	1.370696	1.289377	1.320879
00:00:00.559	1.295238	1.287179	1.314286
00:00:00.560	1.283516	1.295238	1.300366
00:00:00.560	1.304029	1.304762	1.312821
00:00:00.560	1.296703	1.304762	1.308425
00:00:00.561	1.298168	1.312821	1.308425
00:00:00.561	1.301832	1.323810	1.306227
00:00:00.561	1.316484	1.317949	1.291575
00:00:00.563	1.384615	1.322344	1.298901
00:00:00.563	1.332601	1.319414	1.297436
00:00:00.566	1.303297	1.315751	1.292308
00:00:00.566	1.298901	1.310623	1.293773
00:00:00.566	1.297436	1.304029	1.298168
00:00:00.566	1.295971	1.302564	1.308425
00:00:00.566	1.295238	1.292308	1.299634
00:00:00.597	1.301832	1.293040	1.299634
00:00:00.597	1.297436	1.285714	1.305495
00:00:00.597	1.292308	1.290110	1.310623
00:00:00.597	1.299634	1.296703	1.304029
00:00:00.601	1.303297	1.323810	1.312821
00:00:00.601	1.298901	1.312821	1.304762
00:00:00.601	1.288645	1.315751	1.305495
00:00:00.601	1.281319	1.315018	1.303297
00:00:00.601	1.304029	1.298901	1.304029
00:00:00.601	1.367033	1.309890	1.307692
00:00:00.601	1.362637	1.309158	1.299634
00:00:00.601	1.317949	1.287912	1.287912
00:00:00.601	1.306960	1.300366	1.299634
00:00:00.601	1.306227	1.299634	1.299634
00:00:00.601	1.300366	1.297436	1.304762
00:00:00.602	1.299634	1.290842	1.297436
00:00:00.602	1.293040	1.290110	1.296703
00:00:00.602	1.294505	1.287179	1.295971
00:00:00.603	1.306960	1.299634	1.315018
00:00:00.603	1.300366	1.304762	1.313553
00:00:00.603	1.297436	1.301832	1.303297
00:00:00.604	1.308425	1.321612	1.312821
00:00:00.604	1.306960	1.315018	1.303297
00:00:00.604	1.305495	1.317949	1.310623
00:00:00.605	1.310623	1.309158	1.308425
00:00:00.605	1.308425	1.293773	1.298168
00:00:00.605	1.320147	1.294505	1.289377
00:00:00.606	1.313553	1.290110	1.286447
00:00:00.606	1.313553	1.293040	1.287179
00:00:00.607	1.321612	1.302564	1.289377
00:00:00.607	1.304762	1.298901	1.284982
00:00:00.607	1.300366	1.309158	1.300366
00:00:00.608	1.301832	1.306960	1.306227
00:00:00.608	1.306227	1.300366	1.309158
00:00:00.608	1.320147	1.303297	1.310623
00:00:00.609	1.317216	1.304029	1.311355
00:00:00.609	1.302564	1.293773	1.309890
00:00:00.609	1.306227	1.312821	1.312088
00:00:00.610	1.312088	1.315751	1.313553
00:00:00.610	1.308425	1.304762	1.316484
00:00:00.610	1.286447	1.320879	1.315751
00:00:00.611	1.290110	1.295238	1.309158
00:00:00.611	1.358242	1.287179	1.309890
00:00:00.612	1.345055	1.293773	1.312088
00:00:00.612	1.333333	1.293040	1.302564
00:00:00.612	1.296703	1.307692	1.297436
00:00:00.613	1.281319	1.308425	1.288645
00:00:00.613	1.309158	1.321612	1.295971
00:00:00.613	1.296703	1.293773	1.293773
00:00:00.614	1.306960	1.306960	1.307692
00:00:00.646	1.306960	1.318681	1.304762
00:00:00.646	1.286447	1.324542	1.309890
00:00:00.647	1.274725	1.318681	1.307692
00:00:00.647	1.290842	1.303297	1.305495
00:00:00.647	1.323810	1.300366	1.311355
00:00:00.648	1.336264	1.312088	1.309158
00:00:00.648	1.326740	1.300366	1.295971
00:00:00.648	1.300366	1.305495	1.301832
00:00:00.649	1.300366	1.315751	1.290842
00:00:00.649	1.304029	1.305495	1.312821
00:00:00.649	1.309890	1.309158	1.322344
00:00:00.650	1.320147	1.298901	1.309158
00:00:00.651	1.319414	1.294505	1.304762
00:00:00.651	1.302564	1.304029	1.286447
00:00:00.651	1.312821	1.321612	1.291575
00:00:00.651	1.336264	1.322344	1.301832
00:00:00.652	1.322344	1.298901	1.299634
00:00:00.652	1.306960	1.291575	1.312821
00:00:00.652	1.290110	1.279853	1.296703
00:00:00.653	1.309158	1.306227	1.304762
00:00:00.653	1.293773	1.292308	1.303297
00:00:00.653	1.302564	1.294505	1.306960
00:00:00.654	1.306227	1.306960	1.317216
00:00:00.654	1.301832	1.309158	1.311355
00:00:00.654	1.304762	1.311355	1.306227
00:00:00.655	1.309890	1.312088	1.301832
00:00:00.655	1.310623	1.304762	1.296703
00:00:00.656	1.315751	1.291575	1.290110
00:00:00.656	1.308425	1.301099	1.293040
00:00:00.656	1.317216	1.305495	1.299634
00:00:00.657	1.301832	1.302564	1.289377
00:00:00.657	1.316484	1.312088	1.306227
00:00:00.657	1.314286	1.302564	1.305495
00:00:00.658	1.317949	1.314286	1.306227
00:00:00.658	1.315751	1.323810	1.314286
00:00:00.658	1.312088	1.312821	1.313553
00:00:00.660	1.307692	1.306960	1.317216
00:00:00.660	1.297436	1.303297	1.311355
00:00:00.660	1.295971	1.314286	1.311355
00:00:00.662	1.304029	1.318681	1.303297
00:00:00.662	1.306960	1.308425	1.309890
00:00:00.662	1.297436	1.291575	1.295238
00:00:00.662	1.307692	1.293773	1.304029
00:00:00.662	1.316484	1.291575	1.295238
00:00:00.662	1.312821	1.268864	1.294505
00:00:00.662	1.328938	1.273993	1.287912
00:00:00.662	1.309890	1.282784	1.297436
00:00:00.666	1.297436	1.284982	1.300366
00:00:00.666	1.306960	1.313553	1.305495
00:00:00.666	1.311355	1.320879	1.297436
00:00:00.699	1.312821	1.321612	1.305495
00:00:00.699	1.305495	1.315751	1.310623
00:00:00.699	1.309890	1.311355	1.319414
00:00:00.699	1.309890	1.309158	1.312821
00:00:00.699	1.304029	1.317216	1.302564
00:00:00.699	1.307692	1.339194	1.312088
00:00:00.699	1.312088	1.345055	1.308425
00:00:00.699	1.286447	1.328205	1.292308
00:00:00.699	1.300366	1.329670	1.298901
00:00:00.699	1.319414	1.297436	1.295238
00:00:00.699	1.309890	1.276923	1.288645
00:00:00.701	1.323810	1.268864	1.289377
00:00:00.701	1.316484	1.256410	1.287179
00:00:00.701	1.329670	1.279121	1.294505
00:00:00.701	1.321612	1.284982	1.282784
00:00:00.701	1.261538	1.289377	1.289377
00:00:00.701	1.290842	1.295238	1.299634
00:00:00.702	1.306227	1.301099	1.304762
00:00:00.702	1.298901	1.312088	1.308425
00:00:00.703	1.282051	1.314286	1.305495
00:00:00.703	1.323810	1.318681	1.322344
00:00:00.703	1.335531	1.308425	1.330403
00:00:00.703	1.307692	1.281319	1.312088
00:00:00.704	1.313553	1.302564	1.315018
00:00:00.704	1.318681	1.313553	1.312821
00:00:00.705	1.309158	1.307692	1.310623
00:00:00.705	1.315018	1.309158	1.300366
00:00:00.705	1.310623	1.304029	1.287179
00:00:00.706	1.315018	1.312821	1.294505
00:00:00.706	1.320879	1.309890	1.298168
00:00:00.706	1.323810	1.312088	1.303297
00:00:00.707	1.290110	1.301832	1.292308
00:00:00.707	1.289377	1.299634	1.293040
00:00:00.707	1.279121	1.295238	1.289377
00:00:00.708	1.287912	1.312821	1.322344
00:00:00.708	1.286447	1.309158	1.319414
00:00:00.708	1.287179	1.293040	1.301832
00:00:00.709	1.316484	1.297436	1.315751
00:00:00.709	1.386813	1.299634	1.311355
00:00:00.710	1.379487	1.306227	1.317216
00:00:00.710	1.329670	1.311355	1.303297
00:00:00.710	1.288645	1.298901	1.298901
00:00:00.711	1.323077	1.312821	1.304762
00:00:00.711	1.318681	1.303297	1.298168
00:00:00.711	1.296703	1.301832	1.299634
00:00:00.712	1.298901	1.294505	1.303297
00:00:00.712	1.296703	1.292308	1.286447
00:00:00.712	1.309158	1.309158	1.298168
00:00:00.713	1.306960	1.312088	1.299634
00:00:00.713	1.298168	1.303297	1.298168
00:00:00.745	1.300366	1.295971	1.300366
00:00:00.746	1.290842	1.296703	1.294505
00:00:00.746	1.302564	1.306960	1.311355
00:00:00.746	1.306227	1.320147	1.312088
00:00:00.747	1.309158	1.329670	1.314286
00:00:00.747	1.309158	1.307692	1.317216
00:00:00.747	1.304762	1.281319	1.311355
00:00:00.748	1.304029	1.285714	1.311355
00:00:00.748	1.303297	1.289377	1.306227
00:00:00.749	1.302564	1.298168	1.299634
00:00:00.749	1.308425	1.306960	1.299634
00:00:00.749	1.306227	1.310623	1.291575
00:00:00.750	1.314286	1.329670	1.296703
00:00:00.750	1.308425	1.326007	1.290842
00:00:00.750	1.322344	1.345055	1.300366
00:00:00.751	1.322344	1.340659	1.308425
00:00:00.751	1.309890	1.314286	1.303297
00:00:00.751	1.307692	1.290110	1.308425
00:00:00.752	1.309890	1.298168	1.317216
00:00:00.752	1.298168	1.304029	1.317949
00:00:00.752	1.306227	1.304029	1.317949
00:00:00.753	1.305495	1.299634	1.321612
00:00:00.753	1.303297	1.284982	1.312088
00:00:00.756	1.297436	1.243956	1.294505
00:00:00.756	1.309158	1.260806	1.298901
00:00:00.756	1.312088	1.287179	1.300366
00:00:00.756	1.304029	1.285714	1.294505
00:00:00.756	1.313553	1.290110	1.292308
00:00:00.756	1.312088	1.301099	1.291575
00:00:00.758	1.313553	1.315751	1.291575
00:00:00.758	1.312821	1.321612	1.295238
00:00:00.758	1.307692	1.307692	1.286447
00:00:00.758	1.314286	1.321612	1.308425
00:00:00.758	1.315751	1.320879	1.302564
00:00:00.758	1.306227	1.307692	1.308425
00:00:00.758	1.306227	1.300366	1.303297
00:00:00.758	1.296703	1.304029	1.305495
00:00:00.763	1.317949	1.326007	1.318681
00:00:00.763	1.313553	1.317949	1.310623
00:00:00.763	1.297436	1.305495	1.309158
00:00:00.763	1.311355	1.316484	1.313553
00:00:00.763	1.305495	1.311355	1.304029
00:00:00.763	1.296703	1.302564	1.298168
00:00:00.763	1.318681	1.311355	1.304029
00:00:00.763	1.314286	1.306960	1.294505
00:00:00.763	1.306227	1.307692	1.305495
00:00:00.763	1.307692	1.304762	1.295238
00:00:00.763	1.317216	1.301099	1.292308
00:00:00.763	1.317949	1.305495	1.297436
00:00:00.763	1.308425	1.305495	1.298901
00:00:00.796	1.304029	1.301832	1.307692
00:00:00.796	1.288645	1.302564	1.305495
00:00:00.796	1.303297	1.298901	1.310623
00:00:00.797	1.317216	1.299634	1.320147
00:00:00.797	1.309158	1.293040	1.302564
00:00:00.797	1.311355	1.299634	1.315018
00:00:00.797	1.327473	1.310623	1.310623
00:00:00.798	1.310623	1.303297	1.306227
00:00:00.798	1.308425	1.308425	1.307692
00:00:00.798	1.312821	1.306227	1.300366
00:00:00.799	1.315018	1.312088	1.304029
00:00:00.799	1.328205	1.311355	1.299634
00:00:00.799	1.326740	1.305495	1.291575
00:00:00.800	1.277656	1.308425	1.301832
00:00:00.800	1.276923	1.311355	1.300366
00:00:00.800	1.268132	1.292308	1.287179
00:00:00.801	1.294505	1.304029	1.300366
00:00:00.801	1.316484	1.306960	1.303297
00:00:00.801	1.302564	1.297436	1.300366
00:00:00.802	1.315751	1.297436	1.309890
00:00:00.802	1.323077	1.293773	1.306960
00:00:00.803	1.328205	1.295971	1.312088
00:00:00.803	1.344322	1.291575	1.305495
00:00:00.803	1.317216	1.291575	1.296703
00:00:00.804	1.307692	1.300366	1.314286
00:00:00.804	1.300366	1.295238	1.300366
00:00:00.804	1.296703	1.308425	1.300366
00:00:00.805	1.306960	1.313553	1.302564
00:00:00.805	1.301832	1.307692	1.294505
00:00:00.805	1.304029	1.314286	1.300366
00:00:00.806	1.311355	1.312088	1.300366
00:00:00.806	1.306960	1.313553	1.290842
00:00:00.807	1.314286	1.328205	1.295971
00:00:00.808	1.315018	1.334799	1.304029
00:00:00.808	1.306960	1.326007	1.311355
00:00:00.808	1.312088	1.310623	1.316484
00:00:00.808	1.301832	1.289377	1.309158
00:00:00.808	1.301832	1.280586	1.295238
00:00:00.809	1.307692	1.294505	1.309890
00:00:00.809	1.311355	1.293040	1.312821
00:00:00.809	1.309158	1.290842	1.307692
00:00:00.810	1.305495	1.287912	1.300366
00:00:00.810	1.315018	1.305495	1.308425
00:00:00.810	1.316484	1.307692	1.309158
00:00:00.811	1.309158	1.299634	1.294505
00:00:00.811	1.310623	1.304029	1.286447
00:00:00.812	1.322344	1.309890	1.294505
00:00:00.812	1.312088	1.306227	1.285714
00:00:00.812	1.306227	1.310623	1.294505
00:00:00.813	1.306227	1.310623	1.298901
00:00:00.845	1.307692	1.314286	1.306227
00:00:00.845	1.303297	1.309890	1.310623
00:00:00.845	1.306960	1.297436	1.305495
00:00:00.846	1.309158	1.298901	1.307692
00:00:00.846	1.306227	1.295971	1.309890
00:00:00.847	1.305495	1.295238	1.311355
00:00:00.847	1.297436	1.290842	1.305495
00:00:00.847	1.306227	1.300366	1.311355
00:00:00.848	1.300366	1.302564	1.307692
00:00:00.848	1.300366	1.298901	1.294505
00:00:00.848	1.315018	1.305495	1.306960
00:00:00.849	1.306960	1.304762	1.293040
00:00:00.850	1.311355	1.298168	1.282051
00:00:00.850	1.315018	1.309890	1.293773
00:00:00.850	1.322344	1.312821	1.293773
00:00:00.850	1.315751	1.305495	1.299634
00:00:00.851	1.319414	1.320879	1.306960
00:00:00.851	1.320147	1.323810	1.304029
00:00:00.851	1.312821	1.312821	1.312088
00:00:00.853	1.310623	1.304029	1.309890
00:00:00.853	1.298901	1.290110	1.311355
00:00:00.853	1.313553	1.299634	1.315018
00:00:00.854	1.300366	1.296703	1.312821
00:00:00.854	1.295971	1.302564	1.314286
00:00:00.854	1.304029	1.312821	1.304029
00:00:00.854	1.295238	1.309158	1.297436
00:00:00.854	1.301832	1.312821	1.306227
00:00:00.854	1.316484	1.309158	1.301832
00:00:00.859	1.312088	1.304762	1.295238
00:00:00.859	1.324542	1.304762	1.299634
00:00:00.859	1.317949	1.306960	1.286447
00:00:00.859	1.331136	1.321612	1.300366
00:00:00.859	1.336996	1.309158	1.298168
00:00:00.859	1.318681	1.294505	1.300366
00:00:00.859	1.315018	1.294505	1.297436
00:00:00.859	1.290110	1.290842	1.298901
00:00:00.859	1.273260	1.293773	1.313553
00:00:00.859	1.284982	1.302564	1.313553
00:00:00.859	1.280586	1.297436	1.308425
00:00:00.859	1.293773	1.304029	1.312088
00:00:00.861	1.321612	1.300366	1.303297
00:00:00.861	1.344322	1.313553	1.303297
00:00:00.861	1.320147	1.315018	1.308425
00:00:00.861	1.276190	1.310623	1.309890
00:00:00.861	1.306227	1.309890	1.311355
00:00:00.862	1.316484	1.298901	1.293040
00:00:00.862	1.314286	1.302564	1.295238
00:00:00.862	1.309158	1.305495	1.295238
00:00:00.862	1.309158	1.309890	1.298168
00:00:00.862	1.317949	1.315018	1.297436
