timestamp	ch1	ch2	ch3
00:00:00.000	1.313553	1.216117	1.295238
00:00:00.000	1.319414	1.238095	1.300366
00:00:00.000	1.308425	1.255678	1.293773
00:00:00.001	1.315751	1.294505	1.308425
00:00:00.001	1.308425	1.308425	1.311355
00:00:00.001	1.306227	1.294505	1.306960
00:00:00.002	1.312088	1.306227	1.318681
00:00:00.002	1.308425	1.315018	1.323077
00:00:00.002	1.304762	1.309890	1.316484
00:00:00.003	1.303297	1.308425	1.317949
00:00:00.003	1.298168	1.299634	1.295238
00:00:00.004	1.309158	1.315018	1.309890
00:00:00.004	1.311355	1.323077	1.296703
00:00:00.004	1.304762	1.316484	1.287912
00:00:00.005	1.313553	1.326740	1.289377
00:00:00.005	1.309158	1.326007	1.293773
00:00:00.005	1.300366	1.320879	1.285714
00:00:00.006	1.311355	1.328205	1.297436
00:00:00.006	1.313553	1.327473	1.298901
00:00:00.006	1.320147	1.315751	1.306227
00:00:00.007	1.312088	1.302564	1.302564
00:00:00.007	1.312088	1.302564	1.315018
00:00:00.008	1.309890	1.299634	1.315018
00:00:00.008	1.298168	1.292308	1.312821
00:00:00.008	1.306960	1.291575	1.315018
00:00:00.009	1.310623	1.298901	1.312088
00:00:00.009	1.306227	1.295971	1.298168
00:00:00.010	1.312088	1.310623	1.308425
00:00:00.010	1.310623	1.308425	1.300366
00:00:00.010	1.304029	1.279853	1.285714
00:00:00.010	1.310623	1.310623	1.295971
00:00:00.011	1.310623	1.317216	1.285714
00:00:00.011	1.307692	1.326740	1.300366
00:00:00.011	1.312821	1.327473	1.288645
00:00:00.013	1.309158	1.316484	1.289377
00:00:00.013	1.315018	1.314286	1.303297
00:00:00.045	1.309158	1.301099	1.308425
00:00:00.045	1.299634	1.279853	1.305495
00:00:00.045	1.305495	1.276923	1.309890
00:00:00.045	1.307692	1.281319	1.314286
00:00:00.047	1.306960	1.299634	1.320147
00:00:00.047	1.304029	1.302564	1.309890
00:00:00.047	1.304762	1.306960	1.314286
00:00:00.047	1.309890	1.306227	1.305495
00:00:00.047	1.312821	1.308425	1.304029
00:00:00.048	1.311355	1.317949	1.300366
00:00:00.048	1.311355	1.316484	1.298901
00:00:00.048	1.310623	1.314286	1.293040
00:00:00.049	1.311355	1.300366	1.289377
00:00:00.049	1.311355	1.298168	1.287179
00:00:00.049	1.312088	1.318681	1.290842
00:00:00.050	1.315018	1.313553	1.296703
00:00:00.050	1.309890	1.311355	1.307692
00:00:00.050	1.312088	1.304029	1.306227
00:00:00.051	1.305495	1.291575	1.299634
00:00:00.051	1.310623	1.295238	1.314286
00:00:00.051	1.306960	1.283516	1.318681
00:00:00.052	1.303297	1.290110	1.309890
00:00:00.052	1.305495	1.304762	1.317949
00:00:00.053	1.309158	1.298168	1.314286
00:00:00.053	1.300366	1.290842	1.304762
00:00:00.053	1.306960	1.306960	1.303297
00:00:00.054	1.310623	1.311355	1.295238
00:00:00.054	1.314286	1.322344	1.298168
00:00:00.054	1.303297	1.320879	1.297436
00:00:00.055	1.311355	1.331868	1.292308
00:00:00.055	1.306960	1.334066	1.295238
00:00:00.055	1.319414	1.338462	1.298168
00:00:00.056	1.312088	1.334799	1.297436
00:00:00.056	1.309158	1.327473	1.304762
00:00:00.057	1.311355	1.317949	1.308425
00:00:00.057	1.317949	1.335531	1.317216
00:00:00.057	1.310623	1.345055	1.319414
00:00:00.058	1.306227	1.319414	1.317949
00:00:00.058	1.308425	1.272527	1.314286
00:00:00.058	1.304762	1.235165	1.315751
00:00:00.059	1.312088	1.223443	1.312088
00:00:00.059	1.305495	1.233700	1.307692
00:00:00.059	1.312821	1.240293	1.302564
00:00:00.060	1.302564	1.257875	1.286447
00:00:00.060	1.312088	1.312088	1.291575
00:00:00.060	1.309890	1.347253	1.291575
00:00:00.061	1.311355	1.354579	1.295971
00:00:00.061	1.318681	1.349451	1.294505
00:00:00.062	1.312088	1.336264	1.304029
00:00:00.062	1.312821	1.322344	1.300366
00:00:00.094	1.314286	1.320147	1.306960
00:00:00.094	1.315751	1.306227	1.310623
00:00:00.095	1.301832	1.293040	1.307692
00:00:00.095	1.305495	1.297436	1.315018
00:00:00.095	1.312821	1.292308	1.315751
00:00:00.096	1.302564	1.276923	1.311355
00:00:00.096	1.315018	1.295971	1.314286
00:00:00.097	1.309158	1.305495	1.311355
00:00:00.097	1.307692	1.316484	1.303297
00:00:00.097	1.308425	1.320147	1.307692
00:00:00.098	1.312821	1.320147	1.302564
00:00:00.098	1.297436	1.307692	1.283516
00:00:00.098	1.312821	1.332601	1.295971
00:00:00.099	1.317216	1.327473	1.290110
00:00:00.099	1.305495	1.320147	1.293773
00:00:00.099	1.315018	1.317949	1.299634
00:00:00.100	1.309158	1.310623	1.294505
00:00:00.100	1.310623	1.303297	1.303297
00:00:00.100	1.311355	1.298901	1.312088
00:00:00.101	1.312088	1.289377	1.304762
00:00:00.101	1.309890	1.290110	1.314286
00:00:00.102	1.307692	1.287179	1.315018
00:00:00.102	1.297436	1.282784	1.310623
00:00:00.102	1.306960	1.295238	1.312821
00:00:00.103	1.300366	1.290842	1.307692
00:00:00.103	1.308425	1.295238	1.304762
00:00:00.103	1.312088	1.311355	1.302564
00:00:00.104	1.315751	1.310623	1.298168
00:00:00.104	1.312088	1.317216	1.290110
00:00:00.104	1.315018	1.333333	1.295238
00:00:00.105	1.310623	1.321612	1.293040
00:00:00.105	1.306227	1.317216	1.292308
00:00:00.107	1.310623	1.323810	1.300366
00:00:00.107	1.307692	1.312821	1.302564
00:00:00.107	1.295971	1.301832	1.306227
00:00:00.107	1.298901	1.291575	1.304762
00:00:00.107	1.310623	1.295971	1.314286
00:00:00.107	1.320147	1.298901	1.316484
00:00:00.109	1.314286	1.298168	1.318681
00:00:00.109	1.304762	1.282784	1.306227
00:00:00.109	1.310623	1.307692	1.312821
00:00:00.109	1.306960	1.316484	1.309890
00:00:00.109	1.311355	1.319414	1.304762
00:00:00.109	1.317949	1.329670	1.304029
00:00:00.112	1.312088	1.319414	1.296703
00:00:00.112	1.313553	1.292308	1.296703
00:00:00.112	1.316484	1.295971	1.291575
00:00:00.112	1.309890	1.297436	1.291575
00:00:00.112	1.308425	1.287912	1.295238
00:00:00.112	1.311355	1.285714	1.300366
00:00:00.144	1.309158	1.295971	1.293040
00:00:00.144	1.312088	1.313553	1.307692
00:00:00.144	1.314286	1.314286	1.310623
00:00:00.146	1.312088	1.307692	1.315751
00:00:00.146	1.310623	1.301832	1.323810
00:00:00.146	1.297436	1.290110	1.315751
00:00:00.147	1.295971	1.289377	1.312821
00:00:00.147	1.307692	1.294505	1.309158
00:00:00.147	1.314286	1.304762	1.308425
00:00:00.147	1.298901	1.304762	1.297436
00:00:00.147	1.305495	1.306227	1.290110
00:00:00.148	1.312088	1.317216	1.295238
00:00:00.148	1.315751	1.328938	1.290842
00:00:00.148	1.312088	1.325275	1.290110
00:00:00.149	1.319414	1.323077	1.290842
00:00:00.149	1.304029	1.309890	1.292308
00:00:00.149	1.318681	1.322344	1.302564
00:00:00.150	1.301832	1.309158	1.293773
00:00:00.150	1.312088	1.313553	1.306960
00:00:00.151	1.307692	1.304762	1.309158
00:00:00.151	1.309890	1.289377	1.312088
00:00:00.151	1.313553	1.294505	1.320879
00:00:00.152	1.306960	1.295238	1.316484
00:00:00.152	1.298901	1.290110	1.311355
00:00:00.152	1.313553	1.292308	1.315751
00:00:00.153	1.304029	1.286447	1.304029
00:00:00.153	1.308425	1.305495	1.293040
00:00:00.153	1.312088	1.321612	1.298901
00:00:00.154	1.312088	1.312088	1.287179
00:00:00.154	1.312821	1.309890	1.295971
00:00:00.155	1.312088	1.306227	1.290842
00:00:00.155	1.316484	1.317216	1.298168
00:00:00.155	1.319414	1.309158	1.289377
00:00:00.156	1.316484	1.312821	1.298901
00:00:00.156	1.301832	1.311355	1.310623
00:00:00.156	1.312088	1.311355	1.309890
00:00:00.157	1.310623	1.298901	1.312088
00:00:00.157	1.301099	1.293773	1.317949
00:00:00.157	1.313553	1.292308	1.314286
00:00:00.158	1.306960	1.292308	1.317216
00:00:00.158	1.298168	1.284982	1.309158
00:00:00.158	1.303297	1.292308	1.306227
00:00:00.159	1.300366	1.291575	1.298168
00:00:00.159	1.309890	1.305495	1.304762
00:00:00.160	1.297436	1.307692	1.293773
00:00:00.160	1.307692	1.323077	1.292308
00:00:00.160	1.319414	1.345788	1.297436
00:00:00.161	1.313553	1.328938	1.279853
00:00:00.161	1.346520	1.339194	1.300366
00:00:00.161	1.323077	1.328938	1.294505
00:00:00.193	1.300366	1.312088	1.290842
00:00:00.194	1.311355	1.331868	1.310623
00:00:00.194	1.308425	1.309158	1.317216
00:00:00.195	1.305495	1.282051	1.308425
00:00:00.195	1.321612	1.278388	1.317216
00:00:00.195	1.295238	1.271062	1.316484
00:00:00.196	1.295971	1.287912	1.313553
00:00:00.196	1.284249	1.298901	1.305495
00:00:00.196	1.290842	1.295238	1.304029
00:00:00.197	1.300366	1.294505	1.304762
00:00:00.197	1.305495	1.287179	1.288645
00:00:00.197	1.321612	1.284982	1.299634
00:00:00.199	1.329670	1.295971	1.286447
00:00:00.199	1.353114	1.320879	1.295238
00:00:00.199	1.380952	1.329670	1.295971
00:00:00.199	1.326740	1.325275	1.299634
00:00:00.199	1.283516	1.300366	1.288645
00:00:00.200	1.306227	1.290842	1.298901
00:00:00.200	1.311355	1.281319	1.304762
00:00:00.200	1.287912	1.293040	1.320147
00:00:00.201	1.301832	1.312088	1.315751
00:00:00.201	1.309158	1.349451	1.316484
00:00:00.201	1.307692	1.323810	1.306227
00:00:00.202	1.305495	1.317216	1.305495
00:00:00.202	1.283516	1.293040	1.302564
00:00:00.202	1.271062	1.298168	1.320879
00:00:00.203	1.287912	1.309890	1.316484
00:00:00.203	1.295238	1.311355	1.296703
00:00:00.205	1.377289	1.320147	1.304029
00:00:00.205	1.286447	1.311355	1.293773
00:00:00.205	1.279121	1.306227	1.296703
00:00:00.205	1.302564	1.314286	1.291575
00:00:00.205	1.306227	1.318681	1.293773
00:00:00.205	1.357509	1.315018	1.298168
00:00:00.208	1.351648	1.291575	1.299634
00:00:00.208	1.363370	1.286447	1.307692
00:00:00.208	1.375824	1.274725	1.316484
00:00:00.208	1.284249	1.279853	1.321612
00:00:00.208	1.270330	1.301099	1.317949
00:00:00.208	1.280586	1.305495	1.304029
00:00:00.208	1.240293	1.306227	1.297436
00:00:00.208	1.244689	1.340659	1.314286
00:00:00.209	1.272527	1.331136	1.309890
00:00:00.210	1.288645	1.301099	1.293773
00:00:00.210	1.304762	1.286447	1.280586
00:00:00.210	1.389744	1.313553	1.295971
00:00:00.210	1.368498	1.317949	1.293773
00:00:00.210	1.319414	1.330403	1.297436
00:00:00.211	1.365568	1.326740	1.302564
00:00:00.211	1.356777	1.311355	1.306227
00:00:00.243	1.311355	1.300366	1.315018
00:00:00.244	1.313553	1.296703	1.308425
00:00:00.244	1.300366	1.278388	1.307692
00:00:00.244	1.312088	1.260806	1.319414
00:00:00.245	1.310623	1.268132	1.345788
00:00:00.245	1.295971	1.276923	1.319414
00:00:00.245	1.345055	1.265201	1.313553
00:00:00.246	1.294505	1.281319	1.307692
00:00:00.246	1.284249	1.303297	1.300366
00:00:00.246	1.284982	1.338462	1.325275
00:00:00.247	1.279121	1.386813	1.281319
00:00:00.247	1.275458	1.352381	1.253480
00:00:00.248	1.300366	1.306227	1.288645
00:00:00.248	1.307692	1.287912	1.293040
00:00:00.248	1.309158	1.290842	1.309158
00:00:00.249	1.299634	1.276923	1.313553
00:00:00.249	1.324542	1.235165	1.293040
00:00:00.249	1.399267	1.252015	1.306227
00:00:00.250	1.334066	1.260073	1.300366
00:00:00.251	1.313553	1.320147	1.298168
00:00:00.251	1.303297	1.358974	1.281319
00:00:00.251	1.200733	1.357509	1.283516
00:00:00.251	1.335531	1.378022	1.330403
00:00:00.251	1.356044	1.380952	1.332601
00:00:00.252	1.227106	1.347253	1.315751
00:00:00.252	1.220513	1.322344	1.312821
00:00:00.253	1.268864	1.309158	1.304029
00:00:00.253	1.328938	1.282784	1.297436
00:00:00.253	1.410989	1.276190	1.294505
00:00:00.254	1.324542	1.296703	1.283516
00:00:00.254	1.302564	1.331868	1.319414
00:00:00.254	1.474725	1.308425	1.312821
00:00:00.255	1.508425	1.323077	1.312821
00:00:00.255	1.373626	1.300366	1.339194
00:00:00.255	1.282051	1.292308	1.326007
00:00:00.256	1.269597	1.298168	1.300366
00:00:00.256	1.246154	1.270330	1.297436
00:00:00.256	1.232967	1.232234	1.289377
00:00:00.257	1.251282	1.257143	1.308425
00:00:00.257	1.250549	1.290110	1.307692
00:00:00.258	1.265201	1.311355	1.317949
00:00:00.258	1.329670	1.335531	1.303297
00:00:00.258	1.320879	1.373626	1.306227
00:00:00.259	1.282784	1.397802	1.302564
00:00:00.259	1.293773	1.391941	1.285714
00:00:00.259	1.287179	1.329670	1.268132
00:00:00.260	1.316484	1.275458	1.294505
00:00:00.260	1.323810	1.254945	1.283516
00:00:00.260	1.320879	1.257143	1.280586
00:00:00.261	1.342125	1.275458	1.305495
00:00:00.293	1.353846	1.312821	1.298168
00:00:00.293	1.383883	1.305495	1.318681
00:00:00.294	1.292308	1.310623	1.323077
00:00:00.294	1.225641	1.294505	1.327473
00:00:00.294	1.246154	1.267399	1.317216
00:00:00.296	1.276923	1.247619	1.323810
00:00:00.296	1.271795	1.254945	1.317949
00:00:00.296	1.274725	1.284249	1.312821
00:00:00.296	1.291575	1.299634	1.306227
00:00:00.296	1.364835	1.305495	1.304762
00:00:00.298	1.363370	1.323810	1.320879
00:00:00.298	1.253480	1.317216	1.293773
00:00:00.298	1.264469	1.331868	1.272527
00:00:00.300	1.430037	1.329670	1.255678
00:00:00.300	1.392674	1.331868	1.268132
00:00:00.300	1.335531	1.349451	1.314286
00:00:00.300	1.311355	1.330403	1.320147
00:00:00.300	1.323077	1.320147	1.317949
00:00:00.300	1.356044	1.308425	1.330403
00:00:00.300	1.318681	1.304029	1.326740
00:00:00.300	1.289377	1.282784	1.303297
00:00:00.300	1.278388	1.278388	1.290110
00:00:00.301	1.285714	1.290842	1.300366
00:00:00.301	1.284982	1.316484	1.320879
00:00:00.304	1.285714	1.336996	1.346520
00:00:00.304	1.279121	1.321612	1.303297
00:00:00.304	1.280586	1.317949	1.264469
00:00:00.304	1.351648	1.284249	1.265201
00:00:00.304	1.400000	1.284249	1.306227
00:00:00.304	1.338462	1.303297	1.329670
00:00:00.304	1.316484	1.313553	1.357509
00:00:00.304	1.315751	1.310623	1.311355
00:00:00.304	1.319414	1.290842	1.293773
00:00:00.305	1.322344	1.314286	1.296703
00:00:00.305	1.285714	1.308425	1.268132
00:00:00.305	1.284249	1.312088	1.251282
00:00:00.306	1.298901	1.282051	1.281319
00:00:00.306	1.279121	1.263004	1.310623
00:00:00.307	1.276923	1.268132	1.320147
00:00:00.307	1.249084	1.300366	1.311355
00:00:00.307	1.273993	1.350916	1.329670
00:00:00.308	1.291575	1.352381	1.306227
00:00:00.308	1.293773	1.342125	1.318681
00:00:00.308	1.304762	1.339927	1.312821
00:00:00.309	1.370696	1.330403	1.298901
00:00:00.309	1.362637	1.309158	1.300366
00:00:00.309	1.308425	1.290110	1.295971
00:00:00.310	1.295971	1.274725	1.265201
00:00:00.310	1.293040	1.290110	1.320147
00:00:00.310	1.309158	1.292308	1.304029
00:00:00.343	1.315751	1.315751	1.313553
00:00:00.343	1.313553	1.334066	1.336996
00:00:00.343	1.304762	1.304762	1.305495
00:00:00.344	1.309158	1.308425	1.314286
00:00:00.344	1.312821	1.298901	1.300366
00:00:00.344	1.324542	1.291575	1.340659
00:00:00.345	1.347985	1.297436	1.320147
00:00:00.345	1.347253	1.308425	1.290842
00:00:00.346	1.312821	1.292308	1.270330
00:00:00.346	1.305495	1.295238	1.284982
00:00:00.346	1.314286	1.293773	1.301832
00:00:00.347	1.309158	1.297436	1.302564
00:00:00.347	1.279121	1.310623	1.308425
00:00:00.347	1.271062	1.332601	1.303297
00:00:00.348	1.295971	1.332601	1.299634
00:00:00.348	1.308425	1.312821	1.296703
00:00:00.348	1.320147	1.297436	1.300366
00:00:00.349	1.320147	1.299634	1.299634
00:00:00.349	1.312088	1.266667	1.293773
00:00:00.349	1.314286	1.263004	1.309158
00:00:00.350	1.320879	1.267399	1.305495
00:00:00.350	1.299634	1.285714	1.308425
00:00:00.351	1.309158	1.316484	1.319414
00:00:00.351	1.309158	1.367033	1.326740
00:00:00.351	1.304762	1.356044	1.320147
00:00:00.352	1.312088	1.327473	1.302564
00:00:00.352	1.306960	1.332601	1.286447
00:00:00.352	1.317216	1.326007	1.306960
00:00:00.353	1.312088	1.289377	1.283516
00:00:00.353	1.298168	1.306227	1.289377
00:00:00.353	1.301099	1.323077	1.295238
00:00:00.354	1.297436	1.322344	1.293040
00:00:00.355	1.292308	1.314286	1.295971
00:00:00.355	1.309158	1.315018	1.304762
00:00:00.355	1.332601	1.283516	1.291575
00:00:00.355	1.334799	1.262271	1.296703
00:00:00.356	1.364103	1.251282	1.304762
00:00:00.356	1.330403	1.252747	1.304029
00:00:00.356	1.294505	1.279121	1.315018
00:00:00.357	1.268864	1.287912	1.320147
00:00:00.357	1.276190	1.291575	1.323810
00:00:00.357	1.238095	1.288645	1.303297
00:00:00.358	1.273260	1.298901	1.310623
00:00:00.358	1.306227	1.301099	1.305495
00:00:00.358	1.309890	1.322344	1.297436
00:00:00.359	1.366300	1.334799	1.285714
00:00:00.359	1.279121	1.332601	1.296703
00:00:00.359	1.225641	1.347253	1.295971
00:00:00.360	1.280586	1.341392	1.290110
00:00:00.360	1.330403	1.311355	1.298901
00:00:00.392	1.387546	1.317216	1.300366
00:00:00.393	1.398535	1.309890	1.300366
00:00:00.393	1.393407	1.296703	1.312821
00:00:00.393	1.346520	1.279853	1.304029
00:00:00.394	1.264469	1.311355	1.315751
00:00:00.394	1.201465	1.333333	1.312088
00:00:00.396	1.239560	1.319414	1.314286
00:00:00.396	1.286447	1.301832	1.309158
00:00:00.396	1.338462	1.286447	1.307692
00:00:00.397	1.363370	1.281319	1.314286
00:00:00.397	1.367766	1.288645	1.307692
00:00:00.397	1.317949	1.295238	1.301832
00:00:00.397	1.249084	1.273993	1.301832
00:00:00.397	1.271062	1.207326	1.282051
00:00:00.397	1.302564	1.204396	1.263736
00:00:00.398	1.333333	1.274725	1.279853
00:00:00.400	1.382418	1.309158	1.287179
00:00:00.400	1.421245	1.343590	1.293773
00:00:00.400	1.425641	1.393407	1.298901
00:00:00.400	1.342125	1.383150	1.298168
00:00:00.400	1.261538	1.357509	1.290110
00:00:00.400	1.203663	1.325275	1.282051
00:00:00.400	1.189011	1.295238	1.279121
00:00:00.401	1.224176	1.281319	1.296703
00:00:00.401	1.262271	1.295238	1.352381
00:00:00.401	1.276923	1.306227	1.361905
00:00:00.402	1.314286	1.292308	1.350183
00:00:00.402	1.336996	1.279853	1.327473
00:00:00.402	1.272527	1.284982	1.266667
00:00:00.403	1.358974	1.327473	1.264469
00:00:00.403	1.432234	1.334066	1.276190
00:00:00.403	1.424908	1.356777	1.292308
00:00:00.404	1.378022	1.312088	1.294505
00:00:00.404	1.346520	1.343590	1.305495
00:00:00.405	1.210989	1.294505	1.312821
00:00:00.405	1.212454	1.275458	1.336264
00:00:00.405	1.237363	1.222711	1.337729
00:00:00.406	1.273260	1.204396	1.349451
00:00:00.406	1.323810	1.207326	1.300366
00:00:00.407	1.291575	1.291575	1.284982
00:00:00.407	1.347985	1.353114	1.293040
00:00:00.407	1.397802	1.254212	1.291575
00:00:00.407	1.419048	1.230037	1.297436
00:00:00.408	1.393407	1.263736	1.300366
00:00:00.408	1.316484	1.323810	1.279853
00:00:00.408	1.318681	1.346520	1.276923
00:00:00.409	1.290842	1.284249	1.285714
00:00:00.409	1.243223	1.224908	1.281319
00:00:00.410	1.230037	1.194139	1.306227
00:00:00.410	1.183883	1.249084	1.331868
00:00:00.442	1.150183	1.297436	1.323810
00:00:00.442	1.230769	1.295971	1.300366
00:00:00.443	1.302564	1.252747	1.295971
00:00:00.443	1.372894	1.283516	1.297436
00:00:00.444	1.415385	1.342857	1.310623
00:00:00.444	1.441026	1.316484	1.306227
00:00:00.444	1.383150	1.308425	1.290110
00:00:00.445	1.301099	1.365568	1.323810
00:00:00.445	1.268864	1.438095	1.326740
00:00:00.445	1.255678	1.432234	1.315018
00:00:00.446	1.283516	1.394872	1.313553
00:00:00.446	1.278388	1.298168	1.301832
00:00:00.446	1.263736	1.240293	1.310623
00:00:00.447	1.280586	1.294505	1.295971
00:00:00.447	1.316484	1.444689	1.282784
00:00:00.447	1.340659	1.349451	1.284249
00:00:00.448	1.376557	1.273260	1.288645
00:00:00.448	1.417582	1.260806	1.295971
00:00:00.449	1.410256	1.285714	1.315018
00:00:00.449	1.323810	1.344322	1.304762
00:00:00.449	1.271062	1.362637	1.306227
00:00:00.450	1.296703	1.334066	1.315018
00:00:00.450	1.264469	1.311355	1.298168
00:00:00.450	1.241758	1.274725	1.300366
00:00:00.451	1.269597	1.326740	1.312088
00:00:00.451	1.249817	1.386813	1.302564
00:00:00.451	1.295238	1.400733	1.310623
00:00:00.452	1.323810	1.315751	1.306960
00:00:00.452	1.344322	1.284982	1.297436
00:00:00.452	1.383883	1.328938	1.306960
00:00:00.453	1.339194	1.412454	1.312088
00:00:00.453	1.317949	1.354579	1.303297
00:00:00.454	1.335531	1.297436	1.296703
00:00:00.454	1.373626	1.237363	1.298901
00:00:00.454	1.354579	1.230037	1.282784
00:00:00.455	1.324542	1.262271	1.298168
00:00:00.455	1.331136	1.303297	1.312088
00:00:00.455	1.271795	1.294505	1.321612
00:00:00.456	1.190476	1.243223	1.323810
00:00:00.456	1.107692	1.308425	1.317216
00:00:00.456	1.105495	1.386813	1.318681
00:00:00.457	1.274725	1.396337	1.299634
00:00:00.457	1.362637	1.456410	1.308425
00:00:00.457	1.377289	1.389011	1.293773
00:00:00.458	1.375824	1.304029	1.288645
00:00:00.458	1.401465	1.257143	1.300366
00:00:00.459	1.416850	1.276190	1.328205
00:00:00.459	1.397802	1.264469	1.339194
00:00:00.459	1.402930	1.320879	1.362637
00:00:00.460	1.386081	1.271795	1.313553
00:00:00.494	1.318681	1.272527	1.287179
00:00:00.494	1.219780	1.263736	1.306227
00:00:00.494	1.162637	1.191941	1.304029
00:00:00.494	1.196337	1.112821	1.304762
00:00:00.494	1.311355	1.139194	1.337729
00:00:00.494	1.347253	1.230769	1.290110
00:00:00.494	1.303297	1.254212	1.289377
00:00:00.494	1.290110	1.359707	1.299634
00:00:00.497	1.325275	1.361905	1.300366
00:00:00.497	1.304029	1.252747	1.273260
00:00:00.497	1.301832	1.221978	1.285714
00:00:00.497	1.311355	1.210256	1.293040
00:00:00.497	1.293040	1.200000	1.289377
00:00:00.497	1.317949	1.181685	1.295971
00:00:00.497	1.342125	1.145055	1.300366
00:00:00.497	1.321612	1.182418	1.290842
00:00:00.498	1.331136	1.498901	1.299634
00:00:00.498	1.326740	1.574359	1.309158
00:00:00.498	1.309158	1.458608	1.302564
00:00:00.499	1.305495	1.375092	1.292308
00:00:00.499	1.303297	1.289377	1.309158
00:00:00.499	1.293773	1.249084	1.309890
00:00:00.500	1.305495	1.326007	1.305495
00:00:00.500	1.303297	1.326740	1.304762
00:00:00.500	1.305495	1.315018	1.303297
00:00:00.501	1.316484	1.340659	1.303297
00:00:00.501	1.304029	1.325275	1.295238
00:00:00.501	1.323077	1.324542	1.318681
00:00:00.502	1.319414	1.323077	1.316484
00:00:00.502	1.310623	1.345055	1.306227
00:00:00.503	1.347253	1.353846	1.305495
00:00:00.503	1.323810	1.349451	1.295971
00:00:00.503	1.304762	1.387546	1.300366
00:00:00.504	1.310623	1.460073	1.298901
00:00:00.504	1.301832	1.460073	1.285714
00:00:00.504	1.326007	1.368498	1.307692
00:00:00.505	1.321612	1.297436	1.312821
00:00:00.505	1.304029	1.209524	1.306960
00:00:00.505	1.318681	1.187546	1.320147
00:00:00.506	1.309890	1.224908	1.323077
00:00:00.506	1.282051	1.265934	1.309890
00:00:00.506	1.290110	1.347253	1.315751
00:00:00.507	1.303297	1.552381	1.330403
00:00:00.507	1.296703	1.706227	1.326007
00:00:00.508	1.312088	1.598535	1.323077
00:00:00.508	1.320879	1.349451	1.305495
00:00:00.508	1.307692	1.231502	1.301832
00:00:00.509	1.312088	1.194872	1.298168
00:00:00.509	1.311355	1.213919	1.300366
00:00:00.509	1.323810	1.145055	1.296703
00:00:00.542	1.312821	1.017582	1.285714
00:00:00.542	1.303297	1.123077	1.285714
00:00:00.542	1.299634	1.248352	1.290110
00:00:00.543	1.302564	1.321612	1.295238
00:00:00.543	1.317216	1.348718	1.315751
00:00:00.543	1.309158	1.305495	1.311355
00:00:00.544	1.300366	1.315018	1.311355
00:00:00.544	1.336264	1.361905	1.326007
00:00:00.544	1.331868	1.352381	1.316484
00:00:00.545	1.311355	1.313553	1.314286
00:00:00.545	1.302564	1.301832	1.307692
00:00:00.545	1.286447	1.298168	1.300366
00:00:00.546	1.299634	1.318681	1.306960
00:00:00.546	1.306227	1.320879	1.309158
00:00:00.547	1.313553	1.314286	1.299634
00:00:00.547	1.320879	1.331868	1.298168
00:00:00.547	1.289377	1.342125	1.289377
00:00:00.548	1.292308	1.330403	1.304029
00:00:00.548	1.305495	1.306960	1.303297
00:00:00.548	1.315751	1.280586	1.307692
00:00:00.549	1.328205	1.258608	1.306227
00:00:00.549	1.310623	1.254945	1.318681
00:00:00.549	1.326740	1.260073	1.320879
00:00:00.550	1.308425	1.271062	1.321612
00:00:00.550	1.287179	1.290842	1.312821
00:00:00.550	1.304762	1.304029	1.312088
00:00:00.551	1.316484	1.307692	1.308425
00:00:00.551	1.341392	1.312088	1.306227
00:00:00.552	1.336264	1.303297	1.297436
00:00:00.552	1.334799	1.306960	1.293040
00:00:00.552	1.334799	1.289377	1.285714
00:00:00.553	1.279121	1.284982	1.290842
00:00:00.553	1.296703	1.282784	1.301832
00:00:00.553	1.330403	1.254945	1.293773
00:00:00.554	1.358242	1.276923	1.301832
00:00:00.554	1.356777	1.315751	1.305495
00:00:00.554	1.292308	1.316484	1.303297
00:00:00.555	1.224908	1.287179	1.296703
00:00:00.555	1.201465	1.306227	1.302564
00:00:00.555	1.227839	1.328205	1.309890
00:00:00.559	1.232234	1.322344	1.301832
00:00:00.559	1.312088	1.320147	1.314286
00:00:00.559	1.361905	1.287912	1.313553
00:00:00.559	1.362637	1.266667	1.306960
00:00:00.559	1.375824	1.238828	1.306227
00:00:00.559	1.373626	1.262271	1.300366
00:00:00.559	1.347253	1.320879	1.303297
00:00:00.559	1.314286	1.356777	1.300366
00:00:00.559	1.301099	1.361905	1.295971
00:00:00.559	1.305495	1.380952	1.293773
00:00:00.593	1.292308	1.334799	1.298168
00:00:00.593	1.293773	1.331868	1.297436
00:00:00.593	1.273993	1.322344	1.304762
00:00:00.593	1.279121	1.269597	1.305495
00:00:00.593	1.306227	1.230037	1.304029
00:00:00.593	1.325275	1.235897	1.298901
00:00:00.593	1.309158	1.271062	1.312821
00:00:00.594	1.288645	1.293040	1.302564
00:00:00.594	1.284982	1.290842	1.313553
00:00:00.594	1.297436	1.306227	1.310623
00:00:00.596	1.346520	1.312821	1.317216
00:00:00.596	1.366300	1.286447	1.304029
00:00:00.596	1.344322	1.263004	1.294505
00:00:00.596	1.331868	1.270330	1.303297
00:00:00.596	1.295238	1.302564	1.296703
00:00:00.597	1.260073	1.323810	1.286447
00:00:00.597	1.302564	1.345055	1.300366
00:00:00.597	1.317949	1.353846	1.290842
00:00:00.598	1.313553	1.369231	1.309158
00:00:00.598	1.320147	1.353114	1.305495
00:00:00.598	1.292308	1.320879	1.307692
00:00:00.599	1.319414	1.263004	1.308425
00:00:00.599	1.323077	1.258608	1.311355
00:00:00.599	1.305495	1.271795	1.304029
00:00:00.600	1.313553	1.315018	1.309890
00:00:00.600	1.306960	1.299634	1.300366
00:00:00.601	1.315018	1.290110	1.317216
00:00:00.601	1.306227	1.262271	1.314286
00:00:00.601	1.295238	1.265201	1.309158
00:00:00.602	1.315018	1.309158	1.306960
00:00:00.602	1.318681	1.315751	1.295238
00:00:00.602	1.326740	1.353114	1.295238
00:00:00.603	1.328938	1.370696	1.287912
00:00:00.603	1.323810	1.349451	1.289377
00:00:00.603	1.334066	1.330403	1.300366
00:00:00.604	1.322344	1.300366	1.298168
00:00:00.604	1.295238	1.283516	1.310623
00:00:00.604	1.290842	1.284982	1.308425
00:00:00.605	1.211722	1.268132	1.297436
00:00:00.605	1.252015	1.301832	1.314286
00:00:00.606	1.315018	1.312088	1.309890
00:00:00.606	1.379487	1.323810	1.310623
00:00:00.606	1.405128	1.372894	1.317216
00:00:00.607	1.382418	1.367033	1.306227
00:00:00.607	1.307692	1.300366	1.316484
00:00:00.607	1.267399	1.275458	1.302564
00:00:00.608	1.259341	1.251282	1.295971
00:00:00.608	1.288645	1.239560	1.295238
00:00:00.608	1.310623	1.277656	1.292308
00:00:00.609	1.315018	1.298168	1.300366
00:00:00.641	1.322344	1.301832	1.300366
00:00:00.641	1.294505	1.315751	1.289377
00:00:00.642	1.304762	1.347253	1.297436
00:00:00.642	1.287912	1.323810	1.298168
00:00:00.642	1.290842	1.306227	1.312821
00:00:00.643	1.310623	1.320147	1.314286
00:00:00.643	1.311355	1.326740	1.312088
00:00:00.643	1.330403	1.315018	1.315018
00:00:00.644	1.336264	1.284982	1.311355
00:00:00.644	1.293773	1.252747	1.300366
00:00:00.645	1.291575	1.252015	1.302564
00:00:00.645	1.295971	1.268864	1.298901
00:00:00.645	1.287912	1.306227	1.306227
00:00:00.646	1.261538	1.306227	1.298901
00:00:00.646	1.298168	1.298168	1.275458
00:00:00.646	1.315751	1.326740	1.290110
00:00:00.647	1.329670	1.328938	1.289377
00:00:00.648	1.323810	1.336996	1.290110
00:00:00.648	1.334066	1.367766	1.304762
00:00:00.648	1.327473	1.354579	1.305495
00:00:00.648	1.329670	1.320879	1.312088
00:00:00.650	1.354579	1.315751	1.321612
00:00:00.650	1.339194	1.304762	1.310623
00:00:00.650	1.337729	1.331136	1.317216
00:00:00.650	1.323810	1.364103	1.312821
00:00:00.650	1.305495	1.353846	1.316484
00:00:00.650	1.304762	1.383150	1.321612
00:00:00.652	1.268132	1.357509	1.309158
00:00:00.652	1.289377	1.299634	1.304029
00:00:00.652	1.289377	1.252747	1.304029
00:00:00.652	1.287912	1.133333	1.290110
00:00:00.652	1.303297	1.144322	1.284982
00:00:00.652	1.301832	1.191209	1.283516
00:00:00.654	1.298168	1.212454	1.303297
00:00:00.654	1.323077	1.271062	1.315018
00:00:00.654	1.296703	1.303297	1.297436
00:00:00.654	1.331868	1.323810	1.294505
00:00:00.654	1.353114	1.335531	1.306960
00:00:00.655	1.333333	1.345788	1.309158
00:00:00.655	1.311355	1.385348	1.321612
00:00:00.655	1.278388	1.335531	1.333333
00:00:00.658	1.283516	1.288645	1.319414
00:00:00.658	1.317216	1.302564	1.315751
00:00:00.658	1.320147	1.325275	1.309158
00:00:00.658	1.323077	1.322344	1.314286
00:00:00.658	1.306227	1.310623	1.304762
00:00:00.658	1.312821	1.327473	1.302564
00:00:00.658	1.313553	1.337729	1.304029
00:00:00.658	1.308425	1.350183	1.300366
00:00:00.660	1.301832	1.358242	1.297436
00:00:00.692	1.287179	1.350183	1.294505
00:00:00.692	1.307692	1.333333	1.294505
00:00:00.692	1.314286	1.320147	1.299634
00:00:00.692	1.317949	1.300366	1.296703
00:00:00.692	1.313553	1.294505	1.300366
00:00:00.693	1.315018	1.268132	1.309890
00:00:00.693	1.323077	1.231502	1.304762
00:00:00.693	1.318681	1.238828	1.309158
00:00:00.694	1.316484	1.276190	1.315751
00:00:00.694	1.302564	1.290842	1.311355
00:00:00.694	1.302564	1.326007	1.314286
00:00:00.695	1.303297	1.367033	1.315751
00:00:00.695	1.302564	1.386813	1.302564
00:00:00.695	1.312088	1.419780	1.312821
00:00:00.696	1.266667	1.408059	1.299634
00:00:00.696	1.276923	1.375092	1.297436
00:00:00.696	1.309890	1.357509	1.293040
00:00:00.697	1.341392	1.345055	1.293040
00:00:00.697	1.395604	1.285714	1.309890
00:00:00.698	1.396337	1.173626	1.292308
00:00:00.698	1.345788	1.132601	1.302564
00:00:00.698	1.306960	1.194139	1.303297
00:00:00.699	1.273993	1.271062	1.298901
00:00:00.699	1.268132	1.324542	1.315751
00:00:00.700	1.281319	1.327473	1.306960
00:00:00.700	1.297436	1.294505	1.305495
00:00:00.700	1.312088	1.243956	1.316484
00:00:00.700	1.327473	1.227839	1.309158
00:00:00.701	1.328938	1.258608	1.315018
00:00:00.701	1.323810	1.306227	1.308425
00:00:00.701	1.311355	1.348718	1.309890
00:00:00.702	1.295971	1.357509	1.296703
00:00:00.702	1.294505	1.369231	1.291575
00:00:00.703	1.309158	1.353846	1.290110
00:00:00.703	1.300366	1.282784	1.288645
00:00:00.703	1.290842	1.284982	1.307692
00:00:00.704	1.268132	1.276923	1.311355
00:00:00.704	1.265934	1.284982	1.300366
00:00:00.704	1.309890	1.299634	1.308425
00:00:00.705	1.331868	1.324542	1.306227
00:00:00.705	1.326007	1.353114	1.313553
00:00:00.705	1.316484	1.363370	1.317216
00:00:00.706	1.298901	1.411722	1.317949
00:00:00.706	1.294505	1.408059	1.315751
00:00:00.706	1.301832	1.347253	1.302564
00:00:00.707	1.323810	1.308425	1.309158
00:00:00.707	1.307692	1.243956	1.301832
00:00:00.708	1.301832	1.212454	1.291575
00:00:00.708	1.323077	1.227839	1.297436
00:00:00.708	1.338462	1.216850	1.300366
00:00:00.740	1.328938	1.239560	1.288645
00:00:00.741	1.304029	1.312821	1.290842
00:00:00.741	1.319414	1.378755	1.300366
00:00:00.742	1.327473	1.383150	1.312821
00:00:00.742	1.279121	1.312088	1.309890
00:00:00.742	1.300366	1.269597	1.310623
00:00:00.743	1.315018	1.265934	1.309158
00:00:00.743	1.310623	1.288645	1.307692
00:00:00.743	1.287912	1.288645	1.300366
00:00:00.744	1.323810	1.297436	1.313553
00:00:00.744	1.326740	1.313553	1.304029
00:00:00.744	1.332601	1.313553	1.309890
00:00:00.745	1.309158	1.305495	1.305495
00:00:00.745	1.309158	1.313553	1.298901
00:00:00.745	1.330403	1.326740	1.306960
00:00:00.746	1.332601	1.332601	1.297436
00:00:00.746	1.295971	1.300366	1.283516
00:00:00.750	1.302564	1.309158	1.299634
00:00:00.750	1.315018	1.386813	1.312821
00:00:00.750	1.252747	1.329670	1.296703
00:00:00.750	1.267399	1.323810	1.299634
00:00:00.750	1.294505	1.314286	1.305495
00:00:00.750	1.316484	1.294505	1.307692
00:00:00.750	1.324542	1.291575	1.310623
00:00:00.750	1.306960	1.256410	1.312821
00:00:00.750	1.293040	1.238828	1.307692
00:00:00.750	1.262271	1.288645	1.309890
00:00:00.750	1.240293	1.345055	1.309890
00:00:00.750	1.312088	1.356044	1.320147
00:00:00.751	1.285714	1.334066	1.310623
00:00:00.751	1.335531	1.295238	1.296703
00:00:00.754	1.430037	1.323810	1.297436
00:00:00.754	1.477656	1.334066	1.298168
00:00:00.754	1.394139	1.304029	1.284249
00:00:00.754	1.320879	1.283516	1.293040
00:00:00.754	1.271795	1.300366	1.297436
00:00:00.754	1.268864	1.315751	1.309158
00:00:00.754	1.266667	1.260073	1.317216
00:00:00.754	1.289377	1.195604	1.307692
00:00:00.754	1.318681	1.182418	1.300366
00:00:00.756	1.304029	1.204396	1.306960
00:00:00.756	1.278388	1.253480	1.300366
00:00:00.756	1.229304	1.330403	1.311355
00:00:00.756	1.244689	1.449084	1.313553
00:00:00.756	1.274725	1.419048	1.315751
00:00:00.757	1.304029	1.407326	1.309890
00:00:00.757	1.327473	1.360440	1.304762
00:00:00.757	1.341392	1.245421	1.290842
00:00:00.758	1.326740	1.213187	1.298901
00:00:00.758	1.323810	1.231502	1.290110
00:00:00.790	1.317216	1.242491	1.279121
00:00:00.791	1.316484	1.312821	1.305495
00:00:00.791	1.314286	1.320879	1.296703
00:00:00.791	1.314286	1.327473	1.302564
00:00:00.792	1.323077	1.352381	1.297436
00:00:00.792	1.331136	1.321612	1.315751
00:00:00.792	1.300366	1.298901	1.314286
00:00:00.793	1.301099	1.326007	1.312821
00:00:00.793	1.289377	1.304029	1.308425
00:00:00.793	1.319414	1.341392	1.321612
00:00:00.794	1.315018	1.323077	1.310623
00:00:00.794	1.310623	1.317216	1.315018
00:00:00.794	1.323077	1.301832	1.308425
00:00:00.795	1.318681	1.300366	1.300366
