timestamp	ch1	ch2	ch3
00:00:00.000	1.229304	1.290110	1.290842
00:00:00.000	1.237363	1.293773	1.298901
00:00:00.000	1.241758	1.336996	1.304762
00:00:00.001	1.253480	1.339927	1.311355
00:00:00.001	1.300366	1.339927	1.309158
00:00:00.002	1.320879	1.304762	1.308425
00:00:00.002	1.339927	1.295971	1.315018
00:00:00.002	1.353114	1.302564	1.317216
00:00:00.003	1.328938	1.292308	1.313553
00:00:00.003	1.303297	1.260806	1.295971
00:00:00.003	1.322344	1.242491	1.308425
00:00:00.005	1.316484	1.257143	1.297436
00:00:00.005	1.287179	1.281319	1.287179
00:00:00.005	1.265934	1.298901	1.296703
00:00:00.005	1.293773	1.314286	1.304029
00:00:00.005	1.338462	1.301832	1.307692
00:00:00.005	1.413187	1.293773	1.307692
00:00:00.006	1.423443	1.301099	1.306227
00:00:00.006	1.383150	1.304029	1.303297
00:00:00.007	1.331136	1.303297	1.298901
00:00:00.007	1.276190	1.300366	1.302564
00:00:00.007	1.238828	1.309890	1.314286
00:00:00.008	1.250549	1.308425	1.312088
00:00:00.008	1.254945	1.290842	1.302564
00:00:00.008	1.288645	1.313553	1.296703
00:00:00.009	1.302564	1.331868	1.307692
00:00:00.009	1.300366	1.325275	1.290842
00:00:00.009	1.285714	1.336996	1.303297
00:00:00.010	1.304762	1.378755	1.302564
00:00:00.010	1.291575	1.401465	1.304029
00:00:00.010	1.285714	1.375824	1.309158
00:00:00.011	1.297436	1.352381	1.307692
00:00:00.011	1.308425	1.276923	1.302564
00:00:00.012	1.331868	1.213919	1.308425
00:00:00.012	1.355311	1.267399	1.308425
00:00:00.012	1.391209	1.275458	1.310623
00:00:00.013	1.364835	1.241758	1.304029
00:00:00.013	1.329670	1.227839	1.304029
00:00:00.013	1.270330	1.214652	1.297436
00:00:00.014	1.285714	1.276923	1.309158
00:00:00.014	1.289377	1.335531	1.308425
00:00:00.014	1.293040	1.252015	1.292308
00:00:00.015	1.305495	1.259341	1.295238
00:00:00.015	1.324542	1.303297	1.302564
00:00:00.016	1.316484	1.313553	1.297436
00:00:00.016	1.300366	1.321612	1.304029
00:00:00.016	1.285714	1.262271	1.300366
00:00:00.017	1.280586	1.268132	1.289377
00:00:00.017	1.292308	1.377289	1.315751
00:00:00.017	1.304029	1.402198	1.312821
00:00:00.049	1.312821	1.317949	1.299634
00:00:00.052	1.344322	1.273260	1.323077
00:00:00.052	1.351648	1.262271	1.302564
00:00:00.052	1.350183	1.304029	1.297436
00:00:00.052	1.339927	1.326740	1.316484
00:00:00.052	1.315751	1.353114	1.302564
00:00:00.052	1.298168	1.329670	1.300366
00:00:00.052	1.300366	1.313553	1.308425
00:00:00.052	1.304762	1.309890	1.295238
00:00:00.056	1.284249	1.346520	1.306960
00:00:00.056	1.246886	1.351648	1.294505
00:00:00.056	1.273993	1.306960	1.300366
00:00:00.056	1.325275	1.285714	1.298901
00:00:00.056	1.314286	1.287912	1.292308
00:00:00.056	1.310623	1.293773	1.291575
00:00:00.056	1.324542	1.333333	1.298168
00:00:00.056	1.297436	1.342125	1.304029
00:00:00.056	1.297436	1.299634	1.307692
00:00:00.057	1.292308	1.284249	1.299634
00:00:00.057	1.298901	1.293040	1.309158
00:00:00.057	1.303297	1.278388	1.320879
00:00:00.057	1.304029	1.274725	1.320147
00:00:00.057	1.320147	1.279853	1.304029
00:00:00.058	1.314286	1.284982	1.297436
00:00:00.058	1.317216	1.284982	1.304029
00:00:00.058	1.312821	1.307692	1.304029
00:00:00.059	1.320147	1.339194	1.300366
00:00:00.059	1.312821	1.326740	1.287179
00:00:00.059	1.304029	1.322344	1.292308
00:00:00.060	1.309158	1.309890	1.295971
00:00:00.060	1.293040	1.306227	1.294505
00:00:00.061	1.303297	1.322344	1.294505
00:00:00.061	1.312088	1.334066	1.293040
00:00:00.061	1.343590	1.317216	1.322344
00:00:00.062	1.372161	1.337729	1.316484
00:00:00.062	1.365568	1.400000	1.302564
00:00:00.062	1.303297	1.390476	1.303297
00:00:00.063	1.271062	1.342125	1.355311
00:00:00.063	1.283516	1.254212	1.344322
00:00:00.063	1.299634	1.221978	1.341392
00:00:00.064	1.322344	1.238828	1.298901
00:00:00.064	1.353114	1.194872	1.284249
00:00:00.064	1.339927	1.210989	1.296703
00:00:00.065	1.322344	1.253480	1.290110
00:00:00.065	1.315751	1.279853	1.295238
00:00:00.066	1.238828	1.317216	1.308425
00:00:00.066	1.232234	1.315018	1.303297
00:00:00.066	1.288645	1.307692	1.292308
00:00:00.067	1.348718	1.312088	1.298901
00:00:00.067	1.391941	1.331868	1.312821
00:00:00.099	1.388278	1.331136	1.293040
00:00:00.100	1.349451	1.334066	1.308425
00:00:00.100	1.305495	1.323810	1.300366
00:00:00.100	1.255678	1.325275	1.309890
00:00:00.101	1.228571	1.339194	1.309158
00:00:00.101	1.235897	1.358242	1.302564
00:00:00.101	1.281319	1.354579	1.291575
00:00:00.102	1.332601	1.342857	1.302564
00:00:00.102	1.331868	1.309890	1.298168
00:00:00.102	1.312088	1.292308	1.294505
00:00:00.103	1.336996	1.282784	1.304029
00:00:00.103	1.327473	1.252015	1.306227
00:00:00.103	1.295238	1.239560	1.300366
00:00:00.104	1.260073	1.290110	1.296703
00:00:00.104	1.269597	1.343590	1.302564
00:00:00.105	1.290842	1.312088	1.309890
00:00:00.105	1.297436	1.287179	1.304762
00:00:00.105	1.317216	1.296703	1.293040
00:00:00.106	1.306227	1.325275	1.308425
00:00:00.106	1.317216	1.290842	1.309890
00:00:00.106	1.364835	1.248352	1.303297
00:00:00.107	1.362637	1.235165	1.314286
00:00:00.107	1.332601	1.257143	1.311355
00:00:00.107	1.315018	1.294505	1.313553
00:00:00.108	1.313553	1.329670	1.317949
00:00:00.109	1.300366	1.336264	1.311355
00:00:00.109	1.276923	1.341392	1.289377
00:00:00.109	1.295971	1.383883	1.309158
00:00:00.109	1.295971	1.423443	1.303297
00:00:00.110	1.298168	1.358242	1.289377
00:00:00.110	1.308425	1.282051	1.305495
00:00:00.110	1.312088	1.238828	1.303297
00:00:00.111	1.307692	1.273993	1.301832
00:00:00.111	1.322344	1.276190	1.309158
00:00:00.111	1.306960	1.273993	1.300366
00:00:00.115	1.315751	1.335531	1.300366
00:00:00.115	1.320147	1.356777	1.304029
00:00:00.115	1.316484	1.313553	1.300366
00:00:00.115	1.323077	1.287912	1.294505
00:00:00.115	1.329670	1.276923	1.312821
00:00:00.115	1.303297	1.273993	1.298168
00:00:00.115	1.304029	1.356777	1.307692
00:00:00.115	1.306227	1.353114	1.303297
00:00:00.117	1.317216	1.318681	1.305495
00:00:00.117	1.322344	1.278388	1.298168
00:00:00.117	1.298901	1.242491	1.302564
00:00:00.117	1.304762	1.254945	1.300366
00:00:00.117	1.306227	1.239560	1.304762
00:00:00.117	1.303297	1.246154	1.297436
00:00:00.117	1.315018	1.290110	1.312088
00:00:00.150	1.310623	1.336264	1.310623
00:00:00.150	1.297436	1.342857	1.300366
00:00:00.150	1.320879	1.356777	1.322344
00:00:00.150	1.307692	1.336264	1.315751
00:00:00.150	1.303297	1.308425	1.309890
00:00:00.155	1.306960	1.317216	1.323077
00:00:00.155	1.295971	1.331868	1.304762
00:00:00.155	1.293773	1.300366	1.293773
00:00:00.155	1.320147	1.288645	1.303297
00:00:00.155	1.318681	1.292308	1.307692
00:00:00.155	1.335531	1.309890	1.303297
00:00:00.155	1.329670	1.306960	1.302564
00:00:00.155	1.325275	1.319414	1.304029
00:00:00.155	1.272527	1.321612	1.308425
00:00:00.155	1.265201	1.353114	1.301832
00:00:00.155	1.287179	1.373626	1.308425
00:00:00.155	1.323077	1.353846	1.296703
00:00:00.155	1.361172	1.288645	1.301832
00:00:00.155	1.364103	1.246154	1.298901
00:00:00.156	1.333333	1.269597	1.306960
00:00:00.156	1.329670	1.275458	1.316484
00:00:00.156	1.284249	1.237363	1.304762
00:00:00.157	1.230037	1.230037	1.300366
00:00:00.157	1.250549	1.280586	1.305495
00:00:00.157	1.284982	1.319414	1.300366
00:00:00.158	1.315751	1.334066	1.295971
00:00:00.158	1.346520	1.342125	1.304762
00:00:00.159	1.365568	1.338462	1.307692
00:00:00.159	1.368498	1.342125	1.291575
00:00:00.159	1.314286	1.390476	1.300366
00:00:00.160	1.276190	1.369963	1.300366
00:00:00.160	1.257143	1.317216	1.299634
00:00:00.161	1.287179	1.242491	1.309158
00:00:00.161	1.298168	1.207326	1.311355
00:00:00.161	1.302564	1.221978	1.308425
00:00:00.161	1.315751	1.298168	1.312088
00:00:00.162	1.311355	1.338462	1.317216
00:00:00.162	1.305495	1.315018	1.307692
00:00:00.162	1.300366	1.268132	1.297436
00:00:00.163	1.317216	1.296703	1.293773
00:00:00.163	1.336264	1.346520	1.297436
00:00:00.164	1.323077	1.333333	1.295238
00:00:00.164	1.319414	1.280586	1.297436
00:00:00.164	1.328205	1.260073	1.300366
00:00:00.165	1.320879	1.289377	1.302564
00:00:00.165	1.325275	1.315018	1.306960
00:00:00.165	1.319414	1.314286	1.300366
00:00:00.166	1.309158	1.295971	1.290842
00:00:00.166	1.323810	1.286447	1.294505
00:00:00.166	1.343590	1.306227	1.298901
00:00:00.199	1.318681	1.284982	1.308425
00:00:00.199	1.312088	1.296703	1.306960
00:00:00.199	1.305495	1.312821	1.306227
00:00:00.200	1.290842	1.324542	1.306960
00:00:00.200	1.282784	1.353846	1.312821
00:00:00.200	1.273993	1.356044	1.310623
00:00:00.201	1.266667	1.330403	1.299634
00:00:00.201	1.268132	1.347253	1.306227
00:00:00.201	1.287179	1.316484	1.307692
00:00:00.202	1.309890	1.312821	1.299634
00:00:00.202	1.304029	1.375824	1.304029
00:00:00.203	1.268132	1.402198	1.291575
00:00:00.203	1.292308	1.336996	1.292308
00:00:00.203	1.328938	1.241026	1.302564
00:00:00.204	1.336264	1.206593	1.300366
00:00:00.204	1.329670	1.208791	1.298168
00:00:00.204	1.330403	1.211722	1.308425
00:00:00.205	1.324542	1.221245	1.305495
00:00:00.205	1.307692	1.225641	1.304762
00:00:00.205	1.310623	1.293773	1.304762
00:00:00.206	1.303297	1.313553	1.293773
00:00:00.206	1.312088	1.323077	1.307692
00:00:00.206	1.304762	1.293773	1.305495
00:00:00.207	1.315751	1.309890	1.309158
00:00:00.207	1.317216	1.326007	1.308425
00:00:00.208	1.317216	1.320147	1.304762
00:00:00.208	1.329670	1.330403	1.308425
00:00:00.208	1.315018	1.341392	1.295238
00:00:00.211	1.313553	1.361172	1.299634
00:00:00.211	1.304762	1.344322	1.298168
00:00:00.211	1.303297	1.329670	1.302564
00:00:00.211	1.309890	1.312821	1.298901
00:00:00.211	1.280586	1.298901	1.302564
00:00:00.211	1.287179	1.331868	1.309158
00:00:00.211	1.326740	1.330403	1.311355
00:00:00.211	1.350183	1.307692	1.299634
00:00:00.211	1.368498	1.305495	1.308425
00:00:00.213	1.355311	1.260073	1.312088
00:00:00.213	1.323077	1.289377	1.298901
00:00:00.214	1.295971	1.343590	1.321612
00:00:00.214	1.259341	1.309158	1.312821
00:00:00.214	1.249084	1.286447	1.290110
00:00:00.214	1.294505	1.309890	1.289377
00:00:00.214	1.269597	1.276190	1.292308
00:00:00.214	1.233700	1.269597	1.291575
00:00:00.219	1.265201	1.311355	1.299634
00:00:00.219	1.298168	1.309890	1.289377
00:00:00.219	1.332601	1.281319	1.303297
00:00:00.219	1.357509	1.265934	1.302564
00:00:00.219	1.383883	1.282784	1.305495
00:00:00.251	1.350183	1.299634	1.306227
00:00:00.251	1.323810	1.309158	1.310623
00:00:00.251	1.284982	1.344322	1.313553
00:00:00.251	1.309890	1.353846	1.315018
00:00:00.251	1.329670	1.330403	1.309158
00:00:00.251	1.319414	1.289377	1.310623
00:00:00.251	1.306960	1.278388	1.312088
00:00:00.251	1.298168	1.282051	1.297436
00:00:00.251	1.308425	1.306960	1.313553
00:00:00.252	1.300366	1.315018	1.290110
00:00:00.252	1.299634	1.329670	1.283516
00:00:00.252	1.317216	1.322344	1.303297
00:00:00.253	1.315751	1.345788	1.298901
00:00:00.253	1.315018	1.349451	1.304762
00:00:00.253	1.320879	1.293773	1.315018
00:00:00.254	1.308425	1.279853	1.293040
00:00:00.254	1.317216	1.320879	1.304762
00:00:00.254	1.317216	1.304762	1.310623
00:00:00.255	1.309890	1.249084	1.306227
00:00:00.255	1.306960	1.227106	1.308425
00:00:00.255	1.300366	1.319414	1.306227
00:00:00.256	1.291575	1.371429	1.306960
00:00:00.256	1.310623	1.356777	1.309158
00:00:00.257	1.300366	1.350183	1.302564
00:00:00.257	1.310623	1.282051	1.307692
00:00:00.257	1.311355	1.234432	1.297436
00:00:00.258	1.339194	1.232234	1.288645
00:00:00.258	1.353114	1.215385	1.306960
00:00:00.258	1.326007	1.240293	1.300366
00:00:00.259	1.302564	1.268132	1.292308
00:00:00.259	1.278388	1.287912	1.307692
00:00:00.259	1.247619	1.295971	1.295971
00:00:00.260	1.246886	1.334799	1.288645
00:00:00.260	1.276923	1.350916	1.306227
00:00:00.260	1.271062	1.345788	1.309890
00:00:00.261	1.295971	1.318681	1.303297
00:00:00.261	1.336264	1.330403	1.312088
00:00:00.262	1.347985	1.326740	1.312821
00:00:00.262	1.323810	1.325275	1.319414
00:00:00.262	1.326740	1.323077	1.309890
00:00:00.263	1.336264	1.333333	1.311355
00:00:00.263	1.322344	1.335531	1.312821
00:00:00.263	1.323810	1.328938	1.295971
00:00:00.264	1.325275	1.336996	1.298168
00:00:00.264	1.317949	1.369231	1.306227
00:00:00.264	1.312821	1.320879	1.298901
00:00:00.265	1.301099	1.293040	1.303297
00:00:00.265	1.323077	1.297436	1.310623
00:00:00.265	1.328938	1.323810	1.294505
00:00:00.266	1.327473	1.330403	1.304029
00:00:00.298	1.328938	1.291575	1.304762
00:00:00.298	1.303297	1.233700	1.295238
00:00:00.299	1.317949	1.246154	1.306227
00:00:00.299	1.303297	1.246154	1.300366
00:00:00.299	1.296703	1.249084	1.299634
00:00:00.300	1.299634	1.287912	1.306227
00:00:00.300	1.304762	1.301099	1.304029
00:00:00.301	1.300366	1.304029	1.315751
00:00:00.301	1.285714	1.297436	1.307692
00:00:00.301	1.290842	1.306227	1.304029
00:00:00.302	1.307692	1.314286	1.304029
00:00:00.302	1.316484	1.315018	1.300366
00:00:00.302	1.317949	1.316484	1.300366
00:00:00.303	1.318681	1.327473	1.304029
00:00:00.303	1.285714	1.326740	1.295971
00:00:00.303	1.283516	1.338462	1.302564
00:00:00.304	1.304029	1.375092	1.306227
00:00:00.306	1.315018	1.358974	1.312088
00:00:00.306	1.300366	1.306227	1.299634
00:00:00.306	1.302564	1.293040	1.302564
00:00:00.306	1.323077	1.285714	1.304762
00:00:00.307	1.311355	1.298168	1.316484
00:00:00.307	1.301099	1.297436	1.312821
00:00:00.307	1.303297	1.293040	1.298901
00:00:00.309	1.318681	1.317216	1.312821
00:00:00.309	1.306960	1.301099	1.306960
00:00:00.309	1.301832	1.291575	1.297436
00:00:00.309	1.311355	1.298168	1.306960
00:00:00.309	1.256410	1.256410	1.298901
00:00:00.309	1.252747	1.241758	1.292308
00:00:00.309	1.316484	1.271062	1.301832
00:00:00.309	1.353114	1.266667	1.290842
00:00:00.309	1.384615	1.294505	1.299634
00:00:00.314	1.419048	1.304762	1.302564
00:00:00.314	1.415385	1.325275	1.304029
00:00:00.314	1.347985	1.326740	1.298901
00:00:00.314	1.275458	1.321612	1.302564
00:00:00.314	1.231502	1.330403	1.312821
00:00:00.314	1.252747	1.321612	1.312821
00:00:00.314	1.284982	1.318681	1.315018
00:00:00.314	1.294505	1.312821	1.309158
00:00:00.314	1.289377	1.312088	1.309890
00:00:00.314	1.288645	1.314286	1.303297
00:00:00.314	1.309890	1.300366	1.296703
00:00:00.314	1.337729	1.304029	1.306227
00:00:00.314	1.310623	1.308425	1.297436
00:00:00.314	1.298168	1.312821	1.297436
00:00:00.315	1.317949	1.366300	1.306227
00:00:00.315	1.319414	1.439560	1.298901
00:00:00.316	1.332601	1.484249	1.307692
00:00:00.349	1.323810	1.394139	1.309890
00:00:00.349	1.309158	1.228571	1.304029
00:00:00.349	1.314286	1.153114	1.316484
00:00:00.349	1.326740	1.199267	1.313553
00:00:00.349	1.320147	1.201465	1.311355
00:00:00.349	1.309890	1.189011	1.297436
00:00:00.350	1.291575	1.198535	1.290110
00:00:00.350	1.291575	1.227839	1.284249
00:00:00.351	1.304762	1.306227	1.306227
00:00:00.351	1.281319	1.308425	1.297436
00:00:00.351	1.293040	1.314286	1.302564
00:00:00.352	1.276190	1.333333	1.304029
00:00:00.352	1.265934	1.340659	1.295971
00:00:00.352	1.288645	1.355311	1.293773
00:00:00.353	1.321612	1.342857	1.299634
00:00:00.353	1.322344	1.325275	1.290110
00:00:00.353	1.329670	1.327473	1.314286
00:00:00.354	1.326007	1.320879	1.312821
00:00:00.354	1.312088	1.319414	1.297436
00:00:00.355	1.298901	1.338462	1.312821
00:00:00.355	1.285714	1.378022	1.315018
00:00:00.355	1.298901	1.359707	1.304029
00:00:00.356	1.315018	1.343590	1.316484
00:00:00.356	1.304762	1.289377	1.314286
00:00:00.356	1.293040	1.240293	1.304029
00:00:00.357	1.317949	1.243223	1.306227
00:00:00.357	1.318681	1.257143	1.300366
00:00:00.357	1.322344	1.264469	1.294505
00:00:00.358	1.316484	1.323077	1.295238
00:00:00.358	1.320879	1.362637	1.306227
00:00:00.358	1.317216	1.375092	1.295238
00:00:00.359	1.328205	1.364103	1.309890
00:00:00.359	1.323810	1.320147	1.307692
00:00:00.360	1.316484	1.301832	1.312821
00:00:00.360	1.319414	1.338462	1.312821
00:00:00.360	1.304762	1.306960	1.309890
00:00:00.361	1.307692	1.263736	1.312088
00:00:00.361	1.297436	1.227839	1.304029
00:00:00.361	1.290842	1.221245	1.294505
00:00:00.362	1.309158	1.206593	1.286447
00:00:00.362	1.297436	1.199267	1.290842
00:00:00.362	1.315751	1.262271	1.295971
00:00:00.363	1.312088	1.328938	1.304029
00:00:00.363	1.319414	1.348718	1.299634
00:00:00.363	1.334066	1.353114	1.300366
00:00:00.364	1.322344	1.348718	1.292308
00:00:00.364	1.305495	1.338462	1.293040
00:00:00.365	1.304029	1.328938	1.300366
00:00:00.365	1.292308	1.316484	1.297436
00:00:00.365	1.273260	1.312821	1.309158
00:00:00.397	1.278388	1.290842	1.307692
00:00:00.398	1.301099	1.290842	1.309158
00:00:00.398	1.297436	1.295971	1.295971
00:00:00.398	1.290842	1.304762	1.298168
00:00:00.399	1.294505	1.314286	1.309890
00:00:00.399	1.288645	1.296703	1.306227
00:00:00.401	1.299634	1.294505	1.310623
00:00:00.401	1.322344	1.307692	1.315018
00:00:00.401	1.315751	1.298168	1.295971
00:00:00.403	1.320879	1.309158	1.294505
00:00:00.403	1.326740	1.314286	1.295971
00:00:00.403	1.275458	1.315018	1.295238
00:00:00.403	1.301832	1.323077	1.304762
00:00:00.403	1.303297	1.306960	1.303297
00:00:00.403	1.320879	1.304029	1.298901
00:00:00.405	1.345788	1.321612	1.304762
00:00:00.405	1.342125	1.315018	1.293040
00:00:00.405	1.358242	1.319414	1.305495
00:00:00.405	1.333333	1.311355	1.300366
00:00:00.405	1.329670	1.297436	1.304029
00:00:00.405	1.309158	1.269597	1.309158
00:00:00.405	1.298168	1.282051	1.304762
00:00:00.405	1.252747	1.287179	1.305495
00:00:00.406	1.285714	1.282784	1.308425
00:00:00.411	1.304762	1.279121	1.312088
00:00:00.411	1.309890	1.290842	1.309158
00:00:00.411	1.314286	1.288645	1.306227
00:00:00.411	1.313553	1.301099	1.300366
00:00:00.411	1.317949	1.323810	1.300366
00:00:00.411	1.318681	1.335531	1.301832
00:00:00.411	1.315751	1.326007	1.300366
00:00:00.411	1.307692	1.319414	1.305495
00:00:00.411	1.311355	1.307692	1.305495
00:00:00.411	1.312088	1.298901	1.305495
00:00:00.411	1.322344	1.328938	1.298901
00:00:00.411	1.311355	1.323077	1.290842
00:00:00.411	1.299634	1.313553	1.301832
00:00:00.411	1.287912	1.294505	1.306227
00:00:00.411	1.285714	1.268864	1.309890
00:00:00.411	1.300366	1.278388	1.307692
00:00:00.412	1.314286	1.312088	1.317216
00:00:00.412	1.312088	1.389011	1.314286
00:00:00.412	1.299634	1.475458	1.299634
00:00:00.413	1.298901	1.564835	1.323810
00:00:00.413	1.315751	1.490842	1.293040
00:00:00.414	1.330403	1.305495	1.289377
00:00:00.414	1.342125	1.180220	1.306227
00:00:00.414	1.336996	1.090842	1.300366
00:00:00.415	1.327473	1.076190	1.299634
00:00:00.415	1.313553	1.047619	1.281319
00:00:00.447	1.296703	1.072527	1.290842
00:00:00.447	1.288645	1.199267	1.296703
00:00:00.448	1.272527	1.264469	1.296703
00:00:00.448	1.270330	1.326007	1.302564
00:00:00.449	1.269597	1.375824	1.315751
00:00:00.449	1.283516	1.378755	1.312088
00:00:00.449	1.337729	1.380952	1.314286
00:00:00.450	1.326007	1.358974	1.313553
00:00:00.450	1.309158	1.331868	1.312088
00:00:00.450	1.317949	1.334799	1.302564
00:00:00.451	1.323077	1.338462	1.307692
00:00:00.451	1.314286	1.321612	1.297436
00:00:00.451	1.331868	1.351648	1.308425
00:00:00.452	1.331868	1.356044	1.307692
00:00:00.452	1.314286	1.323810	1.293040
00:00:00.452	1.316484	1.321612	1.302564
00:00:00.454	1.315018	1.328938	1.296703
00:00:00.454	1.301099	1.314286	1.290842
00:00:00.454	1.315751	1.333333	1.313553
00:00:00.454	1.307692	1.329670	1.306227
00:00:00.454	1.303297	1.309890	1.293773
00:00:00.455	1.306227	1.308425	1.300366
00:00:00.455	1.298168	1.301832	1.306960
00:00:00.455	1.311355	1.294505	1.304029
00:00:00.456	1.311355	1.302564	1.309890
00:00:00.456	1.308425	1.293773	1.306227
00:00:00.456	1.312088	1.294505	1.306227
00:00:00.457	1.306960	1.288645	1.308425
00:00:00.457	1.318681	1.292308	1.304029
00:00:00.457	1.321612	1.304029	1.294505
00:00:00.458	1.315751	1.305495	1.299634
00:00:00.458	1.320147	1.317949	1.304762
00:00:00.459	1.317216	1.320879	1.302564
00:00:00.459	1.306227	1.316484	1.300366
00:00:00.459	1.308425	1.323810	1.303297
00:00:00.460	1.301832	1.323810	1.306960
00:00:00.460	1.310623	1.295238	1.306960
00:00:00.460	1.313553	1.274725	1.320879
00:00:00.461	1.320879	1.273260	1.306960
00:00:00.461	1.341392	1.288645	1.291575
00:00:00.461	1.337729	1.313553	1.305495
00:00:00.462	1.328205	1.306227	1.306227
00:00:00.462	1.307692	1.311355	1.301832
00:00:00.462	1.289377	1.358242	1.309890
00:00:00.463	1.294505	1.386081	1.305495
00:00:00.463	1.282051	1.336996	1.293040
00:00:00.467	1.255678	1.284982	1.290110
00:00:00.467	1.273993	1.292308	1.298168
00:00:00.467	1.271062	1.306227	1.298901
00:00:00.467	1.290842	1.232967	1.284982
00:00:00.498	1.309158	1.189744	1.295971
00:00:00.498	1.318681	1.219048	1.298168
00:00:00.500	1.317949	1.265201	1.290842
00:00:00.500	1.316484	1.299634	1.310623
00:00:00.500	1.318681	1.326740	1.308425
00:00:00.500	1.323077	1.329670	1.312088
00:00:00.500	1.323810	1.306227	1.320879
00:00:00.500	1.327473	1.329670	1.308425
00:00:00.500	1.327473	1.361905	1.300366
00:00:00.500	1.314286	1.378022	1.306960
00:00:00.500	1.274725	1.367766	1.304029
00:00:00.502	1.287912	1.311355	1.297436
00:00:00.502	1.316484	1.285714	1.300366
00:00:00.502	1.359707	1.322344	1.303297
00:00:00.502	1.374359	1.307692	1.298901
00:00:00.502	1.357509	1.266667	1.300366
00:00:00.507	1.343590	1.230037	1.304029
00:00:00.507	1.298901	1.219048	1.299634
00:00:00.507	1.274725	1.260806	1.297436
00:00:00.507	1.271062	1.298168	1.311355
00:00:00.507	1.279853	1.289377	1.300366
00:00:00.507	1.292308	1.281319	1.298901
00:00:00.507	1.325275	1.304029	1.305495
00:00:00.507	1.312088	1.326007	1.305495
00:00:00.507	1.277656	1.328938	1.306960
00:00:00.507	1.279853	1.341392	1.316484
00:00:00.507	1.282784	1.334066	1.312821
00:00:00.507	1.298168	1.323810	1.306227
00:00:00.507	1.331868	1.331136	1.309158
00:00:00.507	1.357509	1.328205	1.300366
00:00:00.508	1.357509	1.320879	1.294505
00:00:00.508	1.323810	1.314286	1.290110
00:00:00.508	1.309890	1.316484	1.298168
00:00:00.509	1.281319	1.310623	1.298168
00:00:00.509	1.304029	1.329670	1.318681
00:00:00.509	1.295238	1.311355	1.309158
00:00:00.510	1.317949	1.312088	1.305495
00:00:00.510	1.315751	1.305495	1.309158
00:00:00.510	1.306227	1.291575	1.303297
00:00:00.511	1.314286	1.297436	1.330403
00:00:00.511	1.311355	1.303297	1.337729
00:00:00.511	1.312821	1.295238	1.322344
00:00:00.512	1.318681	1.298168	1.332601
00:00:00.512	1.315018	1.302564	1.307692
00:00:00.513	1.329670	1.311355	1.296703
00:00:00.513	1.317949	1.304762	1.295238
00:00:00.513	1.290842	1.290110	1.252747
00:00:00.514	1.309890	1.311355	1.265934
00:00:00.514	1.310623	1.317216	1.243223
00:00:00.514	1.304762	1.301099	1.246886
00:00:00.546	1.321612	1.315018	1.314286
00:00:00.547	1.306227	1.311355	1.357509
00:00:00.547	1.307692	1.309890	1.384615
00:00:00.548	1.302564	1.299634	1.369963
00:00:00.548	1.295971	1.282784	1.267399
00:00:00.548	1.297436	1.275458	1.250549
00:00:00.549	1.295971	1.295971	1.297436
00:00:00.549	1.296703	1.307692	1.320147
00:00:00.549	1.312088	1.299634	1.314286
00:00:00.550	1.311355	1.300366	1.314286
00:00:00.550	1.317949	1.320147	1.310623
00:00:00.550	1.308425	1.319414	1.311355
00:00:00.551	1.316484	1.316484	1.311355
00:00:00.551	1.314286	1.318681	1.311355
00:00:00.552	1.308425	1.315018	1.305495
00:00:00.552	1.314286	1.309158	1.334799
00:00:00.552	1.315018	1.299634	1.328938
00:00:00.553	1.304762	1.306227	1.320147
00:00:00.553	1.315018	1.306227	1.300366
00:00:00.553	1.312088	1.299634	1.279853
00:00:00.554	1.323810	1.303297	1.311355
00:00:00.554	1.320879	1.307692	1.340659
00:00:00.554	1.311355	1.287179	1.271795
00:00:00.555	1.329670	1.287179	1.265201
00:00:00.555	1.284249	1.285714	1.276923
00:00:00.555	1.260073	1.287179	1.323077
00:00:00.556	1.296703	1.306227	1.350183
00:00:00.556	1.312088	1.306227	1.339194
00:00:00.557	1.315751	1.306960	1.323810
00:00:00.557	1.306227	1.313553	1.297436
00:00:00.558	1.344322	1.320147	1.295971
00:00:00.558	1.353114	1.317949	1.323810
00:00:00.558	1.330403	1.326007	1.300366
00:00:00.558	1.278388	1.309158	1.243956
00:00:00.559	1.326007	1.300366	1.188278
00:00:00.559	1.301099	1.299634	1.235897
00:00:00.559	1.259341	1.298901	1.290842
00:00:00.560	1.290110	1.293773	1.329670
00:00:00.560	1.272527	1.291575	1.386081
00:00:00.560	1.270330	1.306227	1.345055
00:00:00.562	1.288645	1.306227	1.298901
00:00:00.562	1.337729	1.311355	1.312088
00:00:00.562	1.365568	1.316484	1.319414
00:00:00.562	1.372894	1.326740	1.320879
00:00:00.562	1.342125	1.319414	1.310623
00:00:00.564	1.315018	1.306227	1.304029
00:00:00.564	1.312088	1.322344	1.309890
00:00:00.564	1.298901	1.309158	1.300366
00:00:00.567	1.308425	1.317216	1.299634
00:00:00.567	1.311355	1.317216	1.312088
00:00:00.597	1.300366	1.310623	1.313553
00:00:00.597	1.288645	1.301099	1.304762
00:00:00.602	1.284249	1.290842	1.302564
00:00:00.602	1.307692	1.296703	1.300366
00:00:00.602	1.312088	1.295238	1.300366
00:00:00.602	1.320879	1.287912	1.298168
00:00:00.602	1.323077	1.285714	1.305495
00:00:00.602	1.292308	1.298168	1.312088
00:00:00.602	1.290110	1.297436	1.300366
00:00:00.602	1.301832	1.305495	1.311355
00:00:00.602	1.311355	1.300366	1.300366
00:00:00.602	1.308425	1.293773	1.294505
00:00:00.602	1.309890	1.312088	1.306227
00:00:00.602	1.315751	1.307692	1.298901
00:00:00.602	1.307692	1.301099	1.293773
00:00:00.602	1.319414	1.315018	1.302564
00:00:00.602	1.308425	1.315018	1.305495
00:00:00.602	1.309158	1.291575	1.288645
00:00:00.603	1.301832	1.296703	1.293773
00:00:00.603	1.306227	1.307692	1.308425
00:00:00.603	1.292308	1.295971	1.300366
00:00:00.604	1.306227	1.309158	1.312088
00:00:00.604	1.305495	1.303297	1.315751
00:00:00.604	1.298901	1.295238	1.304762
00:00:00.605	1.305495	1.300366	1.304762
00:00:00.605	1.320879	1.307692	1.306960
00:00:00.605	1.317949	1.301099	1.303297
00:00:00.606	1.306227	1.300366	1.310623
00:00:00.606	1.318681	1.306227	1.315751
00:00:00.607	1.309158	1.303297	1.303297
00:00:00.607	1.312821	1.309158	1.298168
00:00:00.607	1.316484	1.316484	1.295238
00:00:00.608	1.312088	1.320879	1.299634
00:00:00.608	1.318681	1.317216	1.294505
00:00:00.608	1.315018	1.314286	1.298901
00:00:00.609	1.305495	1.301099	1.299634
00:00:00.609	1.298168	1.309890	1.306960
00:00:00.610	1.306227	1.303297	1.306227
00:00:00.610	1.306227	1.290110	1.309158
00:00:00.610	1.294505	1.281319	1.306960
00:00:00.611	1.304029	1.284249	1.312821
00:00:00.611	1.302564	1.281319	1.300366
00:00:00.611	1.308425	1.295971	1.309158
00:00:00.612	1.309158	1.292308	1.298901
00:00:00.612	1.316484	1.306960	1.305495
00:00:00.612	1.318681	1.318681	1.299634
00:00:00.613	1.317216	1.317216	1.294505
00:00:00.613	1.310623	1.310623	1.291575
00:00:00.613	1.309158	1.317949	1.307692
00:00:00.614	1.315018	1.317949	1.305495
00:00:00.646	1.307692	1.302564	1.294505
00:00:00.646	1.307692	1.304762	1.296703
00:00:00.647	1.306227	1.307692	1.304762
00:00:00.647	1.300366	1.303297	1.307692
00:00:00.647	1.315751	1.304762	1.313553
00:00:00.648	1.332601	1.300366	1.312088
00:00:00.648	1.341392	1.294505	1.294505
00:00:00.648	1.320879	1.305495	1.298901
00:00:00.649	1.309158	1.303297	1.295971
00:00:00.649	1.311355	1.294505	1.297436
00:00:00.649	1.319414	1.311355	1.326740
00:00:00.650	1.316484	1.320879	1.338462
00:00:00.650	1.288645	1.301099	1.300366
00:00:00.651	1.280586	1.313553	1.298901
00:00:00.651	1.268132	1.303297	1.297436
00:00:00.651	1.296703	1.304029	1.294505
00:00:00.652	1.312088	1.305495	1.288645
00:00:00.652	1.318681	1.312088	1.303297
00:00:00.652	1.320147	1.314286	1.309158
00:00:00.653	1.317216	1.323077	1.321612
00:00:00.653	1.313553	1.314286	1.308425
00:00:00.653	1.304029	1.299634	1.286447
00:00:00.654	1.298168	1.298901	1.295238
00:00:00.654	1.298168	1.289377	1.292308
00:00:00.654	1.306227	1.295971	1.304029
00:00:00.655	1.311355	1.299634	1.307692
00:00:00.655	1.310623	1.298168	1.307692
00:00:00.656	1.302564	1.282051	1.295971
00:00:00.656	1.311355	1.297436	1.302564
00:00:00.656	1.320147	1.301099	1.298901
00:00:00.657	1.315018	1.297436	1.290110
00:00:00.657	1.320147	1.309890	1.299634
00:00:00.657	1.315018	1.314286	1.295238
00:00:00.659	1.310623	1.315018	1.303297
00:00:00.659	1.305495	1.312088	1.312821
00:00:00.659	1.300366	1.307692	1.304762
00:00:00.660	1.293040	1.303297	1.304762
00:00:00.662	1.309890	1.312821	1.304762
00:00:00.662	1.306227	1.317216	1.313553
00:00:00.662	1.302564	1.315018	1.309158
00:00:00.662	1.309890	1.311355	1.312088
00:00:00.662	1.304029	1.307692	1.312088
00:00:00.662	1.306960	1.299634	1.320147
00:00:00.662	1.299634	1.282051	1.318681
00:00:00.662	1.297436	1.265934	1.292308
00:00:00.662	1.303297	1.282784	1.293040
00:00:00.662	1.301099	1.285714	1.293773
00:00:00.667	1.310623	1.292308	1.306227
00:00:00.667	1.309158	1.300366	1.297436
00:00:00.667	1.322344	1.316484	1.292308
00:00:00.700	1.367766	1.319414	1.298901
00:00:00.700	1.390476	1.312088	1.295238
00:00:00.700	1.326740	1.338462	1.311355
00:00:00.700	1.298168	1.316484	1.307692
00:00:00.700	1.295238	1.278388	1.295238
00:00:00.700	1.298901	1.278388	1.310623
00:00:00.700	1.291575	1.279853	1.319414
00:00:00.700	1.279121	1.284249	1.315751
00:00:00.700	1.296703	1.316484	1.317216
00:00:00.700	1.301832	1.346520	1.312821
00:00:00.700	1.307692	1.336264	1.287179
00:00:00.700	1.317216	1.335531	1.298901
00:00:00.700	1.315751	1.330403	1.289377
00:00:00.700	1.326007	1.318681	1.271795
00:00:00.701	1.348718	1.310623	1.297436
00:00:00.702	1.328205	1.289377	1.304762
00:00:00.702	1.309890	1.294505	1.282784
00:00:00.702	1.275458	1.304029	1.290110
00:00:00.702	1.273993	1.294505	1.300366
00:00:00.702	1.307692	1.291575	1.306227
00:00:00.703	1.323810	1.300366	1.347253
00:00:00.703	1.303297	1.309890	1.338462
00:00:00.703	1.298901	1.304029	1.309158
00:00:00.704	1.308425	1.309158	1.323077
00:00:00.704	1.319414	1.311355	1.317949
00:00:00.705	1.319414	1.304762	1.294505
00:00:00.705	1.321612	1.304762	1.297436
00:00:00.705	1.318681	1.312088	1.300366
00:00:00.706	1.314286	1.318681	1.288645
00:00:00.706	1.317216	1.305495	1.292308
00:00:00.706	1.315751	1.309890	1.293040
00:00:00.707	1.293773	1.333333	1.303297
00:00:00.707	1.279853	1.323077	1.303297
00:00:00.707	1.306227	1.311355	1.302564
00:00:00.708	1.303297	1.295971	1.300366
00:00:00.708	1.308425	1.284249	1.308425
00:00:00.708	1.303297	1.268864	1.306960
00:00:00.709	1.297436	1.263736	1.306960
00:00:00.709	1.312088	1.290842	1.311355
00:00:00.710	1.305495	1.274725	1.306227
00:00:00.710	1.303297	1.277656	1.315018
00:00:00.710	1.324542	1.296703	1.316484
00:00:00.711	1.316484	1.297436	1.297436
00:00:00.711	1.316484	1.326740	1.307692
00:00:00.711	1.332601	1.323077	1.310623
00:00:00.712	1.316484	1.298901	1.304762
00:00:00.712	1.311355	1.315751	1.297436
00:00:00.712	1.312821	1.367766	1.304029
00:00:00.713	1.300366	1.360440	1.295238
00:00:00.713	1.296703	1.351648	1.303297
00:00:00.745	1.286447	1.320147	1.300366
00:00:00.746	1.312088	1.276923	1.300366
00:00:00.746	1.318681	1.249084	1.302564
00:00:00.746	1.315751	1.242491	1.305495
00:00:00.747	1.305495	1.248352	1.300366
00:00:00.747	1.305495	1.282784	1.311355
00:00:00.747	1.306960	1.340659	1.314286
00:00:00.748	1.295971	1.383883	1.308425
00:00:00.748	1.304762	1.354579	1.308425
00:00:00.749	1.309158	1.321612	1.317216
00:00:00.749	1.310623	1.293040	1.315751
00:00:00.749	1.313553	1.260073	1.308425
00:00:00.750	1.309890	1.263004	1.290842
00:00:00.750	1.326007	1.282784	1.296703
00:00:00.750	1.331136	1.298901	1.299634
00:00:00.751	1.331136	1.306960	1.296703
00:00:00.751	1.320147	1.318681	1.297436
00:00:00.751	1.314286	1.345788	1.300366
00:00:00.752	1.298168	1.339194	1.300366
00:00:00.752	1.306960	1.334799	1.309158
00:00:00.752	1.310623	1.328938	1.311355
00:00:00.753	1.304029	1.320879	1.306227
00:00:00.753	1.301832	1.296703	1.309158
00:00:00.756	1.295238	1.277656	1.313553
00:00:00.756	1.288645	1.268132	1.307692
00:00:00.756	1.306960	1.279853	1.313553
00:00:00.756	1.312088	1.257143	1.309890
00:00:00.756	1.308425	1.251282	1.295238
00:00:00.756	1.315751	1.276923	1.298901
00:00:00.756	1.320879	1.301099	1.299634
00:00:00.756	1.311355	1.309890	1.288645
00:00:00.756	1.321612	1.342857	1.302564
00:00:00.759	1.315018	1.359707	1.304029
00:00:00.759	1.300366	1.362637	1.295238
00:00:00.759	1.314286	1.350916	1.306227
00:00:00.759	1.312088	1.333333	1.302564
00:00:00.759	1.297436	1.302564	1.298168
00:00:00.759	1.309158	1.300366	1.306960
00:00:00.759	1.309890	1.293773	1.302564
00:00:00.759	1.290842	1.283516	1.304029
00:00:00.765	1.290110	1.287912	1.311355
00:00:00.765	1.304762	1.289377	1.308425
00:00:00.765	1.306960	1.293040	1.306227
00:00:00.765	1.308425	1.297436	1.312821
00:00:00.765	1.313553	1.300366	1.310623
00:00:00.765	1.300366	1.287912	1.293773
00:00:00.765	1.312088	1.301099	1.304029
00:00:00.765	1.317949	1.303297	1.306227
00:00:00.765	1.321612	1.312088	1.308425
00:00:00.765	1.322344	1.317949	1.304029
00:00:00.796	1.320879	1.312821	1.295971
00:00:00.796	1.309158	1.293040	1.285714
00:00:00.796	1.312088	1.299634	1.300366
00:00:00.796	1.313553	1.296703	1.307692
00:00:00.796	1.302564	1.279121	1.300366
00:00:00.797	1.291575	1.278388	1.311355
00:00:00.797	1.306960	1.292308	1.309158
00:00:00.798	1.287912	1.298901	1.304029
00:00:00.799	1.293773	1.314286	1.312821
00:00:00.799	1.300366	1.315018	1.311355
00:00:00.799	1.294505	1.323810	1.299634
00:00:00.799	1.300366	1.336264	1.306960
00:00:00.799	1.305495	1.314286	1.296703
00:00:00.800	1.321612	1.328205	1.300366
00:00:00.800	1.320147	1.317949	1.304762
00:00:00.800	1.322344	1.320147	1.300366
00:00:00.801	1.329670	1.316484	1.295238
00:00:00.801	1.343590	1.301099	1.302564
00:00:00.801	1.340659	1.299634	1.311355
00:00:00.802	1.308425	1.278388	1.298168
00:00:00.802	1.302564	1.284982	1.311355
00:00:00.803	1.300366	1.310623	1.306227
00:00:00.803	1.293040	1.320147	1.298901
00:00:00.803	1.304029	1.345788	1.315751
00:00:00.804	1.303297	1.328938	1.313553
00:00:00.804	1.300366	1.300366	1.306227
00:00:00.804	1.295238	1.293773	1.304762
00:00:00.805	1.308425	1.291575	1.308425
00:00:00.805	1.305495	1.276923	1.291575
00:00:00.805	1.320879	1.281319	1.304762
00:00:00.806	1.318681	1.276923	1.307692
00:00:00.806	1.308425	1.257875	1.288645
00:00:00.806	1.313553	1.276923	1.296703
00:00:00.807	1.312088	1.290110	1.295971
00:00:00.807	1.312821	1.290842	1.301832
00:00:00.808	1.309890	1.299634	1.306227
00:00:00.808	1.308425	1.315018	1.306227
00:00:00.808	1.293773	1.318681	1.295238
00:00:00.809	1.303297	1.335531	1.306960
00:00:00.809	1.303297	1.335531	1.309158
00:00:00.809	1.306227	1.320879	1.309158
00:00:00.810	1.306960	1.306227	1.316484
00:00:00.810	1.301099	1.307692	1.312821
00:00:00.810	1.300366	1.288645	1.298901
00:00:00.811	1.316484	1.317949	1.315751
00:00:00.811	1.323077	1.331136	1.307692
00:00:00.811	1.320147	1.334066	1.292308
00:00:00.812	1.323810	1.338462	1.302564
00:00:00.812	1.329670	1.338462	1.299634
00:00:00.813	1.323077	1.304029	1.292308
00:00:00.845	1.304029	1.274725	1.287912
00:00:00.845	1.303297	1.270330	1.298168
00:00:00.845	1.296703	1.257143	1.302564
00:00:00.846	1.293773	1.253480	1.300366
00:00:00.846	1.304029	1.285714	1.309890
00:00:00.846	1.306227	1.308425	1.312821
00:00:00.847	1.299634	1.296703	1.309158
00:00:00.847	1.306960	1.295238	1.304762
00:00:00.850	1.312088	1.306227	1.306227
00:00:00.850	1.311355	1.330403	1.310623
00:00:00.850	1.319414	1.336264	1.312821
00:00:00.850	1.317216	1.316484	1.307692
00:00:00.850	1.306960	1.281319	1.303297
00:00:00.850	1.318681	1.279853	1.302564
00:00:00.853	1.317216	1.301832	1.296703
00:00:00.853	1.317949	1.320879	1.308425
00:00:00.853	1.320879	1.327473	1.299634
00:00:00.853	1.320147	1.337729	1.302564
00:00:00.853	1.303297	1.322344	1.294505
00:00:00.853	1.314286	1.336264	1.310623
00:00:00.853	1.312821	1.333333	1.314286
00:00:00.853	1.301832	1.328938	1.309890
00:00:00.854	1.298901	1.322344	1.309890
00:00:00.854	1.306227	1.315018	1.314286
00:00:00.854	1.307692	1.293040	1.304029
00:00:00.854	1.301832	1.263736	1.306227
00:00:00.854	1.309890	1.272527	1.304762
00:00:00.854	1.310623	1.272527	1.294505
00:00:00.860	1.301832	1.278388	1.295971
00:00:00.860	1.315751	1.284249	1.291575
00:00:00.860	1.317216	1.301099	1.298901
00:00:00.860	1.315018	1.304762	1.292308
00:00:00.860	1.308425	1.311355	1.297436
00:00:00.860	1.315751	1.317949	1.295238
00:00:00.860	1.303297	1.313553	1.295238
00:00:00.860	1.313553	1.318681	1.305495
00:00:00.860	1.306227	1.315751	1.304029
00:00:00.860	1.295238	1.303297	1.304029
00:00:00.860	1.304762	1.312088	1.306960
00:00:00.860	1.304762	1.303297	1.306227
00:00:00.860	1.309890	1.308425	1.310623
00:00:00.860	1.306227	1.301832	1.315018
00:00:00.860	1.308425	1.298901	1.309158
00:00:00.860	1.314286	1.301099	1.309890
00:00:00.860	1.312821	1.304762	1.308425
00:00:00.861	1.310623	1.304029	1.304029
00:00:00.861	1.323810	1.312088	1.304029
00:00:00.862	1.315018	1.299634	1.298901
00:00:00.862	1.312088	1.310623	1.291575
00:00:00.862	1.321612	1.317949	1.300366
00:00:00.894	1.312088	1.309890	1.298901
00:00:00.895	1.311355	1.300366	1.293040
00:00:00.895	1.296703	1.298901	1.295238
00:00:00.895	1.302564	1.311355	1.304762
00:00:00.896	1.297436	1.300366	1.304762
00:00:00.896	1.304029	1.311355	1.312821
00:00:00.897	1.302564	1.298168	1.312821
00:00:00.897	1.293773	1.287912	1.311355
00:00:00.897	1.297436	1.289377	1.307692
00:00:00.898	1.303297	1.293040	1.295971
00:00:00.898	1.316484	1.305495	1.312821
00:00:00.898	1.309158	1.292308	1.300366
00:00:00.899	1.312088	1.296703	1.295971
00:00:00.899	1.310623	1.301099	1.297436
00:00:00.899	1.304762	1.299634	1.285714
00:00:00.900	1.326007	1.318681	1.304029
00:00:00.900	1.313553	1.310623	1.294505
00:00:00.900	1.313553	1.310623	1.300366
00:00:00.901	1.323077	1.320879	1.306227
00:00:00.901	1.304762	1.310623	1.304762
00:00:00.902	1.301099	1.306227	1.304762
00:00:00.903	1.303297	1.311355	1.306227
00:00:00.903	1.300366	1.312088	1.306960
00:00:00.903	1.304762	1.311355	1.309158
00:00:00.903	1.308425	1.305495	1.307692
00:00:00.903	1.315018	1.295238	1.309158
00:00:00.904	1.312088	1.299634	1.307692
00:00:00.904	1.309158	1.292308	1.293773
00:00:00.904	1.315018	1.300366	1.308425
00:00:00.905	1.311355	1.290110	1.297436
00:00:00.905	1.307692	1.279853	1.285714
00:00:00.905	1.313553	1.287912	1.300366
00:00:00.906	1.309158	1.291575	1.296703
00:00:00.906	1.304762	1.290842	1.295971
00:00:00.907	1.310623	1.300366	1.306960
00:00:00.907	1.312821	1.306960	1.306227
00:00:00.907	1.297436	1.317949	1.300366
00:00:00.908	1.309158	1.323077	1.303297
00:00:00.908	1.311355	1.335531	1.307692
00:00:00.908	1.298168	1.336996	1.311355
00:00:00.909	1.295238	1.312821	1.293040
00:00:00.909	1.297436	1.304029	1.300366
00:00:00.909	1.303297	1.289377	1.300366
00:00:00.910	1.307692	1.289377	1.304762
00:00:00.910	1.311355	1.287912	1.311355
00:00:00.911	1.307692	1.291575	1.302564
00:00:00.911	1.320147	1.296703	1.298901
00:00:00.911	1.310623	1.302564	1.303297
00:00:00.912	1.323077	1.315018	1.306227
00:00:00.912	1.317949	1.309890	1.300366
00:00:00.945	1.310623	1.304029	1.291575
00:00:00.945	1.317216	1.317949	1.306227
00:00:00.946	1.314286	1.315751	1.300366
00:00:00.946	1.306227	1.308425	1.307692
00:00:00.946	1.306960	1.301099	1.308425
00:00:00.946	1.301832	1.293773	1.303297
00:00:00.946	1.296703	1.291575	1.309158
00:00:00.948	1.308425	1.298901	1.306227
00:00:00.948	1.304029	1.293773	1.306227
00:00:00.948	1.314286	1.293773	1.305495
00:00:00.949	1.315018	1.294505	1.309890
00:00:00.949	1.312088	1.302564	1.304029
00:00:00.949	1.308425	1.298901	1.298168
00:00:00.949	1.314286	1.299634	1.300366
00:00:00.949	1.314286	1.310623	1.303297
00:00:00.949	1.312821	1.319414	1.301832
00:00:00.954	1.317216	1.322344	1.299634
00:00:00.954	1.312088	1.313553	1.300366
00:00:00.954	1.319414	1.320147	1.309890
00:00:00.954	1.312821	1.320879	1.304029
00:00:00.954	1.297436	1.317216	1.300366
00:00:00.954	1.306227	1.315018	1.307692
00:00:00.954	1.309158	1.305495	1.311355
00:00:00.954	1.292308	1.300366	1.298901
00:00:00.954	1.299634	1.317949	1.295971
00:00:00.954	1.298168	1.316484	1.306960
00:00:00.954	1.300366	1.302564	1.310623
00:00:00.954	1.312088	1.290110	1.313553
00:00:00.955	1.315018	1.288645	1.309158
00:00:00.955	1.320147	1.300366	1.299634
00:00:00.955	1.312821	1.304029	1.302564
00:00:00.955	1.320147	1.303297	1.300366
00:00:00.956	1.307692	1.305495	1.298901
00:00:00.956	1.318681	1.313553	1.300366
00:00:00.956	1.304029	1.297436	1.290110
00:00:00.957	1.315018	1.304029	1.304762
00:00:00.957	1.306960	1.306227	1.304029
00:00:00.957	1.308425	1.301099	1.300366
00:00:00.958	1.309890	1.311355	1.312821
00:00:00.958	1.303297	1.303297	1.306227
00:00:00.958	1.289377	1.298901	1.301832
00:00:00.959	1.304029	1.304762	1.320147
00:00:00.959	1.305495	1.296703	1.309890
00:00:00.959	1.293773	1.292308	1.299634
00:00:00.960	1.309158	1.302564	1.306960
00:00:00.960	1.307692	1.310623	1.293773
00:00:00.961	1.304762	1.315018	1.295971
00:00:00.961	1.318681	1.329670	1.300366
00:00:00.961	1.323077	1.319414	1.287179
00:00:00.962	1.341392	1.323810	1.305495
