timestamp	ch1	ch2	ch3
00:00:00.000	1.314286	1.321612	1.309158
00:00:00.000	1.305495	1.306960	1.298168
00:00:00.000	1.312088	1.306227	1.303297
00:00:00.000	1.306960	1.308425	1.304029
00:00:00.004	1.308425	1.319414	1.307692
00:00:00.004	1.302564	1.315751	1.301832
00:00:00.004	1.307692	1.326007	1.304762
00:00:00.004	1.306960	1.323077	1.300366
00:00:00.004	1.303297	1.320147	1.304029
00:00:00.004	1.305495	1.308425	1.304762
00:00:00.004	1.313553	1.290110	1.303297
00:00:00.004	1.311355	1.276923	1.304762
00:00:00.004	1.317216	1.282051	1.302564
00:00:00.004	1.315018	1.278388	1.312821
00:00:00.004	1.319414	1.284982	1.306960
00:00:00.005	1.316484	1.312088	1.304029
00:00:00.005	1.306227	1.315018	1.298168
00:00:00.005	1.320879	1.336264	1.307692
00:00:00.006	1.309158	1.312088	1.300366
00:00:00.006	1.300366	1.312821	1.308425
00:00:00.007	1.309890	1.318681	1.309158
00:00:00.007	1.310623	1.324542	1.308425
00:00:00.007	1.307692	1.323077	1.312821
00:00:00.008	1.302564	1.320879	1.307692
00:00:00.008	1.306960	1.315018	1.309890
00:00:00.008	1.306960	1.316484	1.309158
00:00:00.009	1.308425	1.300366	1.308425
00:00:00.009	1.308425	1.307692	1.303297
00:00:00.009	1.309890	1.312821	1.304762
00:00:00.011	1.311355	1.309890	1.303297
00:00:00.011	1.314286	1.300366	1.294505
00:00:00.011	1.320147	1.301099	1.312821
00:00:00.011	1.314286	1.274725	1.295971
00:00:00.011	1.328938	1.288645	1.313553
00:00:00.012	1.320879	1.275458	1.305495
00:00:00.012	1.310623	1.259341	1.307692
00:00:00.012	1.311355	1.267399	1.305495
00:00:00.013	1.309158	1.299634	1.307692
00:00:00.013	1.306227	1.323810	1.311355
00:00:00.013	1.289377	1.361172	1.315018
00:00:00.014	1.300366	1.361172	1.296703
00:00:00.014	1.318681	1.353114	1.312088
00:00:00.014	1.315018	1.334799	1.314286
00:00:00.015	1.304762	1.308425	1.306227
00:00:00.015	1.309890	1.295238	1.306227
00:00:00.015	1.306960	1.276190	1.300366
00:00:00.016	1.320147	1.292308	1.309158
00:00:00.016	1.315751	1.295971	1.300366
00:00:00.017	1.319414	1.297436	1.302564
00:00:00.017	1.311355	1.293040	1.292308
00:00:00.049	1.314286	1.315751	1.308425
00:00:00.049	1.309158	1.334066	1.304762
00:00:00.050	1.312088	1.336264	1.304762
00:00:00.050	1.309890	1.310623	1.298168
00:00:00.050	1.306227	1.293040	1.309158
00:00:00.051	1.302564	1.284982	1.300366
00:00:00.051	1.301099	1.282051	1.306227
00:00:00.052	1.312088	1.268864	1.295238
00:00:00.052	1.312088	1.297436	1.312821
00:00:00.052	1.314286	1.336264	1.305495
00:00:00.053	1.316484	1.345055	1.307692
00:00:00.053	1.303297	1.304029	1.298901
00:00:00.053	1.309890	1.298901	1.307692
00:00:00.054	1.315018	1.295238	1.306227
00:00:00.054	1.312088	1.295238	1.298168
00:00:00.054	1.318681	1.293040	1.309890
00:00:00.055	1.315018	1.280586	1.306227
00:00:00.055	1.312088	1.285714	1.307692
00:00:00.056	1.310623	1.310623	1.309158
00:00:00.056	1.314286	1.309158	1.304029
00:00:00.056	1.328205	1.302564	1.306960
00:00:00.057	1.311355	1.328205	1.306227
00:00:00.057	1.307692	1.347985	1.300366
00:00:00.057	1.309890	1.356777	1.309158
00:00:00.058	1.312821	1.342857	1.312088
00:00:00.058	1.300366	1.309158	1.304029
00:00:00.058	1.301832	1.312821	1.304762
00:00:00.059	1.304029	1.301099	1.304029
00:00:00.059	1.309158	1.300366	1.294505
00:00:00.059	1.316484	1.300366	1.302564
00:00:00.060	1.320147	1.296703	1.308425
00:00:00.060	1.322344	1.293040	1.296703
00:00:00.061	1.322344	1.297436	1.306960
00:00:00.061	1.315018	1.293040	1.310623
00:00:00.061	1.315018	1.297436	1.300366
00:00:00.063	1.310623	1.308425	1.312821
00:00:00.063	1.304029	1.295238	1.298168
00:00:00.063	1.301832	1.301099	1.297436
00:00:00.063	1.304029	1.317216	1.306227
00:00:00.063	1.304029	1.320879	1.305495
00:00:00.063	1.307692	1.332601	1.304762
00:00:00.065	1.304762	1.334066	1.305495
00:00:00.065	1.295238	1.319414	1.305495
00:00:00.065	1.307692	1.328205	1.310623
00:00:00.065	1.315018	1.321612	1.304029
00:00:00.065	1.315018	1.300366	1.306227
00:00:00.068	1.316484	1.290110	1.303297
00:00:00.068	1.305495	1.281319	1.308425
00:00:00.068	1.316484	1.283516	1.309158
00:00:00.068	1.313553	1.264469	1.299634
00:00:00.100	1.299634	1.250549	1.299634
00:00:00.100	1.315751	1.298168	1.309158
00:00:00.100	1.308425	1.316484	1.302564
00:00:00.100	1.302564	1.318681	1.312088
00:00:00.100	1.303297	1.322344	1.304762
00:00:00.101	1.303297	1.317216	1.307692
00:00:00.101	1.312088	1.323077	1.308425
00:00:00.101	1.305495	1.317949	1.296703
00:00:00.102	1.308425	1.321612	1.304029
00:00:00.102	1.324542	1.323810	1.312088
00:00:00.102	1.301832	1.297436	1.300366
00:00:00.103	1.316484	1.311355	1.310623
00:00:00.103	1.315018	1.298168	1.306227
00:00:00.103	1.326740	1.281319	1.306960
00:00:00.104	1.317216	1.294505	1.309158
00:00:00.104	1.311355	1.294505	1.300366
00:00:00.105	1.306960	1.290110	1.310623
00:00:00.105	1.322344	1.290110	1.311355
00:00:00.105	1.315751	1.296703	1.309890
00:00:00.106	1.303297	1.304762	1.307692
00:00:00.106	1.310623	1.304029	1.309158
00:00:00.106	1.304029	1.312821	1.292308
00:00:00.107	1.290110	1.314286	1.298168
00:00:00.107	1.297436	1.325275	1.293040
00:00:00.107	1.294505	1.323810	1.305495
00:00:00.108	1.306227	1.329670	1.312821
00:00:00.108	1.296703	1.290110	1.292308
00:00:00.108	1.315018	1.310623	1.308425
00:00:00.109	1.318681	1.333333	1.311355
00:00:00.109	1.317949	1.323810	1.309890
00:00:00.110	1.325275	1.296703	1.306960
00:00:00.110	1.327473	1.283516	1.309158
00:00:00.110	1.314286	1.282051	1.306227
00:00:00.111	1.315751	1.312088	1.314286
00:00:00.111	1.317949	1.319414	1.304029
00:00:00.111	1.317949	1.335531	1.308425
00:00:00.112	1.314286	1.341392	1.309890
00:00:00.112	1.303297	1.320879	1.303297
00:00:00.112	1.305495	1.312821	1.314286
00:00:00.113	1.303297	1.305495	1.305495
00:00:00.113	1.315751	1.320879	1.309158
00:00:00.113	1.319414	1.327473	1.311355
00:00:00.114	1.317949	1.332601	1.310623
00:00:00.115	1.306227	1.309158	1.296703
00:00:00.115	1.314286	1.308425	1.312821
00:00:00.115	1.314286	1.291575	1.304762
00:00:00.115	1.310623	1.276923	1.302564
00:00:00.116	1.304029	1.266667	1.300366
00:00:00.116	1.324542	1.276190	1.312088
00:00:00.116	1.308425	1.281319	1.303297
00:00:00.149	1.311355	1.302564	1.307692
00:00:00.149	1.301832	1.304029	1.302564
00:00:00.149	1.300366	1.301832	1.298168
00:00:00.150	1.309158	1.317949	1.310623
00:00:00.150	1.308425	1.313553	1.304029
00:00:00.150	1.288645	1.295971	1.290842
00:00:00.151	1.296703	1.317949	1.306227
00:00:00.151	1.312088	1.321612	1.303297
00:00:00.151	1.303297	1.336996	1.307692
00:00:00.152	1.314286	1.320879	1.309890
00:00:00.152	1.305495	1.296703	1.300366
00:00:00.152	1.313553	1.295238	1.307692
00:00:00.153	1.315018	1.281319	1.305495
00:00:00.153	1.313553	1.276190	1.306960
00:00:00.154	1.332601	1.291575	1.306227
00:00:00.154	1.323077	1.317216	1.305495
00:00:00.154	1.328205	1.329670	1.309890
00:00:00.155	1.313553	1.311355	1.309158
00:00:00.155	1.306960	1.304762	1.304029
00:00:00.155	1.294505	1.304029	1.306227
00:00:00.156	1.290842	1.306227	1.305495
00:00:00.156	1.297436	1.308425	1.304762
00:00:00.156	1.288645	1.300366	1.298168
00:00:00.157	1.301099	1.314286	1.312088
00:00:00.157	1.296703	1.302564	1.303297
00:00:00.157	1.312821	1.316484	1.308425
00:00:00.158	1.315751	1.311355	1.306960
00:00:00.158	1.306960	1.295238	1.299634
00:00:00.160	1.317216	1.306960	1.307692
00:00:00.160	1.320147	1.293040	1.304029
00:00:00.160	1.316484	1.293773	1.306227
00:00:00.160	1.320147	1.295238	1.308425
00:00:00.160	1.311355	1.282784	1.290110
00:00:00.160	1.334066	1.309158	1.312821
00:00:00.161	1.294505	1.309890	1.306227
00:00:00.161	1.287912	1.317216	1.304029
00:00:00.161	1.276190	1.329670	1.307692
00:00:00.164	1.276190	1.317949	1.304029
00:00:00.164	1.266667	1.321612	1.303297
00:00:00.164	1.279853	1.324542	1.310623
00:00:00.164	1.417582	1.311355	1.307692
00:00:00.164	1.398535	1.303297	1.309890
00:00:00.164	1.390476	1.304029	1.304762
00:00:00.164	1.357509	1.300366	1.306960
00:00:00.164	1.361905	1.309158	1.302564
00:00:00.165	1.346520	1.306227	1.304762
00:00:00.165	1.295971	1.301832	1.302564
00:00:00.165	1.295238	1.293773	1.300366
00:00:00.166	1.268132	1.286447	1.311355
00:00:00.166	1.214652	1.273993	1.290110
00:00:00.199	1.230037	1.298168	1.309158
00:00:00.199	1.200733	1.295971	1.309158
00:00:00.199	1.163370	1.298901	1.315751
00:00:00.199	1.429304	1.316484	1.320879
00:00:00.200	1.378755	1.324542	1.319414
00:00:00.200	1.326007	1.308425	1.300366
00:00:00.200	1.295238	1.300366	1.301832
00:00:00.201	1.306960	1.318681	1.308425
00:00:00.201	1.313553	1.325275	1.306960
00:00:00.201	1.326007	1.318681	1.299634
00:00:00.202	1.337729	1.295238	1.291575
00:00:00.202	1.339194	1.304029	1.299634
00:00:00.203	1.340659	1.309158	1.294505
00:00:00.203	1.286447	1.300366	1.303297
00:00:00.203	1.311355	1.292308	1.305495
00:00:00.204	1.330403	1.289377	1.300366
00:00:00.204	1.312088	1.306227	1.311355
00:00:00.204	1.298168	1.306960	1.304762
00:00:00.205	1.297436	1.302564	1.301832
00:00:00.205	1.312088	1.315751	1.306960
00:00:00.205	1.308425	1.311355	1.305495
00:00:00.206	1.305495	1.312821	1.309158
00:00:00.206	1.299634	1.323077	1.304762
00:00:00.206	1.294505	1.307692	1.295971
00:00:00.207	1.306960	1.323077	1.310623
00:00:00.207	1.301832	1.302564	1.304029
00:00:00.208	1.304762	1.266667	1.298901
00:00:00.208	1.315018	1.282784	1.304762
00:00:00.208	1.319414	1.317216	1.302564
00:00:00.209	1.323077	1.339194	1.306960
00:00:00.209	1.324542	1.335531	1.306227
00:00:00.209	1.309890	1.312088	1.307692
00:00:00.210	1.311355	1.301832	1.298168
00:00:00.210	1.314286	1.301099	1.306227
00:00:00.210	1.319414	1.301832	1.306227
00:00:00.211	1.318681	1.302564	1.304029
00:00:00.211	1.295971	1.294505	1.300366
00:00:00.211	1.309158	1.315751	1.306227
00:00:00.212	1.298168	1.313553	1.300366
00:00:00.212	1.296703	1.309158	1.303297
00:00:00.213	1.292308	1.304762	1.300366
00:00:00.213	1.307692	1.313553	1.305495
00:00:00.213	1.305495	1.310623	1.306227
00:00:00.214	1.307692	1.299634	1.293773
00:00:00.214	1.310623	1.308425	1.310623
00:00:00.214	1.312821	1.298168	1.306227
00:00:00.215	1.308425	1.287912	1.295971
00:00:00.215	1.314286	1.295238	1.306227
00:00:00.215	1.323077	1.293040	1.304029
00:00:00.216	1.323077	1.301099	1.309890
00:00:00.248	1.320879	1.297436	1.306227
00:00:00.248	1.316484	1.269597	1.303297
00:00:00.249	1.312821	1.280586	1.306960
00:00:00.249	1.315018	1.270330	1.309158
00:00:00.249	1.299634	1.290842	1.293773
00:00:00.250	1.309158	1.350183	1.312088
00:00:00.250	1.299634	1.359707	1.292308
00:00:00.251	1.306227	1.363370	1.310623
00:00:00.251	1.303297	1.356044	1.304762
00:00:00.251	1.296703	1.323810	1.294505
00:00:00.252	1.311355	1.320879	1.295971
00:00:00.252	1.316484	1.316484	1.306960
00:00:00.252	1.318681	1.309158	1.307692
00:00:00.254	1.312821	1.301832	1.306227
00:00:00.254	1.306960	1.283516	1.298901
00:00:00.254	1.320147	1.277656	1.308425
00:00:00.254	1.316484	1.252747	1.303297
00:00:00.254	1.317216	1.270330	1.312821
00:00:00.254	1.314286	1.291575	1.308425
00:00:00.256	1.312821	1.304029	1.294505
00:00:00.256	1.312088	1.321612	1.311355
00:00:00.256	1.313553	1.328205	1.317949
00:00:00.256	1.307692	1.324542	1.304029
00:00:00.256	1.308425	1.321612	1.296703
00:00:00.257	1.301832	1.304029	1.293773
00:00:00.257	1.301099	1.301832	1.304029
00:00:00.257	1.309890	1.306960	1.308425
00:00:00.260	1.304029	1.303297	1.303297
00:00:00.260	1.309890	1.305495	1.300366
00:00:00.260	1.317216	1.296703	1.310623
00:00:00.260	1.305495	1.285714	1.298168
00:00:00.260	1.318681	1.303297	1.303297
00:00:00.260	1.320879	1.312088	1.300366
00:00:00.260	1.322344	1.311355	1.304029
00:00:00.260	1.313553	1.308425	1.309890
00:00:00.260	1.320147	1.312821	1.304029
00:00:00.261	1.312821	1.308425	1.304762
00:00:00.261	1.309158	1.316484	1.302564
00:00:00.262	1.309158	1.301099	1.294505
00:00:00.262	1.305495	1.299634	1.301832
00:00:00.262	1.299634	1.302564	1.297436
00:00:00.263	1.303297	1.322344	1.308425
00:00:00.263	1.306227	1.326007	1.304029
00:00:00.263	1.303297	1.320879	1.309890
00:00:00.264	1.311355	1.314286	1.308425
00:00:00.264	1.316484	1.305495	1.310623
00:00:00.264	1.317216	1.300366	1.300366
00:00:00.265	1.318681	1.288645	1.304762
00:00:00.265	1.320879	1.287912	1.308425
00:00:00.266	1.318681	1.292308	1.302564
00:00:00.298	1.310623	1.290842	1.291575
00:00:00.298	1.315018	1.301099	1.308425
00:00:00.298	1.303297	1.315018	1.300366
00:00:00.299	1.315018	1.330403	1.305495
00:00:00.299	1.298168	1.297436	1.298901
00:00:00.299	1.311355	1.309890	1.309158
00:00:00.300	1.309890	1.312088	1.312821
00:00:00.300	1.303297	1.309890	1.308425
00:00:00.301	1.304762	1.297436	1.306227
00:00:00.301	1.300366	1.281319	1.300366
00:00:00.301	1.309158	1.304029	1.312821
00:00:00.302	1.313553	1.312821	1.311355
00:00:00.302	1.308425	1.298168	1.308425
00:00:00.302	1.319414	1.299634	1.309158
00:00:00.303	1.320147	1.298168	1.309890
00:00:00.303	1.320879	1.306227	1.310623
00:00:00.303	1.311355	1.303297	1.295238
00:00:00.304	1.317949	1.317216	1.309890
00:00:00.304	1.317216	1.314286	1.304029
00:00:00.304	1.309158	1.312088	1.307692
00:00:00.305	1.307692	1.326740	1.304029
00:00:00.305	1.309890	1.337729	1.306960
00:00:00.306	1.310623	1.342125	1.309158
00:00:00.306	1.300366	1.320147	1.295971
00:00:00.306	1.305495	1.315751	1.301832
00:00:00.307	1.307692	1.293773	1.300366
00:00:00.307	1.306960	1.284982	1.305495
00:00:00.307	1.312088	1.285714	1.309890
00:00:00.308	1.304029	1.285714	1.301832
00:00:00.308	1.315018	1.303297	1.312088
00:00:00.308	1.318681	1.304762	1.304762
00:00:00.309	1.316484	1.304029	1.309158
00:00:00.309	1.319414	1.288645	1.309158
00:00:00.309	1.321612	1.294505	1.306227
00:00:00.310	1.316484	1.298901	1.308425
00:00:00.310	1.316484	1.293040	1.307692
00:00:00.311	1.314286	1.296703	1.309158
00:00:00.311	1.314286	1.304029	1.314286
00:00:00.311	1.312088	1.302564	1.305495
00:00:00.312	1.306960	1.301832	1.306227
00:00:00.312	1.300366	1.320147	1.304029
00:00:00.312	1.312088	1.339927	1.307692
00:00:00.313	1.312088	1.336264	1.308425
00:00:00.313	1.307692	1.326007	1.308425
00:00:00.313	1.310623	1.321612	1.300366
00:00:00.314	1.312088	1.300366	1.307692
00:00:00.314	1.312088	1.276190	1.300366
00:00:00.315	1.317216	1.290842	1.307692
00:00:00.315	1.310623	1.312821	1.304029
00:00:00.315	1.312821	1.311355	1.304762
00:00:00.347	1.320147	1.319414	1.313553
00:00:00.348	1.315751	1.292308	1.302564
00:00:00.348	1.315751	1.317216	1.309890
00:00:00.348	1.313553	1.331868	1.309890
00:00:00.351	1.302564	1.328938	1.306960
00:00:00.351	1.302564	1.316484	1.301099
00:00:00.351	1.295238	1.307692	1.300366
00:00:00.351	1.300366	1.315018	1.303297
00:00:00.351	1.298901	1.300366	1.290842
00:00:00.351	1.314286	1.309158	1.300366
00:00:00.351	1.306227	1.312821	1.302564
00:00:00.351	1.315751	1.290842	1.306227
00:00:00.352	1.316484	1.284982	1.299634
00:00:00.352	1.311355	1.289377	1.306227
00:00:00.352	1.315018	1.271062	1.303297
00:00:00.353	1.322344	1.261538	1.313553
00:00:00.353	1.312088	1.252747	1.305495
00:00:00.353	1.315751	1.273993	1.308425
00:00:00.356	1.310623	1.295238	1.300366
00:00:00.356	1.316484	1.279853	1.301832
00:00:00.356	1.310623	1.298168	1.309158
00:00:00.356	1.304029	1.315751	1.300366
00:00:00.356	1.304762	1.306960	1.303297
00:00:00.356	1.306227	1.312088	1.304029
00:00:00.356	1.308425	1.315018	1.309158
00:00:00.356	1.313553	1.326007	1.310623
00:00:00.357	1.310623	1.320147	1.302564
00:00:00.357	1.288645	1.320147	1.295238
00:00:00.357	1.313553	1.333333	1.304029
00:00:00.358	1.312088	1.328205	1.294505
00:00:00.358	1.316484	1.345055	1.298901
00:00:00.359	1.319414	1.326740	1.304029
00:00:00.359	1.306960	1.303297	1.293040
00:00:00.359	1.320147	1.312821	1.309158
00:00:00.360	1.312088	1.303297	1.295971
00:00:00.360	1.316484	1.292308	1.308425
00:00:00.360	1.306227	1.290110	1.308425
00:00:00.361	1.315018	1.302564	1.313553
00:00:00.361	1.306227	1.265201	1.309890
00:00:00.361	1.313553	1.249817	1.314286
00:00:00.362	1.293773	1.280586	1.309158
00:00:00.362	1.308425	1.315751	1.310623
00:00:00.362	1.304029	1.300366	1.304762
00:00:00.363	1.307692	1.295971	1.305495
00:00:00.363	1.312088	1.340659	1.307692
00:00:00.364	1.312088	1.341392	1.296703
00:00:00.364	1.315018	1.344322	1.297436
00:00:00.364	1.319414	1.336264	1.310623
00:00:00.365	1.309158	1.335531	1.304029
00:00:00.365	1.323810	1.334066	1.309158
00:00:00.397	1.318681	1.313553	1.306960
00:00:00.397	1.314286	1.296703	1.300366
00:00:00.398	1.314286	1.271062	1.305495
00:00:00.398	1.309890	1.250549	1.295238
00:00:00.399	1.315018	1.271062	1.305495
00:00:00.399	1.306227	1.297436	1.297436
00:00:00.399	1.314286	1.330403	1.312088
00:00:00.400	1.309158	1.369231	1.312821
00:00:00.400	1.299634	1.358242	1.316484
00:00:00.400	1.313553	1.323810	1.308425
00:00:00.401	1.309890	1.295238	1.310623
00:00:00.401	1.314286	1.312088	1.304762
00:00:00.401	1.319414	1.334799	1.308425
00:00:00.402	1.315751	1.306960	1.308425
00:00:00.402	1.309890	1.295238	1.309158
00:00:00.403	1.323077	1.292308	1.309890
00:00:00.403	1.304029	1.250549	1.291575
00:00:00.403	1.315751	1.262271	1.302564
00:00:00.404	1.316484	1.288645	1.304029
00:00:00.404	1.312088	1.278388	1.304029
00:00:00.404	1.306227	1.295971	1.292308
00:00:00.405	1.308425	1.334066	1.292308
00:00:00.405	1.313553	1.356777	1.310623
00:00:00.405	1.305495	1.337729	1.313553
00:00:00.406	1.305495	1.326740	1.307692
00:00:00.406	1.295971	1.344322	1.303297
00:00:00.406	1.311355	1.331868	1.292308
00:00:00.407	1.300366	1.265201	1.296703
00:00:00.408	1.307692	1.237363	1.303297
00:00:00.408	1.303297	1.229304	1.295971
00:00:00.408	1.311355	1.242491	1.290110
00:00:00.408	1.311355	1.284249	1.301099
00:00:00.409	1.314286	1.296703	1.304029
00:00:00.409	1.306227	1.276190	1.298901
00:00:00.409	1.316484	1.265934	1.309890
00:00:00.410	1.316484	1.273993	1.309158
00:00:00.410	1.321612	1.298168	1.316484
00:00:00.410	1.304029	1.324542	1.303297
00:00:00.411	1.303297	1.341392	1.295238
00:00:00.411	1.307692	1.367766	1.313553
00:00:00.411	1.308425	1.359707	1.306960
00:00:00.412	1.300366	1.345055	1.303297
00:00:00.412	1.296703	1.328205	1.295971
00:00:00.414	1.308425	1.339194	1.294505
00:00:00.414	1.315751	1.354579	1.309890
00:00:00.414	1.312088	1.331136	1.309890
00:00:00.417	1.315751	1.319414	1.306227
00:00:00.417	1.303297	1.303297	1.305495
00:00:00.417	1.314286	1.302564	1.312088
00:00:00.417	1.315018	1.307692	1.295971
00:00:00.447	1.322344	1.345788	1.312088
00:00:00.447	1.317949	1.330403	1.302564
00:00:00.449	1.316484	1.318681	1.309890
00:00:00.449	1.317216	1.319414	1.307692
00:00:00.449	1.312821	1.284982	1.303297
00:00:00.449	1.313553	1.254945	1.312088
00:00:00.449	1.306960	1.274725	1.305495
00:00:00.449	1.311355	1.277656	1.303297
00:00:00.453	1.307692	1.273260	1.315018
00:00:00.453	1.312088	1.287912	1.312088
00:00:00.453	1.307692	1.325275	1.296703
00:00:00.453	1.313553	1.350916	1.310623
00:00:00.453	1.312088	1.339927	1.309158
00:00:00.453	1.307692	1.310623	1.295971
00:00:00.453	1.318681	1.315751	1.310623
00:00:00.453	1.316484	1.299634	1.308425
00:00:00.453	1.317949	1.299634	1.309158
00:00:00.453	1.320147	1.296703	1.308425
00:00:00.453	1.317216	1.303297	1.305495
00:00:00.454	1.312088	1.312821	1.307692
00:00:00.454	1.307692	1.312088	1.304029
00:00:00.454	1.313553	1.319414	1.304762
00:00:00.455	1.297436	1.304762	1.296703
00:00:00.455	1.305495	1.314286	1.305495
00:00:00.455	1.291575	1.304762	1.303297
00:00:00.456	1.304762	1.322344	1.305495
00:00:00.456	1.302564	1.320879	1.295238
00:00:00.457	1.304762	1.319414	1.304029
00:00:00.457	1.308425	1.327473	1.310623
00:00:00.457	1.315018	1.330403	1.307692
00:00:00.458	1.314286	1.315018	1.302564
00:00:00.458	1.315751	1.305495	1.294505
00:00:00.458	1.316484	1.295238	1.301832
00:00:00.459	1.315751	1.293773	1.304029
00:00:00.459	1.317216	1.304762	1.312088
00:00:00.460	1.315018	1.295238	1.295971
00:00:00.460	1.314286	1.305495	1.308425
00:00:00.460	1.313553	1.300366	1.309158
00:00:00.460	1.310623	1.298901	1.305495
00:00:00.461	1.310623	1.312821	1.311355
00:00:00.461	1.308425	1.320147	1.315751
00:00:00.462	1.306227	1.321612	1.314286
00:00:00.462	1.307692	1.325275	1.315751
00:00:00.462	1.312088	1.330403	1.308425
00:00:00.463	1.313553	1.317216	1.310623
00:00:00.463	1.301832	1.299634	1.304029
00:00:00.463	1.310623	1.300366	1.309158
00:00:00.464	1.318681	1.293773	1.299634
00:00:00.464	1.324542	1.323810	1.302564
00:00:00.464	1.320879	1.347253	1.306960
