timestamp	ch1	ch2	ch3
00:00:00.000	1.322344	1.260073	1.282784
00:00:00.000	1.315751	1.279853	1.307692
00:00:00.000	1.323077	1.306960	1.312821
00:00:00.002	1.307692	1.324542	1.320879
00:00:00.002	1.290110	1.345788	1.318681
00:00:00.002	1.285714	1.341392	1.320147
00:00:00.002	1.294505	1.331868	1.310623
00:00:00.002	1.293773	1.313553	1.300366
00:00:00.004	1.282784	1.304029	1.306960
00:00:00.004	1.287912	1.312088	1.300366
00:00:00.004	1.298901	1.297436	1.287912
00:00:00.004	1.306227	1.312821	1.294505
00:00:00.004	1.314286	1.312088	1.298901
00:00:00.004	1.303297	1.304762	1.294505
00:00:00.006	1.320147	1.296703	1.290110
00:00:00.006	1.323810	1.293040	1.299634
00:00:00.006	1.326740	1.291575	1.303297
00:00:00.007	1.323810	1.289377	1.309158
00:00:00.007	1.319414	1.282784	1.312088
00:00:00.007	1.317949	1.294505	1.303297
00:00:00.007	1.316484	1.309890	1.306227
00:00:00.007	1.315018	1.301832	1.315751
00:00:00.008	1.296703	1.299634	1.306227
00:00:00.008	1.301099	1.298168	1.295238
00:00:00.008	1.312088	1.294505	1.301832
00:00:00.040	1.313553	1.311355	1.316484
00:00:00.045	1.307692	1.312821	1.303297
00:00:00.045	1.308425	1.318681	1.303297
00:00:00.045	1.303297	1.323810	1.300366
00:00:00.045	1.309158	1.330403	1.326740
00:00:00.045	1.301832	1.315751	1.320879
00:00:00.045	1.303297	1.302564	1.270330
00:00:00.045	1.295971	1.295238	1.253480
00:00:00.045	1.322344	1.304762	1.289377
00:00:00.045	1.333333	1.309158	1.339927
00:00:00.045	1.317949	1.319414	1.354579
00:00:00.045	1.301832	1.300366	1.295971
00:00:00.045	1.309158	1.288645	1.281319
00:00:00.045	1.316484	1.286447	1.229304
00:00:00.047	1.307692	1.292308	1.287179
00:00:00.047	1.309890	1.295971	1.312088
00:00:00.047	1.304029	1.304029	1.321612
00:00:00.047	1.297436	1.304029	1.368498
00:00:00.047	1.301832	1.308425	1.326740
00:00:00.047	1.304029	1.312821	1.287179
00:00:00.048	1.290110	1.302564	1.282784
00:00:00.048	1.295971	1.306960	1.288645
00:00:00.048	1.309158	1.317216	1.272527
00:00:00.049	1.309890	1.308425	1.285714
00:00:00.049	1.317949	1.320879	1.308425
00:00:00.049	1.312821	1.312088	1.309158
00:00:00.050	1.322344	1.301099	1.353114
00:00:00.050	1.326740	1.289377	1.311355
00:00:00.051	1.313553	1.297436	1.291575
00:00:00.051	1.326007	1.300366	1.289377
00:00:00.051	1.313553	1.287912	1.303297
00:00:00.052	1.309890	1.294505	1.320147
00:00:00.052	1.306227	1.296703	1.306227
00:00:00.052	1.309158	1.309890	1.304029
00:00:00.053	1.303297	1.305495	1.295238
00:00:00.053	1.249817	1.301832	1.295971
00:00:00.053	1.276923	1.312821	1.289377
00:00:00.054	1.312821	1.312821	1.291575
00:00:00.054	1.324542	1.320879	1.295238
00:00:00.054	1.329670	1.317949	1.300366
00:00:00.055	1.336264	1.305495	1.306227
00:00:00.055	1.304762	1.299634	1.301832
00:00:00.056	1.293040	1.306227	1.312088
00:00:00.056	1.323810	1.305495	1.318681
00:00:00.056	1.316484	1.295238	1.303297
00:00:00.057	1.310623	1.305495	1.320879
00:00:00.057	1.311355	1.305495	1.320879
00:00:00.057	1.306960	1.285714	1.305495
00:00:00.058	1.328205	1.288645	1.310623
00:00:00.058	1.317216	1.291575	1.305495
00:00:00.090	1.297436	1.310623	1.309890
00:00:00.091	1.281319	1.309158	1.301832
00:00:00.091	1.286447	1.305495	1.284982
00:00:00.091	1.295971	1.317949	1.291575
00:00:00.092	1.300366	1.318681	1.290842
00:00:00.092	1.308425	1.316484	1.287912
00:00:00.092	1.325275	1.309158	1.302564
00:00:00.093	1.306227	1.297436	1.319414
00:00:00.093	1.346520	1.314286	1.336264
00:00:00.093	1.408791	1.306960	1.319414
00:00:00.094	1.342857	1.308425	1.312821
00:00:00.094	1.312821	1.307692	1.310623
00:00:00.095	1.305495	1.284982	1.294505
00:00:00.095	1.303297	1.298168	1.302564
00:00:00.096	1.288645	1.292308	1.284982
00:00:00.096	1.290110	1.304029	1.293773
00:00:00.096	1.290110	1.306960	1.305495
00:00:00.096	1.286447	1.306960	1.304762
00:00:00.097	1.287912	1.299634	1.283516
00:00:00.097	1.295971	1.296703	1.276190
00:00:00.097	1.306227	1.313553	1.294505
00:00:00.098	1.316484	1.316484	1.296703
00:00:00.098	1.312088	1.312821	1.302564
00:00:00.098	1.305495	1.302564	1.295238
00:00:00.100	1.303297	1.297436	1.304029
00:00:00.100	1.309890	1.304762	1.317216
00:00:00.101	1.306960	1.301832	1.315751
00:00:00.101	1.306960	1.297436	1.316484
00:00:00.101	1.317216	1.296703	1.301832
00:00:00.101	1.325275	1.306227	1.306960
00:00:00.101	1.314286	1.295238	1.310623
00:00:00.101	1.305495	1.295238	1.300366
00:00:00.103	1.308425	1.298168	1.290842
00:00:00.103	1.317949	1.308425	1.303297
00:00:00.103	1.322344	1.304762	1.295971
00:00:00.104	1.322344	1.305495	1.317216
00:00:00.104	1.274725	1.312088	1.287912
00:00:00.104	1.302564	1.306227	1.284982
00:00:00.104	1.304762	1.304762	1.287179
00:00:00.104	1.298901	1.314286	1.317949
00:00:00.109	1.304029	1.315018	1.318681
00:00:00.109	1.304762	1.301832	1.297436
00:00:00.109	1.315751	1.310623	1.308425
00:00:00.109	1.314286	1.300366	1.310623
00:00:00.109	1.288645	1.301099	1.314286
00:00:00.109	1.313553	1.304029	1.312088
00:00:00.109	1.304029	1.300366	1.300366
00:00:00.109	1.296703	1.293773	1.295971
00:00:00.109	1.309158	1.305495	1.303297
00:00:00.109	1.314286	1.305495	1.314286
00:00:00.141	1.319414	1.305495	1.330403
00:00:00.141	1.288645	1.298901	1.300366
00:00:00.141	1.300366	1.306960	1.299634
00:00:00.141	1.313553	1.309890	1.288645
00:00:00.141	1.311355	1.306227	1.269597
00:00:00.142	1.312088	1.313553	1.287179
00:00:00.142	1.312088	1.317216	1.293040
00:00:00.142	1.307692	1.310623	1.317949
00:00:00.143	1.326007	1.309158	1.336264
00:00:00.143	1.318681	1.294505	1.311355
00:00:00.144	1.319414	1.298901	1.312088
00:00:00.144	1.325275	1.293773	1.311355
00:00:00.144	1.307692	1.286447	1.308425
00:00:00.145	1.313553	1.300366	1.314286
00:00:00.145	1.304762	1.290842	1.298168
00:00:00.145	1.309158	1.303297	1.309890
00:00:00.146	1.310623	1.312088	1.302564
00:00:00.146	1.296703	1.303297	1.296703
00:00:00.146	1.308425	1.306227	1.300366
00:00:00.147	1.304029	1.300366	1.285714
00:00:00.147	1.311355	1.315018	1.295238
00:00:00.148	1.313553	1.316484	1.295238
00:00:00.148	1.313553	1.315018	1.295238
00:00:00.148	1.308425	1.309158	1.304762
00:00:00.149	1.294505	1.305495	1.305495
00:00:00.149	1.308425	1.304762	1.309890
00:00:00.149	1.319414	1.303297	1.306227
00:00:00.150	1.319414	1.301832	1.300366
00:00:00.150	1.322344	1.301099	1.309890
00:00:00.150	1.331868	1.307692	1.310623
00:00:00.151	1.331136	1.304029	1.305495
00:00:00.151	1.278388	1.298901	1.303297
00:00:00.151	1.263004	1.303297	1.306960
00:00:00.152	1.284249	1.305495	1.309158
00:00:00.152	1.290842	1.306227	1.326740
00:00:00.153	1.265934	1.292308	1.300366
00:00:00.153	1.275458	1.312088	1.302564
00:00:00.153	1.285714	1.317216	1.300366
00:00:00.154	1.295971	1.310623	1.278388
00:00:00.154	1.310623	1.309890	1.280586
00:00:00.154	1.337729	1.311355	1.282784
00:00:00.155	1.349451	1.305495	1.286447
00:00:00.155	1.387546	1.312821	1.299634
00:00:00.155	1.465934	1.306227	1.302564
00:00:00.156	1.380952	1.297436	1.308425
00:00:00.156	1.277656	1.292308	1.315751
00:00:00.156	1.252015	1.301832	1.308425
00:00:00.157	1.273260	1.306227	1.316484
00:00:00.157	1.294505	1.298901	1.320879
00:00:00.158	1.296703	1.304029	1.329670
00:00:00.190	1.304762	1.308425	1.337729
00:00:00.190	1.297436	1.301099	1.281319
00:00:00.190	1.304029	1.311355	1.270330
00:00:00.191	1.310623	1.317949	1.286447
00:00:00.191	1.306227	1.308425	1.268864
00:00:00.192	1.300366	1.310623	1.298168
00:00:00.192	1.276923	1.294505	1.291575
00:00:00.192	1.304029	1.313553	1.279121
00:00:00.193	1.295238	1.305495	1.271062
00:00:00.193	1.312821	1.312088	1.315751
00:00:00.193	1.312088	1.304029	1.312088
00:00:00.194	1.308425	1.276190	1.309158
00:00:00.194	1.306227	1.285714	1.312821
00:00:00.194	1.301832	1.285714	1.313553
00:00:00.199	1.311355	1.306227	1.330403
00:00:00.199	1.308425	1.304029	1.321612
00:00:00.199	1.313553	1.306960	1.312088
00:00:00.199	1.320879	1.301832	1.307692
00:00:00.199	1.316484	1.302564	1.309890
00:00:00.199	1.312821	1.305495	1.306227
00:00:00.199	1.311355	1.308425	1.312088
00:00:00.199	1.309158	1.314286	1.291575
00:00:00.199	1.306227	1.309890	1.283516
00:00:00.199	1.290110	1.309158	1.293773
00:00:00.199	1.280586	1.314286	1.309158
00:00:00.199	1.290110	1.312088	1.318681
00:00:00.199	1.312821	1.304762	1.263736
00:00:00.199	1.305495	1.301099	1.269597
00:00:00.201	1.312088	1.294505	1.320879
00:00:00.201	1.322344	1.306227	1.317216
00:00:00.201	1.318681	1.305495	1.328205
00:00:00.201	1.326740	1.308425	1.326007
00:00:00.201	1.303297	1.293040	1.304762
00:00:00.206	1.312088	1.310623	1.313553
00:00:00.206	1.304029	1.290842	1.287912
00:00:00.206	1.310623	1.297436	1.299634
00:00:00.206	1.300366	1.304029	1.282784
00:00:00.206	1.301832	1.308425	1.284982
00:00:00.206	1.304762	1.307692	1.282784
00:00:00.206	1.297436	1.301099	1.300366
00:00:00.206	1.310623	1.314286	1.304762
00:00:00.206	1.311355	1.311355	1.298901
00:00:00.206	1.316484	1.307692	1.323810
00:00:00.206	1.312088	1.307692	1.314286
00:00:00.206	1.317216	1.300366	1.306227
00:00:00.206	1.320879	1.301099	1.298168
00:00:00.206	1.312088	1.293040	1.301832
00:00:00.207	1.309890	1.293040	1.345055
00:00:00.207	1.309158	1.295971	1.327473
00:00:00.207	1.308425	1.297436	1.309158
00:00:00.239	1.304762	1.301832	1.307692
00:00:00.240	1.307692	1.299634	1.299634
00:00:00.240	1.306960	1.311355	1.293773
00:00:00.241	1.309158	1.316484	1.293773
00:00:00.241	1.297436	1.319414	1.293040
00:00:00.241	1.299634	1.328205	1.296703
00:00:00.242	1.302564	1.317949	1.289377
00:00:00.242	1.303297	1.310623	1.297436
00:00:00.242	1.313553	1.311355	1.298168
00:00:00.243	1.328205	1.315751	1.312821
00:00:00.243	1.342857	1.309158	1.306227
00:00:00.243	1.328938	1.305495	1.314286
00:00:00.244	1.314286	1.295971	1.310623
00:00:00.244	1.303297	1.299634	1.308425
00:00:00.244	1.291575	1.295238	1.312088
00:00:00.245	1.300366	1.298168	1.304029
00:00:00.245	1.300366	1.298168	1.301832
00:00:00.246	1.306227	1.307692	1.308425
00:00:00.246	1.301099	1.300366	1.290842
00:00:00.246	1.301832	1.303297	1.295971
00:00:00.247	1.306960	1.307692	1.289377
00:00:00.247	1.311355	1.306960	1.295238
00:00:00.247	1.305495	1.299634	1.286447
00:00:00.248	1.308425	1.306227	1.295971
00:00:00.248	1.308425	1.310623	1.299634
00:00:00.248	1.312088	1.313553	1.305495
00:00:00.249	1.309158	1.309158	1.306227
00:00:00.249	1.309890	1.304029	1.312088
00:00:00.249	1.312821	1.308425	1.314286
00:00:00.250	1.317216	1.316484	1.314286
00:00:00.250	1.310623	1.316484	1.311355
00:00:00.251	1.312821	1.303297	1.310623
00:00:00.251	1.306960	1.299634	1.313553
00:00:00.251	1.312088	1.309890	1.308425
00:00:00.252	1.312088	1.316484	1.306960
00:00:00.253	1.305495	1.300366	1.300366
00:00:00.253	1.300366	1.297436	1.296703
00:00:00.253	1.294505	1.288645	1.282784
00:00:00.253	1.295971	1.291575	1.293773
00:00:00.253	1.306227	1.302564	1.294505
00:00:00.254	1.312088	1.306227	1.298168
00:00:00.254	1.309890	1.296703	1.300366
00:00:00.254	1.312821	1.295971	1.303297
00:00:00.255	1.317949	1.309890	1.311355
00:00:00.255	1.320879	1.304029	1.316484
00:00:00.256	1.302564	1.292308	1.308425
00:00:00.256	1.317949	1.295238	1.312821
00:00:00.256	1.315018	1.276923	1.312821
00:00:00.257	1.311355	1.267399	1.315751
00:00:00.257	1.311355	1.275458	1.312088
00:00:00.289	1.304029	1.277656	1.295971
00:00:00.290	1.310623	1.307692	1.300366
00:00:00.291	1.299634	1.308425	1.287179
00:00:00.291	1.308425	1.320879	1.303297
00:00:00.292	1.301832	1.320147	1.294505
00:00:00.292	1.306960	1.334799	1.293040
00:00:00.292	1.306960	1.348718	1.301832
00:00:00.292	1.305495	1.372894	1.304762
00:00:00.292	1.317216	1.365568	1.294505
00:00:00.292	1.320147	1.331136	1.300366
00:00:00.294	1.320147	1.291575	1.309158
00:00:00.294	1.319414	1.266667	1.303297
00:00:00.294	1.329670	1.285714	1.316484
00:00:00.297	1.316484	1.279853	1.313553
00:00:00.297	1.284982	1.283516	1.309158
00:00:00.297	1.257143	1.295238	1.301832
00:00:00.297	1.294505	1.301832	1.306227
00:00:00.297	1.293040	1.297436	1.300366
00:00:00.297	1.306960	1.290110	1.293040
00:00:00.297	1.287179	1.272527	1.296703
00:00:00.297	1.310623	1.280586	1.297436
00:00:00.297	1.320147	1.309158	1.293040
00:00:00.297	1.313553	1.298168	1.292308
00:00:00.297	1.304762	1.298901	1.295238
00:00:00.302	1.305495	1.295971	1.300366
00:00:00.302	1.311355	1.296703	1.299634
00:00:00.302	1.303297	1.287912	1.300366
00:00:00.302	1.323077	1.320147	1.306227
00:00:00.302	1.317216	1.326740	1.307692
00:00:00.302	1.334799	1.327473	1.320147
00:00:00.302	1.338462	1.326740	1.309890
00:00:00.302	1.299634	1.338462	1.316484
00:00:00.302	1.299634	1.321612	1.309158
00:00:00.302	1.303297	1.314286	1.304029
00:00:00.302	1.305495	1.337729	1.306227
00:00:00.302	1.294505	1.328205	1.293773
00:00:00.302	1.304762	1.304762	1.300366
00:00:00.302	1.318681	1.290110	1.292308
00:00:00.303	1.332601	1.285714	1.289377
00:00:00.303	1.314286	1.282051	1.290110
00:00:00.304	1.302564	1.249817	1.287912
00:00:00.304	1.306960	1.268864	1.300366
00:00:00.305	1.308425	1.299634	1.304762
00:00:00.305	1.311355	1.334066	1.309158
00:00:00.305	1.300366	1.373626	1.309158
00:00:00.305	1.306227	1.367766	1.314286
00:00:00.306	1.320147	1.320879	1.317949
00:00:00.306	1.303297	1.271795	1.310623
00:00:00.306	1.306960	1.268132	1.317216
00:00:00.307	1.312088	1.270330	1.311355
00:00:00.339	1.303297	1.271795	1.300366
00:00:00.339	1.316484	1.311355	1.311355
00:00:00.340	1.312088	1.309158	1.304029
00:00:00.340	1.308425	1.283516	1.297436
00:00:00.340	1.298901	1.281319	1.294505
00:00:00.341	1.304762	1.287912	1.287179
00:00:00.341	1.315018	1.308425	1.297436
00:00:00.341	1.315018	1.339194	1.299634
00:00:00.342	1.309890	1.367766	1.304762
00:00:00.342	1.307692	1.331868	1.300366
00:00:00.343	1.313553	1.317216	1.306227
00:00:00.343	1.304762	1.301099	1.306227
00:00:00.343	1.297436	1.297436	1.306227
00:00:00.344	1.316484	1.315018	1.312088
00:00:00.344	1.320147	1.300366	1.314286
00:00:00.344	1.306227	1.289377	1.306960
00:00:00.345	1.307692	1.258608	1.308425
00:00:00.345	1.297436	1.227106	1.305495
00:00:00.345	1.306227	1.255678	1.304029
00:00:00.346	1.303297	1.280586	1.299634
00:00:00.346	1.309158	1.312821	1.298901
00:00:00.346	1.310623	1.318681	1.295238
00:00:00.347	1.307692	1.311355	1.298168
00:00:00.347	1.311355	1.306227	1.301099
00:00:00.348	1.315018	1.309158	1.298168
