timestamp	ch1	ch2	ch3
00:00:00.000	1.326007	1.452015	1.295238
00:00:00.001	1.310623	1.473260	1.306227
00:00:00.001	1.305495	1.371429	1.300366
00:00:00.001	1.297436	1.286447	1.300366
00:00:00.002	1.306227	1.222711	1.311355
00:00:00.002	1.313553	1.162637	1.309158
00:00:00.002	1.327473	1.145055	1.301832
00:00:00.003	1.320147	1.177289	1.307692
00:00:00.003	1.307692	1.191941	1.306960
00:00:00.004	1.306227	1.226374	1.310623
00:00:00.004	1.317949	1.292308	1.306960
00:00:00.004	1.336996	1.323810	1.299634
00:00:00.005	1.342857	1.356044	1.315751
00:00:00.005	1.316484	1.346520	1.305495
00:00:00.005	1.304762	1.337729	1.304029
00:00:00.006	1.305495	1.342125	1.298168
00:00:00.006	1.306227	1.339927	1.292308
00:00:00.006	1.305495	1.326740	1.305495
00:00:00.007	1.264469	1.321612	1.292308
00:00:00.007	1.259341	1.276190	1.279121
00:00:00.007	1.300366	1.260073	1.293773
00:00:00.008	1.325275	1.262271	1.302564
00:00:00.008	1.346520	1.268132	1.301832
00:00:00.009	1.358242	1.325275	1.311355
00:00:00.009	1.337729	1.348718	1.306960
00:00:00.041	1.295238	1.330403	1.310623
00:00:00.042	1.271062	1.328938	1.314286
00:00:00.042	1.257875	1.350183	1.315751
00:00:00.042	1.283516	1.364835	1.320147
00:00:00.043	1.332601	1.337729	1.299634
00:00:00.043	1.320147	1.314286	1.310623
00:00:00.043	1.320879	1.281319	1.309158
00:00:00.044	1.317216	1.268864	1.285714
00:00:00.044	1.315018	1.319414	1.300366
00:00:00.044	1.306960	1.324542	1.292308
00:00:00.046	1.302564	1.327473	1.298168
00:00:00.046	1.316484	1.362637	1.300366
00:00:00.046	1.315018	1.340659	1.292308
00:00:00.047	1.315018	1.327473	1.304762
00:00:00.047	1.305495	1.316484	1.306227
00:00:00.047	1.312088	1.316484	1.300366
00:00:00.047	1.327473	1.325275	1.317216
00:00:00.047	1.321612	1.301099	1.308425
00:00:00.048	1.318681	1.260806	1.305495
00:00:00.048	1.326007	1.284249	1.313553
00:00:00.048	1.327473	1.290842	1.300366
00:00:00.049	1.337729	1.308425	1.316484
00:00:00.049	1.317949	1.288645	1.305495
00:00:00.049	1.290842	1.255678	1.295971
00:00:00.050	1.282051	1.304762	1.300366
00:00:00.050	1.276190	1.328205	1.296703
00:00:00.050	1.288645	1.332601	1.303297
00:00:00.051	1.290842	1.306960	1.300366
00:00:00.051	1.295238	1.281319	1.295971
00:00:00.051	1.300366	1.271062	1.303297
00:00:00.052	1.300366	1.271062	1.305495
00:00:00.052	1.319414	1.267399	1.316484
00:00:00.053	1.308425	1.277656	1.314286
00:00:00.053	1.282051	1.284249	1.306960
00:00:00.053	1.296703	1.299634	1.312088
00:00:00.054	1.305495	1.304029	1.304762
00:00:00.054	1.314286	1.303297	1.315751
00:00:00.054	1.355311	1.305495	1.314286
00:00:00.055	1.378755	1.306227	1.296703
00:00:00.055	1.362637	1.332601	1.313553
00:00:00.055	1.311355	1.352381	1.300366
00:00:00.056	1.269597	1.351648	1.297436
00:00:00.056	1.273993	1.344322	1.297436
00:00:00.056	1.299634	1.344322	1.288645
00:00:00.057	1.328205	1.335531	1.299634
00:00:00.057	1.328205	1.340659	1.303297
00:00:00.058	1.317216	1.339194	1.293040
00:00:00.058	1.307692	1.313553	1.300366
00:00:00.058	1.303297	1.278388	1.309158
00:00:00.059	1.293773	1.260073	1.309158
00:00:00.091	1.304762	1.271795	1.320879
00:00:00.091	1.318681	1.271062	1.317949
00:00:00.092	1.317949	1.266667	1.306960
00:00:00.092	1.317949	1.251282	1.306960
00:00:00.092	1.320879	1.255678	1.306227
00:00:00.093	1.307692	1.290842	1.294505
00:00:00.093	1.318681	1.323810	1.304029
00:00:00.093	1.326007	1.315018	1.293773
00:00:00.094	1.306227	1.372894	1.303297
00:00:00.094	1.300366	1.391209	1.298168
00:00:00.094	1.304762	1.353114	1.290110
00:00:00.095	1.317949	1.342125	1.306960
00:00:00.095	1.318681	1.297436	1.300366
00:00:00.095	1.308425	1.269597	1.304762
00:00:00.096	1.316484	1.252747	1.308425
00:00:00.096	1.306227	1.235897	1.312821
00:00:00.097	1.290842	1.250549	1.296703
00:00:00.097	1.301099	1.312088	1.311355
00:00:00.097	1.303297	1.323810	1.315018
00:00:00.098	1.309890	1.313553	1.315018
00:00:00.098	1.309890	1.265934	1.308425
00:00:00.098	1.308425	1.242491	1.305495
00:00:00.099	1.313553	1.273260	1.300366
00:00:00.099	1.313553	1.319414	1.306960
00:00:00.099	1.312088	1.307692	1.288645
00:00:00.100	1.300366	1.315751	1.300366
00:00:00.100	1.243956	1.329670	1.297436
00:00:00.100	1.256410	1.336264	1.298168
00:00:00.101	1.295971	1.342857	1.290842
00:00:00.101	1.338462	1.369231	1.300366
00:00:00.102	1.361905	1.394139	1.307692
00:00:00.102	1.367033	1.393407	1.299634
00:00:00.102	1.339194	1.339927	1.309158
00:00:00.103	1.321612	1.301099	1.317949
00:00:00.103	1.285714	1.245421	1.314286
00:00:00.103	1.258608	1.215385	1.313553
00:00:00.104	1.296703	1.210256	1.315018
00:00:00.104	1.300366	1.216850	1.306227
00:00:00.104	1.306960	1.263736	1.300366
00:00:00.105	1.326740	1.353114	1.309890
00:00:00.105	1.320147	1.358242	1.298901
00:00:00.105	1.305495	1.346520	1.293040
00:00:00.106	1.301832	1.372894	1.290842
00:00:00.106	1.310623	1.333333	1.285714
00:00:00.107	1.318681	1.295238	1.296703
00:00:00.107	1.322344	1.268864	1.300366
00:00:00.107	1.312088	1.232967	1.295238
00:00:00.108	1.328205	1.269597	1.309158
00:00:00.108	1.294505	1.279853	1.295238
00:00:00.108	1.293040	1.250549	1.290842
00:00:00.142	1.297436	1.290110	1.309890
00:00:00.142	1.301832	1.318681	1.313553
00:00:00.142	1.309890	1.339194	1.300366
00:00:00.143	1.336996	1.350916	1.316484
00:00:00.143	1.314286	1.345055	1.315018
00:00:00.143	1.282051	1.326740	1.309890
00:00:00.143	1.295971	1.316484	1.298901
00:00:00.144	1.290842	1.290842	1.305495
00:00:00.144	1.299634	1.297436	1.309158
00:00:00.144	1.300366	1.271795	1.292308
00:00:00.144	1.292308	1.246886	1.284249
00:00:00.144	1.323810	1.276190	1.299634
00:00:00.145	1.317216	1.294505	1.299634
00:00:00.145	1.319414	1.295238	1.295238
00:00:00.148	1.306227	1.318681	1.308425
00:00:00.148	1.301832	1.335531	1.315751
00:00:00.148	1.304762	1.370696	1.309890
00:00:00.148	1.313553	1.387546	1.319414
00:00:00.148	1.268864	1.372894	1.315751
00:00:00.148	1.271795	1.417582	1.315751
00:00:00.148	1.274725	1.377289	1.317216
00:00:00.148	1.301832	1.367766	1.315751
00:00:00.148	1.332601	1.282784	1.310623
00:00:00.149	1.391209	1.225641	1.306960
00:00:00.149	1.411722	1.191941	1.291575
00:00:00.149	1.352381	1.112088	1.276923
00:00:00.150	1.317949	1.135531	1.276190
00:00:00.150	1.262271	1.201465	1.278388
00:00:00.151	1.296703	1.301832	1.291575
00:00:00.151	1.290842	1.341392	1.293773
00:00:00.151	1.268132	1.334799	1.297436
00:00:00.152	1.285714	1.343590	1.306960
00:00:00.152	1.291575	1.336996	1.312821
00:00:00.152	1.323077	1.327473	1.315018
00:00:00.153	1.337729	1.324542	1.314286
00:00:00.153	1.326007	1.317949	1.311355
00:00:00.153	1.293040	1.332601	1.328938
00:00:00.154	1.202930	1.317216	1.318681
00:00:00.154	1.194872	1.304762	1.300366
00:00:00.155	1.290110	1.316484	1.296703
00:00:00.155	1.390476	1.327473	1.300366
00:00:00.155	1.452015	1.339194	1.304762
00:00:00.156	1.444689	1.331868	1.300366
00:00:00.156	1.373626	1.329670	1.295238
00:00:00.156	1.290842	1.336996	1.295238
00:00:00.157	1.250549	1.347253	1.300366
00:00:00.157	1.247619	1.375824	1.304029
00:00:00.157	1.285714	1.345788	1.306227
00:00:00.158	1.308425	1.304762	1.300366
00:00:00.158	1.315751	1.275458	1.304029
00:00:00.190	1.322344	1.257875	1.316484
00:00:00.191	1.309890	1.236630	1.313553
00:00:00.191	1.299634	1.228571	1.320147
00:00:00.191	1.295238	1.249817	1.315018
00:00:00.192	1.294505	1.258608	1.293773
00:00:00.192	1.296703	1.304029	1.300366
00:00:00.192	1.276923	1.384615	1.301099
00:00:00.193	1.286447	1.416117	1.307692
00:00:00.193	1.307692	1.364103	1.304029
00:00:00.193	1.299634	1.282784	1.292308
00:00:00.194	1.313553	1.260806	1.296703
00:00:00.194	1.325275	1.253480	1.288645
00:00:00.195	1.338462	1.249084	1.298901
00:00:00.195	1.362637	1.245421	1.302564
00:00:00.195	1.329670	1.253480	1.298168
00:00:00.196	1.312088	1.306227	1.306960
00:00:00.196	1.313553	1.349451	1.308425
00:00:00.196	1.317949	1.346520	1.304762
00:00:00.197	1.326007	1.325275	1.310623
00:00:00.197	1.318681	1.302564	1.313553
00:00:00.197	1.313553	1.324542	1.315751
00:00:00.199	1.315018	1.327473	1.303297
00:00:00.199	1.291575	1.300366	1.296703
00:00:00.199	1.298901	1.316484	1.307692
00:00:00.199	1.279121	1.307692	1.306960
00:00:00.199	1.271795	1.306227	1.303297
00:00:00.200	1.275458	1.315751	1.293773
00:00:00.200	1.287912	1.300366	1.294505
00:00:00.200	1.331136	1.323077	1.300366
00:00:00.201	1.331868	1.331868	1.296703
00:00:00.201	1.323077	1.330403	1.298168
00:00:00.201	1.323077	1.339927	1.306227
00:00:00.202	1.306960	1.309890	1.300366
00:00:00.202	1.324542	1.268864	1.309890
00:00:00.202	1.309890	1.238828	1.300366
00:00:00.203	1.306960	1.267399	1.315751
00:00:00.203	1.298901	1.265934	1.312821
00:00:00.204	1.271062	1.276923	1.298168
00:00:00.204	1.285714	1.268132	1.317216
00:00:00.204	1.292308	1.270330	1.307692
00:00:00.205	1.296703	1.320879	1.298168
00:00:00.205	1.329670	1.345788	1.297436
00:00:00.205	1.361172	1.330403	1.290110
00:00:00.208	1.373626	1.321612	1.292308
00:00:00.208	1.365568	1.325275	1.295971
00:00:00.208	1.327473	1.335531	1.299634
00:00:00.208	1.267399	1.323810	1.302564
00:00:00.208	1.241026	1.284982	1.298168
00:00:00.208	1.279121	1.272527	1.298901
00:00:00.208	1.316484	1.315018	1.314286
00:00:00.241	1.345055	1.315018	1.315018
00:00:00.241	1.360440	1.304029	1.312088
00:00:00.241	1.350916	1.384615	1.315018
00:00:00.241	1.287912	1.350183	1.304762
00:00:00.241	1.253480	1.308425	1.308425
00:00:00.242	1.230037	1.299634	1.304029
00:00:00.245	1.255678	1.280586	1.298168
00:00:00.245	1.319414	1.249817	1.306227
00:00:00.245	1.335531	1.233700	1.300366
00:00:00.245	1.334066	1.256410	1.297436
00:00:00.245	1.330403	1.275458	1.298168
00:00:00.245	1.312821	1.323077	1.292308
00:00:00.245	1.310623	1.328938	1.306227
00:00:00.245	1.312088	1.330403	1.309158
00:00:00.245	1.314286	1.326740	1.316484
00:00:00.245	1.320879	1.284982	1.306960
00:00:00.246	1.314286	1.295971	1.303297
00:00:00.246	1.287912	1.318681	1.298901
00:00:00.246	1.301832	1.336264	1.314286
00:00:00.247	1.305495	1.341392	1.312821
00:00:00.247	1.306227	1.338462	1.313553
00:00:00.248	1.317216	1.275458	1.306960
00:00:00.248	1.313553	1.226374	1.302564
00:00:00.248	1.309890	1.238095	1.315018
00:00:00.249	1.308425	1.287179	1.307692
00:00:00.249	1.303297	1.320147	1.293773
00:00:00.249	1.312088	1.335531	1.295971
00:00:00.250	1.315018	1.350183	1.293040
00:00:00.251	1.314286	1.345055	1.297436
00:00:00.251	1.309158	1.377289	1.300366
00:00:00.251	1.314286	1.430037	1.307692
00:00:00.251	1.323810	1.419048	1.310623
00:00:00.251	1.331868	1.388278	1.309890
00:00:00.252	1.352381	1.308425	1.314286
00:00:00.252	1.358974	1.257875	1.318681
00:00:00.253	1.329670	1.203663	1.305495
00:00:00.253	1.301832	1.162637	1.309890
00:00:00.253	1.312821	1.153114	1.302564
00:00:00.254	1.285714	1.142125	1.290842
00:00:00.254	1.282784	1.249084	1.305495
00:00:00.254	1.257143	1.306227	1.297436
00:00:00.255	1.257143	1.354579	1.300366
00:00:00.255	1.260806	1.378022	1.297436
00:00:00.255	1.250549	1.364835	1.287912
00:00:00.256	1.287179	1.367033	1.295971
00:00:00.256	1.327473	1.359707	1.294505
00:00:00.256	1.328938	1.336264	1.288645
00:00:00.257	1.364103	1.323077	1.301099
00:00:00.257	1.361172	1.308425	1.306227
00:00:00.258	1.310623	1.263736	1.303297
00:00:00.290	1.303297	1.279121	1.304762
00:00:00.290	1.282051	1.296703	1.312821
00:00:00.290	1.304029	1.292308	1.314286
00:00:00.291	1.328205	1.297436	1.316484
00:00:00.291	1.307692	1.295971	1.312821
00:00:00.291	1.287912	1.317216	1.312821
00:00:00.292	1.354579	1.339194	1.322344
00:00:00.292	1.412454	1.343590	1.315751
00:00:00.293	1.400000	1.315751	1.304762
00:00:00.293	1.353114	1.304029	1.298168
00:00:00.293	1.271795	1.305495	1.295971
00:00:00.294	1.232234	1.315018	1.288645
00:00:00.294	1.240293	1.320147	1.300366
00:00:00.294	1.261538	1.315751	1.310623
00:00:00.295	1.295238	1.304762	1.300366
00:00:00.295	1.306960	1.301099	1.302564
00:00:00.295	1.320147	1.334066	1.306960
00:00:00.296	1.318681	1.384615	1.304029
00:00:00.296	1.314286	1.374359	1.315018
00:00:00.297	1.320147	1.358974	1.316484
00:00:00.297	1.309158	1.302564	1.314286
00:00:00.297	1.288645	1.228571	1.308425
00:00:00.298	1.273993	1.196337	1.299634
00:00:00.298	1.286447	1.175824	1.297436
00:00:00.298	1.326007	1.229304	1.292308
00:00:00.299	1.361172	1.297436	1.295971
00:00:00.299	1.383150	1.347985	1.300366
00:00:00.299	1.372161	1.352381	1.298168
00:00:00.300	1.317949	1.328938	1.298168
00:00:00.300	1.282051	1.296703	1.296703
00:00:00.300	1.257143	1.302564	1.295238
00:00:00.301	1.280586	1.326007	1.308425
00:00:00.301	1.299634	1.312088	1.306227
00:00:00.302	1.297436	1.268864	1.307692
00:00:00.302	1.309890	1.247619	1.310623
00:00:00.303	1.316484	1.265934	1.315751
00:00:00.303	1.304029	1.290110	1.312088
00:00:00.305	1.294505	1.297436	1.311355
00:00:00.305	1.306227	1.317949	1.318681
00:00:00.305	1.315751	1.352381	1.314286
00:00:00.305	1.310623	1.365568	1.306227
00:00:00.305	1.309158	1.341392	1.293040
00:00:00.305	1.326007	1.317949	1.287912
00:00:00.305	1.332601	1.317949	1.298901
00:00:00.305	1.336996	1.308425	1.300366
00:00:00.306	1.336996	1.298168	1.291575
00:00:00.309	1.341392	1.298901	1.285714
00:00:00.309	1.313553	1.314286	1.296703
00:00:00.309	1.266667	1.320879	1.309158
00:00:00.309	1.275458	1.320147	1.318681
00:00:00.341	1.285714	1.337729	1.312821
00:00:00.341	1.282051	1.346520	1.312088
00:00:00.341	1.316484	1.325275	1.308425
00:00:00.341	1.313553	1.305495	1.309158
00:00:00.341	1.307692	1.270330	1.314286
00:00:00.341	1.308425	1.264469	1.309158
00:00:00.342	1.309890	1.283516	1.300366
00:00:00.342	1.327473	1.307692	1.300366
00:00:00.342	1.311355	1.309158	1.303297
00:00:00.343	1.319414	1.345055	1.300366
00:00:00.343	1.312821	1.358974	1.300366
00:00:00.343	1.304762	1.349451	1.293773
00:00:00.344	1.298901	1.328205	1.291575
00:00:00.344	1.324542	1.281319	1.306960
00:00:00.344	1.298168	1.235165	1.293773
00:00:00.345	1.312088	1.250549	1.305495
00:00:00.345	1.304762	1.300366	1.300366
00:00:00.346	1.304762	1.268864	1.299634
00:00:00.346	1.309890	1.257875	1.309890
00:00:00.346	1.290110	1.263736	1.311355
00:00:00.347	1.300366	1.274725	1.308425
00:00:00.347	1.313553	1.277656	1.315751
00:00:00.347	1.300366	1.286447	1.307692
00:00:00.348	1.301099	1.282784	1.305495
00:00:00.348	1.306227	1.289377	1.301832
00:00:00.348	1.302564	1.318681	1.294505
00:00:00.349	1.292308	1.331136	1.293773
00:00:00.349	1.291575	1.342857	1.291575
00:00:00.349	1.278388	1.355311	1.300366
00:00:00.350	1.299634	1.350183	1.300366
00:00:00.350	1.383883	1.336996	1.298901
00:00:00.351	1.378755	1.323810	1.308425
00:00:00.351	1.331136	1.323077	1.315018
00:00:00.351	1.276190	1.323810	1.316484
00:00:00.352	1.326740	1.315751	1.303297
00:00:00.352	1.438095	1.307692	1.313553
00:00:00.352	1.279853	1.297436	1.343590
00:00:00.353	1.221978	1.288645	1.350183
00:00:00.353	1.191941	1.282784	1.350916
00:00:00.353	1.257875	1.276923	1.304762
00:00:00.354	1.346520	1.284982	1.296703
00:00:00.354	1.320879	1.314286	1.284982
00:00:00.355	1.257875	1.345788	1.276923
00:00:00.355	1.266667	1.355311	1.242491
00:00:00.355	1.390476	1.352381	1.242491
00:00:00.356	1.386813	1.332601	1.259341
00:00:00.356	1.515751	1.336996	1.283516
00:00:00.356	1.293773	1.294505	1.306227
00:00:00.357	1.228571	1.268864	1.284982
00:00:00.357	1.213187	1.277656	1.287912
00:00:00.389	1.260806	1.260073	1.293773
00:00:00.390	1.358242	1.279121	1.315751
00:00:00.390	1.509158	1.307692	1.333333
00:00:00.390	1.362637	1.292308	1.352381
00:00:00.391	1.262271	1.293773	1.346520
00:00:00.391	1.230769	1.297436	1.339194
00:00:00.391	1.237363	1.303297	1.315751
00:00:00.392	1.269597	1.339927	1.312821
00:00:00.392	1.262271	1.345788	1.315751
00:00:00.392	1.232967	1.326007	1.312821
00:00:00.393	1.279853	1.306227	1.307692
00:00:00.393	1.287179	1.302564	1.287912
00:00:00.393	1.375824	1.292308	1.286447
00:00:00.394	1.337729	1.266667	1.311355
00:00:00.394	1.316484	1.249817	1.295238
00:00:00.395	1.323077	1.265201	1.292308
00:00:00.395	1.399267	1.315751	1.310623
00:00:00.395	1.454945	1.301099	1.323077
00:00:00.396	1.404396	1.293773	1.367033
00:00:00.400	1.338462	1.306227	1.431502
00:00:00.400	1.337729	1.295971	1.391941
00:00:00.400	1.357509	1.293040	1.266667
00:00:00.400	1.224176	1.325275	1.197070
00:00:00.400	1.194139	1.366300	1.212454
00:00:00.400	1.212454	1.345055	1.257143
00:00:00.400	1.302564	1.334066	1.315018
00:00:00.400	1.320147	1.315018	1.271795
00:00:00.400	1.247619	1.306960	1.260073
00:00:00.400	1.246154	1.334066	1.333333
00:00:00.400	1.339927	1.357509	1.349451
00:00:00.400	1.369231	1.332601	1.321612
00:00:00.400	1.325275	1.286447	1.296703
00:00:00.404	1.312821	1.251282	1.299634
00:00:00.404	1.320147	1.255678	1.334066
00:00:00.404	1.315018	1.278388	1.328205
00:00:00.404	1.302564	1.309890	1.284982
00:00:00.404	1.296703	1.347985	1.256410
00:00:00.404	1.290110	1.342857	1.289377
00:00:00.404	1.250549	1.306960	1.289377
00:00:00.404	1.291575	1.282051	1.328205
00:00:00.404	1.276923	1.263004	1.306227
00:00:00.404	1.314286	1.269597	1.266667
00:00:00.404	1.362637	1.290842	1.287912
00:00:00.405	1.333333	1.286447	1.303297
00:00:00.405	1.327473	1.306960	1.300366
00:00:00.405	1.309158	1.302564	1.299634
00:00:00.406	1.265201	1.268132	1.312821
00:00:00.406	1.276923	1.232967	1.311355
00:00:00.406	1.279853	1.242491	1.309158
00:00:00.407	1.311355	1.320879	1.304762
00:00:00.439	1.331868	1.354579	1.297436
00:00:00.439	1.356044	1.365568	1.332601
00:00:00.440	1.344322	1.361172	1.358974
00:00:00.440	1.331868	1.343590	1.333333
00:00:00.440	1.320879	1.334799	1.323810
00:00:00.441	1.325275	1.276923	1.309890
00:00:00.441	1.322344	1.270330	1.299634
00:00:00.441	1.320147	1.262271	1.298168
00:00:00.442	1.306960	1.271062	1.292308
00:00:00.442	1.293040	1.277656	1.289377
00:00:00.442	1.295971	1.299634	1.298168
00:00:00.443	1.273993	1.317949	1.290842
00:00:00.443	1.303297	1.354579	1.292308
00:00:00.444	1.322344	1.367033	1.296703
00:00:00.444	1.323810	1.357509	1.302564
00:00:00.444	1.328938	1.346520	1.306960
00:00:00.445	1.323810	1.332601	1.306960
00:00:00.445	1.315018	1.332601	1.303297
00:00:00.445	1.312821	1.321612	1.309890
00:00:00.446	1.316484	1.315018	1.320879
00:00:00.446	1.305495	1.344322	1.311355
00:00:00.446	1.311355	1.397802	1.313553
00:00:00.447	1.311355	1.414652	1.304029
00:00:00.447	1.305495	1.320879	1.308425
00:00:00.447	1.314286	1.264469	1.305495
00:00:00.448	1.307692	1.222711	1.293040
00:00:00.448	1.312088	1.227106	1.305495
00:00:00.449	1.307692	1.268132	1.306960
00:00:00.449	1.306227	1.320147	1.298901
00:00:00.449	1.290110	1.304762	1.281319
00:00:00.450	1.301099	1.309158	1.287179
00:00:00.450	1.301832	1.297436	1.296703
00:00:00.450	1.316484	1.295971	1.300366
00:00:00.451	1.320147	1.287179	1.300366
00:00:00.451	1.319414	1.264469	1.306227
00:00:00.451	1.314286	1.179487	1.293040
00:00:00.452	1.300366	1.173626	1.300366
00:00:00.452	1.304762	1.240293	1.315751
00:00:00.452	1.311355	1.297436	1.313553
00:00:00.453	1.302564	1.315018	1.311355
00:00:00.453	1.315751	1.308425	1.312088
00:00:00.454	1.312088	1.290842	1.295238
00:00:00.454	1.312088	1.280586	1.299634
00:00:00.454	1.318681	1.311355	1.300366
00:00:00.455	1.309890	1.334799	1.288645
00:00:00.455	1.316484	1.360440	1.304029
00:00:00.455	1.313553	1.349451	1.304762
00:00:00.456	1.303297	1.332601	1.304029
00:00:00.456	1.306960	1.359707	1.306227
00:00:00.456	1.314286	1.385348	1.309158
00:00:00.489	1.312088	1.402198	1.313553
00:00:00.489	1.312088	1.527473	1.342857
00:00:00.489	1.305495	1.502564	1.331868
00:00:00.490	1.310623	1.360440	1.320147
00:00:00.490	1.310623	1.246886	1.323810
00:00:00.490	1.304762	1.167766	1.318681
00:00:00.491	1.310623	1.132601	1.312088
00:00:00.491	1.310623	1.156777	1.300366
00:00:00.491	1.309158	1.192674	1.284249
00:00:00.492	1.304762	1.172161	1.273993
00:00:00.492	1.295238	1.192674	1.271062
00:00:00.493	1.302564	1.204396	1.273993
00:00:00.494	1.306960	1.272527	1.266667
00:00:00.494	1.306227	1.346520	1.291575
00:00:00.494	1.323077	1.383883	1.295238
00:00:00.494	1.304762	1.408059	1.289377
00:00:00.494	1.314286	1.431502	1.312821
00:00:00.497	1.310623	1.367033	1.306960
00:00:00.497	1.312088	1.276190	1.308425
00:00:00.497	1.314286	1.257143	1.315751
00:00:00.497	1.309890	1.243956	1.321612
00:00:00.497	1.310623	1.254945	1.328938
00:00:00.497	1.306227	1.279853	1.317216
00:00:00.497	1.311355	1.326740	1.316484
00:00:00.497	1.310623	1.382418	1.310623
00:00:00.501	1.311355	1.372894	1.305495
00:00:00.501	1.323077	1.341392	1.305495
00:00:00.501	1.313553	1.294505	1.289377
00:00:00.501	1.314286	1.320147	1.298168
00:00:00.501	1.314286	1.338462	1.296703
00:00:00.501	1.298901	1.306960	1.282051
00:00:00.501	1.313553	1.391209	1.302564
00:00:00.501	1.309158	1.454945	1.308425
00:00:00.501	1.317949	1.435897	1.311355
00:00:00.501	1.323077	1.386081	1.317949
00:00:00.502	1.306227	1.235897	1.306227
00:00:00.502	1.308425	1.162637	1.314286
00:00:00.502	1.309158	1.194139	1.309158
00:00:00.502	1.310623	1.229304	1.309158
00:00:00.503	1.303297	1.207326	1.307692
00:00:00.503	1.293773	1.219780	1.300366
00:00:00.503	1.297436	1.263736	1.305495
00:00:00.504	1.306960	1.456410	1.308425
00:00:00.504	1.304762	1.478388	1.298168
00:00:00.504	1.317949	1.327473	1.307692
00:00:00.505	1.316484	1.194139	1.300366
00:00:00.505	1.302564	1.167766	1.287912
00:00:00.505	1.317216	1.252747	1.292308
00:00:00.506	1.312088	1.237363	1.280586
00:00:00.506	1.309890	1.180220	1.280586
00:00:00.538	1.311355	1.224176	1.296703
00:00:00.539	1.302564	1.295238	1.302564
00:00:00.539	1.301099	1.347985	1.314286
00:00:00.539	1.305495	1.358974	1.315018
00:00:00.540	1.310623	1.352381	1.307692
00:00:00.540	1.309158	1.347253	1.313553
00:00:00.540	1.311355	1.353114	1.312821
00:00:00.541	1.304029	1.350183	1.307692
00:00:00.541	1.303297	1.353846	1.304029
00:00:00.542	1.312088	1.342857	1.309158
00:00:00.542	1.319414	1.316484	1.301832
00:00:00.542	1.323810	1.317216	1.302564
00:00:00.543	1.317216	1.328938	1.302564
00:00:00.544	1.308425	1.340659	1.293773
00:00:00.544	1.315751	1.356044	1.296703
00:00:00.544	1.307692	1.356044	1.295971
00:00:00.544	1.306960	1.349451	1.309158
00:00:00.544	1.308425	1.326007	1.304029
00:00:00.545	1.319414	1.305495	1.313553
00:00:00.545	1.315018	1.290842	1.306960
00:00:00.545	1.307692	1.273993	1.303297
00:00:00.546	1.309158	1.269597	1.305495
00:00:00.546	1.304762	1.276923	1.304762
00:00:00.547	1.306960	1.268864	1.292308
00:00:00.547	1.310623	1.321612	1.312821
00:00:00.547	1.309890	1.337729	1.306227
00:00:00.548	1.301099	1.331136	1.295971
00:00:00.548	1.312088	1.312821	1.300366
00:00:00.548	1.296703	1.276190	1.297436
00:00:00.549	1.315018	1.296703	1.303297
00:00:00.549	1.316484	1.309890	1.298901
00:00:00.549	1.300366	1.281319	1.300366
00:00:00.550	1.317949	1.284249	1.302564
00:00:00.550	1.312821	1.284249	1.291575
00:00:00.550	1.316484	1.314286	1.313553
00:00:00.551	1.312088	1.323810	1.303297
00:00:00.551	1.295238	1.306227	1.309158
00:00:00.552	1.304762	1.284982	1.309890
00:00:00.552	1.302564	1.280586	1.294505
00:00:00.552	1.310623	1.312821	1.313553
00:00:00.553	1.308425	1.299634	1.312088
00:00:00.553	1.301099	1.298901	1.312088
00:00:00.553	1.315751	1.302564	1.311355
00:00:00.554	1.304762	1.299634	1.299634
00:00:00.554	1.313553	1.328938	1.295971
00:00:00.554	1.316484	1.318681	1.297436
00:00:00.555	1.312088	1.285714	1.283516
00:00:00.555	1.310623	1.303297	1.298168
00:00:00.555	1.315751	1.297436	1.296703
00:00:00.556	1.304762	1.289377	1.293040
00:00:00.588	1.310623	1.304762	1.306227
00:00:00.588	1.309158	1.302564	1.292308
00:00:00.589	1.315018	1.317216	1.316484
00:00:00.590	1.312821	1.312821	1.312821
00:00:00.590	1.310623	1.299634	1.310623
00:00:00.591	1.309158	1.290842	1.306227
00:00:00.591	1.303297	1.291575	1.306960
00:00:00.591	1.304762	1.304762	1.305495
00:00:00.591	1.310623	1.320879	1.306960
00:00:00.591	1.307692	1.304762	1.295971
00:00:00.593	1.306960	1.316484	1.298901
00:00:00.593	1.315018	1.319414	1.303297
00:00:00.593	1.311355	1.307692	1.288645
00:00:00.593	1.315751	1.315751	1.288645
00:00:00.593	1.310623	1.321612	1.292308
00:00:00.593	1.306227	1.318681	1.300366
00:00:00.597	1.309890	1.312088	1.300366
00:00:00.597	1.316484	1.315751	1.309890
00:00:00.597	1.312088	1.299634	1.315751
00:00:00.597	1.307692	1.274725	1.315751
00:00:00.597	1.312821	1.275458	1.318681
00:00:00.597	1.314286	1.271062	1.321612
00:00:00.597	1.302564	1.269597	1.304762
00:00:00.597	1.312821	1.329670	1.311355
00:00:00.597	1.308425	1.353114	1.304762
00:00:00.597	1.302564	1.355311	1.299634
00:00:00.597	1.313553	1.323077	1.300366
00:00:00.598	1.308425	1.298168	1.288645
00:00:00.598	1.314286	1.295238	1.298168
00:00:00.598	1.308425	1.273993	1.288645
00:00:00.599	1.313553	1.251282	1.295971
00:00:00.599	1.315018	1.268864	1.297436
00:00:00.600	1.312088	1.296703	1.298168
00:00:00.600	1.317949	1.297436	1.313553
00:00:00.600	1.312088	1.312821	1.303297
00:00:00.601	1.309890	1.333333	1.311355
00:00:00.601	1.311355	1.339927	1.312088
00:00:00.601	1.302564	1.350916	1.309890
00:00:00.602	1.312088	1.361905	1.319414
00:00:00.602	1.308425	1.287912	1.312088
00:00:00.602	1.309158	1.255678	1.308425
00:00:00.603	1.306960	1.219780	1.298168
00:00:00.603	1.304029	1.227106	1.296703
00:00:00.603	1.319414	1.295971	1.298168
00:00:00.604	1.314286	1.319414	1.289377
00:00:00.604	1.297436	1.333333	1.281319
00:00:00.605	1.319414	1.348718	1.300366
00:00:00.605	1.311355	1.298901	1.297436
00:00:00.605	1.319414	1.287179	1.303297
00:00:00.606	1.313553	1.312088	1.303297
00:00:00.638	1.315018	1.389011	1.312821
00:00:00.638	1.310623	1.397070	1.306960
00:00:00.638	1.305495	1.355311	1.297436
00:00:00.639	1.310623	1.331868	1.316484
00:00:00.639	1.306227	1.265934	1.295971
00:00:00.640	1.309890	1.243223	1.310623
00:00:00.640	1.314286	1.238828	1.315751
00:00:00.640	1.307692	1.247619	1.310623
00:00:00.641	1.306227	1.249817	1.300366
00:00:00.641	1.304762	1.276923	1.290842
00:00:00.641	1.310623	1.318681	1.300366
00:00:00.642	1.313553	1.326007	1.300366
00:00:00.642	1.308425	1.342125	1.299634
00:00:00.642	1.312088	1.347253	1.301832
00:00:00.643	1.315751	1.337729	1.299634
00:00:00.643	1.304029	1.317949	1.298901
00:00:00.644	1.315018	1.317949	1.304762
00:00:00.644	1.314286	1.328938	1.301832
00:00:00.644	1.312088	1.338462	1.315751
00:00:00.645	1.311355	1.334066	1.309158
00:00:00.645	1.314286	1.360440	1.320147
00:00:00.645	1.314286	1.367766	1.320879
00:00:00.646	1.312088	1.350183	1.323077
00:00:00.646	1.312088	1.357509	1.320879
00:00:00.646	1.312088	1.323810	1.309158
