timestamp	ch1	ch2	ch3
00:00:00.000	1.307692	1.308425	1.297436
00:00:00.000	1.312088	1.303297	1.302564
00:00:00.000	1.298901	1.288645	1.300366
00:00:00.001	1.312821	1.296703	1.310623
00:00:00.001	1.317949	1.306960	1.311355
00:00:00.001	1.308425	1.310623	1.298168
00:00:00.002	1.312088	1.331868	1.309890
00:00:00.002	1.309158	1.351648	1.299634
00:00:00.002	1.316484	1.333333	1.314286
00:00:00.003	1.310623	1.303297	1.310623
00:00:00.003	1.305495	1.274725	1.303297
00:00:00.003	1.302564	1.273260	1.304029
00:00:00.004	1.309890	1.285714	1.308425
00:00:00.004	1.300366	1.293040	1.298901
00:00:00.005	1.312821	1.312821	1.305495
00:00:00.005	1.319414	1.315018	1.306960
00:00:00.005	1.315018	1.308425	1.295971
00:00:00.006	1.306227	1.304029	1.289377
00:00:00.006	1.309158	1.312821	1.295238
00:00:00.006	1.306227	1.284982	1.296703
00:00:00.008	1.313553	1.290842	1.311355
00:00:00.008	1.307692	1.269597	1.294505
00:00:00.008	1.306960	1.282784	1.306227
00:00:00.008	1.310623	1.297436	1.315018
00:00:00.008	1.312088	1.297436	1.306227
00:00:00.009	1.308425	1.306227	1.311355
00:00:00.010	1.305495	1.312821	1.306960
00:00:00.010	1.306227	1.323077	1.307692
00:00:00.010	1.302564	1.321612	1.305495
00:00:00.010	1.311355	1.323810	1.304762
00:00:00.010	1.309890	1.313553	1.300366
00:00:00.012	1.313553	1.292308	1.295238
00:00:00.012	1.320147	1.301832	1.302564
00:00:00.012	1.309890	1.298901	1.300366
00:00:00.012	1.303297	1.292308	1.298168
00:00:00.012	1.308425	1.312821	1.303297
00:00:00.012	1.306227	1.320879	1.304029
00:00:00.015	1.296703	1.304762	1.302564
00:00:00.015	1.309890	1.306960	1.308425
00:00:00.015	1.304762	1.301099	1.304762
00:00:00.015	1.298901	1.295971	1.295238
00:00:00.015	1.306960	1.303297	1.309158
00:00:00.015	1.309890	1.295238	1.303297
00:00:00.015	1.313553	1.300366	1.306960
00:00:00.017	1.306960	1.307692	1.305495
00:00:00.017	1.314286	1.317949	1.304029
00:00:00.017	1.315751	1.315018	1.299634
00:00:00.017	1.307692	1.309890	1.299634
00:00:00.017	1.310623	1.309158	1.300366
00:00:00.017	1.312088	1.302564	1.302564
00:00:00.049	1.318681	1.311355	1.300366
00:00:00.050	1.308425	1.307692	1.300366
00:00:00.050	1.310623	1.308425	1.304762
00:00:00.050	1.306227	1.309158	1.306960
00:00:00.051	1.306960	1.321612	1.302564
00:00:00.051	1.304762	1.323810	1.306227
00:00:00.051	1.300366	1.301832	1.300366
00:00:00.052	1.307692	1.297436	1.309890
00:00:00.052	1.298168	1.284982	1.304762
00:00:00.053	1.308425	1.285714	1.310623
00:00:00.053	1.306227	1.278388	1.296703
00:00:00.053	1.301832	1.277656	1.302564
00:00:00.054	1.308425	1.287179	1.297436
00:00:00.054	1.308425	1.291575	1.296703
00:00:00.054	1.309158	1.294505	1.300366
00:00:00.055	1.309158	1.301832	1.296703
00:00:00.055	1.313553	1.319414	1.301832
00:00:00.055	1.309158	1.323810	1.303297
00:00:00.056	1.309890	1.323077	1.306227
00:00:00.056	1.305495	1.325275	1.304029
00:00:00.056	1.317949	1.318681	1.306227
00:00:00.057	1.310623	1.312821	1.305495
00:00:00.057	1.307692	1.310623	1.312821
00:00:00.058	1.307692	1.300366	1.313553
00:00:00.058	1.297436	1.294505	1.313553
00:00:00.058	1.312088	1.300366	1.319414
00:00:00.059	1.309890	1.297436	1.304762
00:00:00.059	1.309158	1.305495	1.308425
00:00:00.059	1.312821	1.320147	1.303297
00:00:00.060	1.312088	1.322344	1.300366
00:00:00.060	1.314286	1.320147	1.306960
00:00:00.060	1.311355	1.305495	1.300366
00:00:00.061	1.311355	1.289377	1.295238
00:00:00.061	1.300366	1.285714	1.298168
00:00:00.061	1.302564	1.278388	1.287179
00:00:00.062	1.317216	1.292308	1.306227
00:00:00.062	1.310623	1.296703	1.300366
00:00:00.063	1.306960	1.279121	1.295238
00:00:00.063	1.306227	1.287912	1.301832
00:00:00.063	1.307692	1.303297	1.300366
00:00:00.064	1.293040	1.299634	1.302564
00:00:00.064	1.306960	1.309890	1.309890
00:00:00.064	1.309158	1.316484	1.305495
00:00:00.065	1.304762	1.312821	1.297436
00:00:00.065	1.313553	1.314286	1.310623
00:00:00.065	1.312821	1.306960	1.297436
00:00:00.066	1.298901	1.300366	1.295238
00:00:00.066	1.313553	1.308425	1.306227
00:00:00.066	1.310623	1.306960	1.299634
00:00:00.067	1.309158	1.317216	1.304029
00:00:00.100	1.305495	1.307692	1.310623
00:00:00.100	1.304029	1.303297	1.288645
00:00:00.100	1.303297	1.316484	1.303297
00:00:00.100	1.322344	1.307692	1.302564
00:00:00.100	1.324542	1.293773	1.307692
00:00:00.101	1.306960	1.290110	1.304762
00:00:00.101	1.312088	1.287912	1.308425
00:00:00.102	1.312088	1.298901	1.312821
00:00:00.102	1.309158	1.298901	1.305495
00:00:00.102	1.308425	1.298168	1.309890
00:00:00.103	1.307692	1.295238	1.308425
00:00:00.103	1.309890	1.302564	1.304762
00:00:00.103	1.306960	1.306227	1.304029
00:00:00.104	1.315751	1.308425	1.309890
00:00:00.104	1.312088	1.320147	1.305495
00:00:00.104	1.311355	1.315018	1.304762
00:00:00.108	1.315018	1.321612	1.302564
00:00:00.108	1.301832	1.343590	1.296703
00:00:00.108	1.317949	1.364103	1.298901
00:00:00.108	1.309158	1.337729	1.293773
00:00:00.108	1.312088	1.320147	1.303297
00:00:00.108	1.315018	1.295971	1.309890
00:00:00.108	1.308425	1.278388	1.312088
00:00:00.108	1.298901	1.276923	1.308425
00:00:00.108	1.301099	1.279853	1.300366
00:00:00.108	1.315018	1.281319	1.297436
00:00:00.108	1.313553	1.271062	1.308425
00:00:00.111	1.303297	1.241026	1.292308
00:00:00.111	1.306960	1.249817	1.294505
00:00:00.111	1.303297	1.278388	1.300366
00:00:00.111	1.296703	1.303297	1.303297
00:00:00.111	1.297436	1.312088	1.290842
00:00:00.111	1.306227	1.337729	1.295971
00:00:00.111	1.315018	1.350916	1.302564
00:00:00.111	1.303297	1.317216	1.291575
00:00:00.112	1.306960	1.320147	1.292308
00:00:00.112	1.305495	1.324542	1.298901
00:00:00.113	1.304029	1.318681	1.295971
00:00:00.113	1.315018	1.309158	1.303297
00:00:00.113	1.309890	1.294505	1.295238
00:00:00.113	1.300366	1.290842	1.306960
00:00:00.114	1.306227	1.307692	1.312088
00:00:00.114	1.311355	1.311355	1.309890
00:00:00.114	1.312088	1.304029	1.308425
00:00:00.115	1.295238	1.273260	1.295238
00:00:00.115	1.300366	1.290110	1.305495
00:00:00.115	1.308425	1.296703	1.300366
00:00:00.116	1.312821	1.302564	1.301832
00:00:00.116	1.320147	1.314286	1.300366
00:00:00.117	1.314286	1.317949	1.304029
00:00:00.149	1.309158	1.297436	1.300366
00:00:00.149	1.310623	1.290842	1.300366
00:00:00.149	1.311355	1.302564	1.299634
00:00:00.150	1.312088	1.293773	1.290842
00:00:00.150	1.304762	1.298168	1.308425
00:00:00.151	1.309158	1.294505	1.308425
00:00:00.151	1.309890	1.297436	1.309158
00:00:00.152	1.309890	1.293040	1.305495
00:00:00.152	1.306227	1.282051	1.311355
00:00:00.152	1.310623	1.299634	1.308425
00:00:00.152	1.301832	1.308425	1.309890
00:00:00.153	1.315018	1.315751	1.308425
00:00:00.153	1.310623	1.306960	1.290842
00:00:00.153	1.302564	1.295971	1.287912
00:00:00.154	1.308425	1.308425	1.300366
00:00:00.154	1.316484	1.305495	1.294505
00:00:00.154	1.312821	1.314286	1.299634
00:00:00.155	1.314286	1.315751	1.296703
00:00:00.155	1.309890	1.334799	1.308425
00:00:00.156	1.315018	1.352381	1.302564
00:00:00.156	1.302564	1.328938	1.301832
00:00:00.156	1.315018	1.310623	1.313553
00:00:00.157	1.309158	1.296703	1.306960
00:00:00.157	1.300366	1.295238	1.313553
00:00:00.157	1.307692	1.292308	1.315018
00:00:00.158	1.303297	1.281319	1.298168
00:00:00.158	1.311355	1.287912	1.313553
00:00:00.158	1.306960	1.283516	1.303297
00:00:00.159	1.303297	1.304762	1.300366
00:00:00.159	1.315018	1.321612	1.304029
00:00:00.159	1.312088	1.315018	1.296703
00:00:00.160	1.312088	1.309158	1.292308
00:00:00.160	1.315751	1.311355	1.298901
00:00:00.161	1.309158	1.306960	1.298901
00:00:00.161	1.315751	1.298168	1.300366
00:00:00.161	1.310623	1.296703	1.298168
00:00:00.162	1.317216	1.302564	1.302564
00:00:00.162	1.309158	1.297436	1.303297
00:00:00.162	1.301832	1.289377	1.293040
00:00:00.163	1.298168	1.295238	1.304029
00:00:00.163	1.304762	1.296703	1.308425
00:00:00.163	1.301832	1.297436	1.306960
00:00:00.164	1.315751	1.309890	1.312821
00:00:00.164	1.310623	1.306960	1.304029
00:00:00.164	1.309158	1.302564	1.309890
00:00:00.165	1.313553	1.304029	1.308425
00:00:00.165	1.311355	1.305495	1.301832
00:00:00.166	1.302564	1.307692	1.299634
00:00:00.166	1.309158	1.304762	1.297436
00:00:00.166	1.315018	1.311355	1.306227
00:00:00.198	1.305495	1.294505	1.285714
00:00:00.199	1.310623	1.311355	1.300366
00:00:00.199	1.312088	1.313553	1.306227
00:00:00.200	1.320147	1.317216	1.308425
00:00:00.200	1.308425	1.330403	1.307692
00:00:00.200	1.317216	1.342125	1.304029
00:00:00.202	1.313553	1.312821	1.310623
00:00:00.202	1.307692	1.295971	1.312821
00:00:00.202	1.298901	1.284982	1.307692
00:00:00.202	1.304762	1.293773	1.305495
00:00:00.202	1.299634	1.292308	1.296703
00:00:00.202	1.304762	1.309158	1.309158
00:00:00.204	1.304762	1.296703	1.304029
00:00:00.204	1.309158	1.277656	1.295971
00:00:00.204	1.302564	1.284249	1.282784
00:00:00.204	1.306960	1.293773	1.279853
00:00:00.204	1.313553	1.300366	1.293040
00:00:00.207	1.300366	1.289377	1.288645
00:00:00.207	1.306960	1.298168	1.294505
00:00:00.207	1.302564	1.287179	1.298901
00:00:00.207	1.313553	1.284982	1.299634
00:00:00.207	1.319414	1.290842	1.295971
00:00:00.207	1.316484	1.298901	1.309890
00:00:00.207	1.307692	1.281319	1.307692
00:00:00.207	1.305495	1.281319	1.309158
00:00:00.207	1.308425	1.303297	1.309158
00:00:00.208	1.305495	1.317949	1.304029
00:00:00.208	1.305495	1.320147	1.304762
00:00:00.208	1.312088	1.321612	1.302564
00:00:00.209	1.309158	1.327473	1.308425
00:00:00.209	1.306227	1.328938	1.300366
00:00:00.210	1.309158	1.328205	1.300366
00:00:00.210	1.309890	1.339194	1.300366
00:00:00.210	1.313553	1.358974	1.304762
00:00:00.211	1.303297	1.346520	1.293773
00:00:00.211	1.312088	1.342125	1.310623
00:00:00.211	1.313553	1.317216	1.300366
00:00:00.212	1.310623	1.277656	1.290842
00:00:00.212	1.308425	1.260073	1.303297
00:00:00.212	1.312088	1.240293	1.300366
00:00:00.213	1.305495	1.241026	1.306227
00:00:00.213	1.306960	1.250549	1.305495
00:00:00.213	1.305495	1.265934	1.298168
00:00:00.214	1.307692	1.286447	1.309890
00:00:00.214	1.301832	1.287912	1.303297
00:00:00.215	1.309890	1.304762	1.303297
00:00:00.215	1.312088	1.323810	1.307692
00:00:00.215	1.313553	1.327473	1.299634
00:00:00.216	1.303297	1.331868	1.300366
00:00:00.216	1.311355	1.336996	1.300366
00:00:00.248	1.315018	1.330403	1.300366
00:00:00.249	1.310623	1.323077	1.305495
00:00:00.249	1.315018	1.316484	1.300366
00:00:00.249	1.305495	1.302564	1.295971
00:00:00.250	1.312088	1.306960	1.306227
00:00:00.250	1.311355	1.309890	1.304029
00:00:00.250	1.306960	1.309890	1.317949
00:00:00.251	1.311355	1.300366	1.309890
00:00:00.251	1.308425	1.302564	1.307692
00:00:00.251	1.306960	1.304029	1.313553
00:00:00.252	1.305495	1.300366	1.304762
00:00:00.252	1.300366	1.293773	1.299634
00:00:00.252	1.313553	1.298168	1.299634
00:00:00.253	1.310623	1.306960	1.300366
00:00:00.253	1.301832	1.301832	1.298168
00:00:00.254	1.315751	1.311355	1.293773
00:00:00.254	1.305495	1.305495	1.286447
00:00:00.254	1.309158	1.311355	1.293040
00:00:00.255	1.310623	1.309158	1.294505
00:00:00.255	1.308425	1.306960	1.287912
00:00:00.255	1.314286	1.326007	1.306227
00:00:00.257	1.310623	1.328205	1.304029
00:00:00.257	1.308425	1.312088	1.305495
00:00:00.257	1.307692	1.315018	1.302564
00:00:00.257	1.303297	1.320147	1.300366
00:00:00.257	1.301832	1.295971	1.304029
00:00:00.257	1.315018	1.274725	1.306960
00:00:00.258	1.312088	1.269597	1.309890
00:00:00.258	1.313553	1.276923	1.313553
00:00:00.259	1.315018	1.304029	1.307692
00:00:00.259	1.312088	1.290842	1.300366
00:00:00.259	1.317216	1.292308	1.304029
00:00:00.260	1.307692	1.292308	1.304029
00:00:00.260	1.312088	1.302564	1.297436
00:00:00.260	1.300366	1.300366	1.293773
00:00:00.261	1.308425	1.309158	1.295971
00:00:00.261	1.304762	1.302564	1.305495
00:00:00.261	1.301832	1.277656	1.299634
00:00:00.262	1.309158	1.271795	1.301099
00:00:00.262	1.311355	1.287912	1.306227
00:00:00.262	1.307692	1.298901	1.303297
00:00:00.263	1.294505	1.306960	1.306227
00:00:00.263	1.300366	1.317216	1.310623
00:00:00.268	1.304762	1.308425	1.292308
00:00:00.268	1.298901	1.309158	1.297436
00:00:00.268	1.316484	1.331868	1.304029
00:00:00.268	1.312821	1.325275	1.295971
00:00:00.268	1.307692	1.317216	1.298168
00:00:00.268	1.306227	1.309890	1.299634
00:00:00.268	1.303297	1.302564	1.297436
00:00:00.300	1.317949	1.309890	1.296703
00:00:00.300	1.312088	1.303297	1.292308
00:00:00.300	1.311355	1.306960	1.307692
00:00:00.300	1.306227	1.306227	1.308425
00:00:00.300	1.304029	1.299634	1.303297
00:00:00.300	1.307692	1.314286	1.310623
00:00:00.300	1.312088	1.320147	1.311355
00:00:00.300	1.304762	1.314286	1.312088
00:00:00.303	1.312821	1.315018	1.314286
00:00:00.303	1.309158	1.293040	1.305495
00:00:00.303	1.314286	1.278388	1.306960
00:00:00.303	1.309890	1.285714	1.304029
00:00:00.303	1.304029	1.305495	1.306960
00:00:00.303	1.302564	1.307692	1.305495
00:00:00.303	1.301832	1.317216	1.298168
00:00:00.303	1.317216	1.321612	1.305495
00:00:00.304	1.307692	1.315018	1.300366
00:00:00.304	1.304029	1.305495	1.295238
00:00:00.304	1.306227	1.294505	1.300366
00:00:00.305	1.313553	1.295238	1.293773
00:00:00.305	1.320147	1.309890	1.311355
00:00:00.305	1.307692	1.306227	1.303297
00:00:00.306	1.312088	1.304762	1.300366
00:00:00.306	1.307692	1.301832	1.298901
00:00:00.306	1.307692	1.301832	1.311355
00:00:00.307	1.310623	1.305495	1.309890
00:00:00.307	1.300366	1.305495	1.298901
00:00:00.308	1.310623	1.312088	1.317216
00:00:00.309	1.320879	1.297436	1.305495
00:00:00.309	1.298168	1.284249	1.300366
00:00:00.309	1.317216	1.294505	1.304029
00:00:00.309	1.309158	1.302564	1.305495
00:00:00.309	1.318681	1.305495	1.303297
00:00:00.310	1.303297	1.307692	1.298901
00:00:00.310	1.314286	1.317216	1.301832
00:00:00.310	1.311355	1.314286	1.300366
00:00:00.311	1.302564	1.306227	1.303297
00:00:00.311	1.301832	1.306227	1.295971
00:00:00.311	1.310623	1.315751	1.309890
00:00:00.312	1.311355	1.308425	1.313553
00:00:00.312	1.309158	1.298168	1.307692
00:00:00.313	1.309158	1.303297	1.310623
00:00:00.313	1.310623	1.309890	1.309158
00:00:00.313	1.315018	1.317216	1.315751
00:00:00.314	1.309890	1.300366	1.296703
00:00:00.314	1.315751	1.300366	1.313553
00:00:00.314	1.310623	1.298901	1.306227
00:00:00.315	1.315751	1.302564	1.306227
00:00:00.315	1.310623	1.305495	1.292308
00:00:00.315	1.312088	1.350183	1.299634
00:00:00.348	1.312088	1.347985	1.295971
00:00:00.348	1.309158	1.326740	1.284249
00:00:00.348	1.309158	1.303297	1.293773
00:00:00.349	1.313553	1.287179	1.302564
00:00:00.349	1.300366	1.284249	1.300366
00:00:00.349	1.299634	1.271062	1.290842
00:00:00.350	1.310623	1.270330	1.299634
00:00:00.350	1.313553	1.248352	1.308425
00:00:00.350	1.309890	1.257143	1.308425
00:00:00.351	1.313553	1.271795	1.309158
00:00:00.351	1.304762	1.279121	1.311355
00:00:00.352	1.304762	1.310623	1.314286
00:00:00.352	1.314286	1.318681	1.312088
00:00:00.352	1.308425	1.318681	1.305495
00:00:00.353	1.306227	1.309890	1.291575
00:00:00.353	1.311355	1.323810	1.299634
00:00:00.353	1.298168	1.313553	1.293773
00:00:00.354	1.296703	1.310623	1.293773
00:00:00.354	1.309890	1.318681	1.291575
00:00:00.354	1.293773	1.310623	1.294505
00:00:00.355	1.300366	1.323077	1.298901
00:00:00.355	1.301832	1.317949	1.285714
00:00:00.355	1.311355	1.326740	1.300366
00:00:00.356	1.312088	1.308425	1.298901
00:00:00.356	1.317216	1.301832	1.308425
00:00:00.358	1.315018	1.292308	1.304029
00:00:00.358	1.317949	1.284249	1.312821
00:00:00.358	1.309158	1.276190	1.307692
00:00:00.358	1.316484	1.284249	1.308425
00:00:00.358	1.315751	1.295238	1.309890
00:00:00.358	1.300366	1.295238	1.294505
00:00:00.359	1.314286	1.317216	1.307692
00:00:00.359	1.309158	1.316484	1.298901
00:00:00.359	1.304029	1.300366	1.300366
00:00:00.360	1.311355	1.306227	1.298168
00:00:00.361	1.304762	1.314286	1.293773
00:00:00.362	1.312821	1.320879	1.303297
00:00:00.362	1.315751	1.318681	1.300366
00:00:00.362	1.294505	1.310623	1.292308
00:00:00.362	1.304762	1.323810	1.306960
00:00:00.362	1.296703	1.320147	1.308425
00:00:00.362	1.295238	1.304029	1.306227
00:00:00.365	1.326740	1.299634	1.318681
00:00:00.365	1.304762	1.287179	1.310623
00:00:00.365	1.315751	1.304029	1.330403
00:00:00.365	1.315018	1.286447	1.320147
00:00:00.365	1.300366	1.280586	1.300366
00:00:00.365	1.309890	1.303297	1.306227
00:00:00.365	1.301832	1.315751	1.295971
00:00:00.365	1.308425	1.331136	1.299634
00:00:00.399	1.320879	1.331136	1.295238
00:00:00.399	1.306227	1.322344	1.286447
00:00:00.399	1.314286	1.320147	1.290110
00:00:00.399	1.315751	1.314286	1.300366
00:00:00.399	1.304029	1.307692	1.298901
00:00:00.399	1.305495	1.295238	1.298901
00:00:00.399	1.309890	1.279121	1.298901
00:00:00.400	1.306227	1.257143	1.295238
00:00:00.400	1.300366	1.264469	1.299634
00:00:00.401	1.309890	1.280586	1.298901
00:00:00.401	1.309158	1.282784	1.302564
00:00:00.401	1.318681	1.301832	1.309158
00:00:00.402	1.330403	1.312088	1.309158
00:00:00.402	1.313553	1.320147	1.312821
00:00:00.402	1.312088	1.328938	1.307692
00:00:00.403	1.301832	1.304762	1.289377
00:00:00.403	1.301099	1.312088	1.284982
00:00:00.403	1.303297	1.314286	1.284249
00:00:00.404	1.285714	1.304762	1.279853
00:00:00.404	1.294505	1.312088	1.300366
00:00:00.404	1.298901	1.299634	1.294505
00:00:00.405	1.307692	1.302564	1.310623
00:00:00.405	1.304029	1.296703	1.331136
00:00:00.406	1.282784	1.280586	1.325275
00:00:00.406	1.309158	1.298168	1.329670
00:00:00.406	1.285714	1.306227	1.267399
00:00:00.407	1.222711	1.305495	1.276923
00:00:00.407	1.208059	1.310623	1.345055
00:00:00.407	1.292308	1.318681	1.356044
00:00:00.408	1.360440	1.320147	1.345788
00:00:00.408	1.419780	1.300366	1.309890
00:00:00.408	1.457143	1.294505	1.293040
00:00:00.409	1.420513	1.295971	1.291575
00:00:00.409	1.347253	1.300366	1.290842
00:00:00.410	1.304029	1.309158	1.303297
00:00:00.410	1.249084	1.309158	1.308425
00:00:00.410	1.216117	1.309890	1.310623
00:00:00.411	1.285714	1.314286	1.306227
00:00:00.411	1.315018	1.304762	1.280586
00:00:00.411	1.323077	1.324542	1.298901
00:00:00.412	1.313553	1.323810	1.306227
00:00:00.412	1.300366	1.309158	1.298901
00:00:00.413	1.321612	1.279121	1.306960
00:00:00.413	1.320879	1.263736	1.300366
00:00:00.413	1.304762	1.259341	1.298901
00:00:00.413	1.309158	1.287912	1.305495
00:00:00.414	1.293773	1.298901	1.306227
00:00:00.414	1.275458	1.307692	1.300366
00:00:00.415	1.290842	1.325275	1.293040
00:00:00.415	1.294505	1.353114	1.287179
00:00:00.447	1.295238	1.339194	1.287179
00:00:00.447	1.304762	1.330403	1.295971
00:00:00.448	1.294505	1.289377	1.287179
00:00:00.448	1.323810	1.274725	1.289377
00:00:00.448	1.336264	1.290842	1.298168
00:00:00.449	1.331868	1.306960	1.306960
00:00:00.449	1.329670	1.327473	1.314286
00:00:00.450	1.312088	1.324542	1.294505
00:00:00.450	1.320879	1.315018	1.312821
00:00:00.450	1.309158	1.287912	1.310623
00:00:00.451	1.298168	1.268864	1.305495
00:00:00.451	1.303297	1.287179	1.314286
00:00:00.451	1.288645	1.276190	1.299634
00:00:00.452	1.297436	1.291575	1.306960
00:00:00.452	1.307692	1.301832	1.309158
00:00:00.452	1.307692	1.276190	1.289377
00:00:00.453	1.315751	1.283516	1.293773
00:00:00.453	1.317216	1.326007	1.291575
00:00:00.453	1.320879	1.347253	1.303297
00:00:00.454	1.320879	1.344322	1.299634
00:00:00.454	1.322344	1.334799	1.303297
00:00:00.456	1.327473	1.316484	1.295238
00:00:00.456	1.323810	1.318681	1.311355
00:00:00.456	1.310623	1.308425	1.312821
00:00:00.456	1.308425	1.301099	1.289377
00:00:00.456	1.309158	1.282051	1.279853
00:00:00.456	1.312088	1.288645	1.300366
00:00:00.458	1.309890	1.308425	1.317216
00:00:00.458	1.309158	1.309890	1.316484
00:00:00.458	1.298901	1.293040	1.291575
00:00:00.458	1.306227	1.314286	1.303297
00:00:00.458	1.319414	1.319414	1.311355
00:00:00.461	1.326740	1.338462	1.323810
00:00:00.461	1.312821	1.383150	1.352381
00:00:00.461	1.321612	1.365568	1.298901
00:00:00.461	1.319414	1.309890	1.271062
00:00:00.461	1.347985	1.266667	1.243223
00:00:00.461	1.350916	1.256410	1.249817
00:00:00.461	1.235897	1.309158	1.282784
00:00:00.461	1.208791	1.319414	1.295238
00:00:00.461	1.282051	1.273260	1.306227
00:00:00.464	1.347253	1.252747	1.300366
00:00:00.464	1.386813	1.252747	1.282051
00:00:00.464	1.373626	1.276923	1.337729
00:00:00.464	1.331868	1.325275	1.347253
00:00:00.464	1.335531	1.323077	1.355311
00:00:00.464	1.264469	1.278388	1.347253
00:00:00.464	1.200000	1.243223	1.365568
00:00:00.464	1.221978	1.224176	1.342857
00:00:00.465	1.255678	1.263736	1.315751
00:00:00.497	1.289377	1.299634	1.314286
00:00:00.497	1.298901	1.304762	1.276923
00:00:00.497	1.279853	1.301832	1.276923
00:00:00.498	1.293040	1.314286	1.280586
00:00:00.498	1.312088	1.325275	1.276923
00:00:00.499	1.370696	1.350183	1.274725
00:00:00.499	1.386081	1.343590	1.292308
00:00:00.499	1.344322	1.309158	1.297436
00:00:00.500	1.279121	1.315751	1.315018
00:00:00.500	1.306960	1.319414	1.327473
00:00:00.500	1.329670	1.321612	1.337729
00:00:00.501	1.382418	1.331868	1.342125
00:00:00.501	1.402198	1.323810	1.328938
00:00:00.501	1.353846	1.284249	1.293040
00:00:00.502	1.304762	1.300366	1.273993
00:00:00.502	1.268132	1.334799	1.260073
00:00:00.502	1.241026	1.392674	1.272527
00:00:00.503	1.263736	1.381685	1.287912
00:00:00.503	1.287179	1.317949	1.285714
00:00:00.504	1.282051	1.250549	1.286447
00:00:00.504	1.290110	1.237363	1.288645
00:00:00.504	1.262271	1.259341	1.305495
00:00:00.505	1.273993	1.265934	1.314286
00:00:00.505	1.312088	1.243956	1.306227
00:00:00.505	1.340659	1.263004	1.292308
00:00:00.506	1.354579	1.280586	1.323810
00:00:00.506	1.335531	1.328205	1.330403
00:00:00.506	1.354579	1.343590	1.317949
00:00:00.507	1.318681	1.317216	1.300366
00:00:00.507	1.290110	1.317949	1.316484
00:00:00.508	1.279853	1.305495	1.304762
00:00:00.508	1.288645	1.297436	1.286447
00:00:00.508	1.315018	1.298901	1.293773
00:00:00.509	1.315018	1.288645	1.294505
00:00:00.509	1.282784	1.290842	1.298168
00:00:00.509	1.234432	1.300366	1.293040
00:00:00.510	1.309890	1.320147	1.300366
00:00:00.510	1.339927	1.328938	1.300366
00:00:00.510	1.362637	1.324542	1.300366
00:00:00.511	1.389744	1.343590	1.303297
00:00:00.511	1.375824	1.392674	1.316484
00:00:00.511	1.326007	1.375824	1.313553
00:00:00.512	1.284982	1.342857	1.312088
00:00:00.512	1.249084	1.285714	1.300366
00:00:00.513	1.249084	1.232967	1.303297
00:00:00.513	1.250549	1.238095	1.295238
00:00:00.513	1.275458	1.220513	1.276923
00:00:00.514	1.339194	1.249084	1.295238
00:00:00.514	1.327473	1.268132	1.306227
00:00:00.514	1.326740	1.298901	1.313553
00:00:00.546	1.353114	1.318681	1.297436
00:00:00.547	1.323810	1.340659	1.292308
00:00:00.547	1.312821	1.324542	1.293040
00:00:00.548	1.315018	1.324542	1.304762
00:00:00.548	1.315018	1.326740	1.315751
00:00:00.548	1.297436	1.307692	1.309158
00:00:00.549	1.306227	1.301099	1.322344
00:00:00.549	1.308425	1.296703	1.315018
00:00:00.549	1.319414	1.281319	1.310623
00:00:00.550	1.329670	1.243223	1.300366
00:00:00.550	1.295238	1.249817	1.290110
00:00:00.550	1.317216	1.299634	1.302564
00:00:00.552	1.336996	1.326007	1.306227
00:00:00.552	1.370696	1.326007	1.308425
00:00:00.552	1.373626	1.332601	1.289377
00:00:00.552	1.375824	1.401465	1.295971
00:00:00.552	1.338462	1.347985	1.302564
00:00:00.557	1.260806	1.293040	1.304029
00:00:00.557	1.194872	1.276190	1.302564
00:00:00.557	1.161905	1.271795	1.319414
00:00:00.557	1.197070	1.262271	1.300366
00:00:00.557	1.230769	1.327473	1.298168
00:00:00.557	1.265934	1.361905	1.298901
00:00:00.557	1.321612	1.305495	1.294505
00:00:00.557	1.354579	1.305495	1.290842
00:00:00.557	1.315018	1.314286	1.300366
00:00:00.557	1.325275	1.313553	1.312821
00:00:00.557	1.346520	1.317949	1.317949
00:00:00.557	1.332601	1.299634	1.314286
00:00:00.557	1.320879	1.241026	1.290110
00:00:00.557	1.328205	1.274725	1.298901
00:00:00.560	1.303297	1.309890	1.287912
00:00:00.560	1.282051	1.339927	1.287912
00:00:00.560	1.299634	1.337729	1.275458
00:00:00.560	1.347985	1.406593	1.279853
00:00:00.560	1.419780	1.375092	1.287912
00:00:00.560	1.422711	1.292308	1.282051
00:00:00.560	1.365568	1.262271	1.232234
00:00:00.560	1.271795	1.245421	1.197070
00:00:00.560	1.203663	1.257143	1.201465
00:00:00.561	1.223443	1.245421	1.356777
00:00:00.561	1.224908	1.216850	1.380220
00:00:00.562	1.263736	1.206593	1.487912
00:00:00.562	1.306227	1.250549	1.428571
00:00:00.562	1.346520	1.298168	1.421978
00:00:00.563	1.350183	1.359707	1.337729
00:00:00.563	1.318681	1.339927	1.257143
00:00:00.563	1.294505	1.331136	1.263736
00:00:00.564	1.246886	1.348718	1.282784
00:00:00.564	1.251282	1.329670	1.273260
00:00:00.596	1.324542	1.301099	1.306960
00:00:00.597	1.389744	1.253480	1.304029
00:00:00.597	1.388278	1.245421	1.320147
00:00:00.597	1.326740	1.235165	1.282784
00:00:00.598	1.300366	1.279121	1.284249
00:00:00.598	1.279853	1.331868	1.290842
00:00:00.598	1.309158	1.332601	1.295238
00:00:00.599	1.317949	1.360440	1.282784
00:00:00.599	1.314286	1.325275	1.290842
00:00:00.599	1.316484	1.312821	1.303297
00:00:00.600	1.300366	1.323810	1.290842
00:00:00.600	1.315751	1.386081	1.292308
00:00:00.601	1.323077	1.340659	1.306227
00:00:00.601	1.312821	1.269597	1.302564
00:00:00.601	1.315751	1.338462	1.304029
00:00:00.602	1.312088	1.337729	1.290842
00:00:00.602	1.319414	1.281319	1.305495
00:00:00.602	1.317216	1.251282	1.300366
00:00:00.603	1.297436	1.255678	1.300366
00:00:00.603	1.307692	1.317216	1.297436
00:00:00.603	1.313553	1.373626	1.312088
00:00:00.604	1.300366	1.341392	1.301832
00:00:00.604	1.281319	1.273260	1.300366
00:00:00.604	1.270330	1.246154	1.293773
00:00:00.605	1.265201	1.291575	1.300366
00:00:00.605	1.286447	1.302564	1.303297
00:00:00.606	1.320879	1.300366	1.306960
00:00:00.606	1.369231	1.287179	1.315751
00:00:00.606	1.356777	1.298901	1.310623
00:00:00.607	1.325275	1.306960	1.308425
00:00:00.607	1.333333	1.317949	1.309890
00:00:00.607	1.357509	1.384615	1.317216
00:00:00.608	1.402198	1.416117	1.309890
00:00:00.608	1.400000	1.351648	1.298168
00:00:00.608	1.344322	1.312088	1.298901
00:00:00.609	1.269597	1.288645	1.290110
00:00:00.609	1.215385	1.228571	1.279853
00:00:00.609	1.158242	1.281319	1.296703
00:00:00.610	1.194872	1.336264	1.297436
00:00:00.610	1.252015	1.212454	1.276923
00:00:00.611	1.290842	1.178755	1.297436
00:00:00.611	1.334799	1.257143	1.299634
00:00:00.611	1.320879	1.312088	1.306960
00:00:00.612	1.332601	1.314286	1.313553
00:00:00.612	1.335531	1.282784	1.321612
00:00:00.612	1.321612	1.255678	1.279853
00:00:00.613	1.347253	1.281319	1.306960
00:00:00.613	1.309158	1.313553	1.321612
00:00:00.613	1.278388	1.320879	1.302564
00:00:00.614	1.282784	1.367766	1.309890
00:00:00.646	1.288645	1.369963	1.310623
00:00:00.646	1.313553	1.349451	1.309890
00:00:00.647	1.395604	1.323077	1.328938
00:00:00.647	1.375824	1.292308	1.292308
00:00:00.647	1.337729	1.291575	1.283516
00:00:00.648	1.311355	1.298168	1.288645
00:00:00.648	1.273260	1.345055	1.303297
00:00:00.648	1.263004	1.374359	1.309890
00:00:00.650	1.266667	1.388278	1.292308
00:00:00.650	1.257875	1.328938	1.282784
00:00:00.650	1.301832	1.312088	1.316484
00:00:00.650	1.349451	1.282784	1.299634
00:00:00.650	1.400733	1.257143	1.307692
00:00:00.652	1.428571	1.258608	1.312088
00:00:00.652	1.391941	1.257143	1.298901
00:00:00.652	1.295238	1.277656	1.287179
00:00:00.652	1.238095	1.309890	1.291575
00:00:00.652	1.254945	1.315018	1.275458
00:00:00.652	1.276923	1.337729	1.298901
00:00:00.656	1.290842	1.346520	1.299634
00:00:00.656	1.267399	1.320147	1.300366
00:00:00.656	1.265201	1.295971	1.280586
00:00:00.656	1.306960	1.279853	1.276923
00:00:00.656	1.372894	1.312821	1.342857
00:00:00.656	1.383883	1.301832	1.370696
00:00:00.656	1.325275	1.254212	1.340659
00:00:00.656	1.266667	1.249084	1.285714
00:00:00.656	1.221245	1.313553	1.284982
00:00:00.656	1.251282	1.343590	1.322344
00:00:00.656	1.292308	1.332601	1.332601
00:00:00.657	1.327473	1.394139	1.345788
00:00:00.657	1.319414	1.332601	1.313553
00:00:00.657	1.336264	1.342857	1.303297
00:00:00.658	1.344322	1.386813	1.292308
00:00:00.658	1.340659	1.378022	1.298168
00:00:00.658	1.350183	1.338462	1.304762
00:00:00.659	1.337729	1.273260	1.295971
00:00:00.659	1.324542	1.154579	1.300366
00:00:00.660	1.312821	1.087912	1.297436
00:00:00.660	1.312088	1.178755	1.291575
00:00:00.660	1.298168	1.265201	1.290110
00:00:00.661	1.276923	1.271795	1.276923
00:00:00.661	1.272527	1.267399	1.257143
00:00:00.661	1.298901	1.314286	1.267399
00:00:00.662	1.300366	1.323810	1.248352
00:00:00.662	1.314286	1.345055	1.284249
00:00:00.662	1.309158	1.353114	1.369963
00:00:00.663	1.285714	1.316484	1.366300
00:00:00.663	1.300366	1.326740	1.363370
00:00:00.663	1.291575	1.329670	1.266667
00:00:00.696	1.313553	1.313553	1.272527
00:00:00.696	1.320879	1.287912	1.276190
00:00:00.696	1.315751	1.312821	1.275458
00:00:00.697	1.288645	1.336264	1.295971
00:00:00.697	1.303297	1.309890	1.297436
00:00:00.697	1.336264	1.293040	1.305495
00:00:00.698	1.354579	1.307692	1.293773
00:00:00.698	1.351648	1.347253	1.304762
00:00:00.699	1.359707	1.375824	1.317949
00:00:00.699	1.346520	1.343590	1.304762
00:00:00.699	1.304762	1.271062	1.300366
00:00:00.700	1.285714	1.288645	1.308425
00:00:00.700	1.268864	1.305495	1.302564
00:00:00.700	1.263736	1.310623	1.296703
00:00:00.701	1.287179	1.301832	1.303297
00:00:00.701	1.293773	1.260806	1.306960
00:00:00.701	1.279853	1.249817	1.305495
00:00:00.702	1.306960	1.263004	1.300366
00:00:00.702	1.325275	1.275458	1.290842
00:00:00.702	1.346520	1.303297	1.313553
00:00:00.703	1.364103	1.289377	1.300366
00:00:00.703	1.321612	1.317216	1.305495
00:00:00.704	1.294505	1.360440	1.290110
00:00:00.704	1.337729	1.389011	1.287912
00:00:00.704	1.386813	1.322344	1.298901
00:00:00.705	1.421978	1.257875	1.298901
00:00:00.706	1.364835	1.286447	1.312821
00:00:00.706	1.257875	1.365568	1.310623
00:00:00.706	1.180952	1.369963	1.316484
00:00:00.706	1.131868	1.389744	1.306227
00:00:00.706	1.180220	1.340659	1.320879
00:00:00.707	1.284982	1.312821	1.317216
00:00:00.707	1.320147	1.304762	1.309158
00:00:00.707	1.338462	1.262271	1.317216
00:00:00.708	1.329670	1.204396	1.293040
00:00:00.708	1.334066	1.238828	1.282784
00:00:00.709	1.323810	1.235165	1.293040
00:00:00.709	1.321612	1.262271	1.300366
00:00:00.709	1.336996	1.304029	1.311355
00:00:00.710	1.331868	1.319414	1.313553
00:00:00.710	1.332601	1.350916	1.326007
00:00:00.710	1.320147	1.397802	1.325275
00:00:00.711	1.310623	1.417582	1.314286
00:00:00.711	1.297436	1.460806	1.319414
00:00:00.711	1.305495	1.348718	1.296703
00:00:00.712	1.329670	1.229304	1.292308
00:00:00.712	1.330403	1.183883	1.295971
00:00:00.712	1.312088	1.263004	1.293773
00:00:00.715	1.312088	1.254212	1.293040
00:00:00.715	1.314286	1.215385	1.276923
00:00:00.747	1.301832	1.230037	1.286447
00:00:00.747	1.304029	1.253480	1.300366
00:00:00.747	1.301832	1.276190	1.287912
00:00:00.747	1.299634	1.330403	1.298901
00:00:00.748	1.301832	1.336264	1.295238
00:00:00.748	1.304029	1.276190	1.279121
00:00:00.748	1.364103	1.312821	1.303297
00:00:00.748	1.342125	1.304029	1.305495
00:00:00.748	1.300366	1.278388	1.289377
00:00:00.752	1.290842	1.317216	1.299634
00:00:00.752	1.274725	1.348718	1.294505
00:00:00.752	1.263736	1.353114	1.314286
00:00:00.752	1.265201	1.320879	1.335531
00:00:00.752	1.270330	1.309158	1.320879
00:00:00.752	1.301832	1.326740	1.306227
00:00:00.752	1.300366	1.292308	1.298901
00:00:00.752	1.304029	1.271795	1.292308
00:00:00.752	1.316484	1.298168	1.302564
00:00:00.752	1.341392	1.319414	1.309158
00:00:00.752	1.322344	1.290110	1.307692
00:00:00.753	1.306227	1.290110	1.296703
00:00:00.753	1.330403	1.313553	1.304762
00:00:00.753	1.325275	1.317216	1.295971
00:00:00.754	1.320147	1.334066	1.300366
00:00:00.754	1.317216	1.331136	1.295971
00:00:00.754	1.315751	1.323810	1.289377
00:00:00.755	1.317216	1.324542	1.303297
00:00:00.755	1.322344	1.311355	1.304762
00:00:00.755	1.300366	1.290842	1.309890
00:00:00.756	1.301832	1.282051	1.300366
00:00:00.756	1.307692	1.280586	1.295238
00:00:00.756	1.315751	1.289377	1.294505
00:00:00.757	1.322344	1.327473	1.298168
00:00:00.758	1.301832	1.344322	1.312821
00:00:00.758	1.305495	1.376557	1.332601
00:00:00.758	1.293773	1.354579	1.331136
00:00:00.758	1.302564	1.340659	1.305495
00:00:00.759	1.305495	1.312088	1.300366
00:00:00.759	1.294505	1.281319	1.293040
00:00:00.759	1.306227	1.244689	1.292308
00:00:00.760	1.298901	1.239560	1.294505
00:00:00.760	1.304029	1.238095	1.301832
00:00:00.760	1.329670	1.256410	1.307692
00:00:00.761	1.336264	1.289377	1.300366
00:00:00.761	1.316484	1.318681	1.295238
00:00:00.761	1.350916	1.345788	1.315018
00:00:00.762	1.368498	1.313553	1.310623
00:00:00.762	1.345788	1.269597	1.311355
00:00:00.763	1.294505	1.286447	1.309890
00:00:00.763	1.206593	1.306960	1.296703
00:00:00.795	1.212454	1.323077	1.298901
00:00:00.795	1.224908	1.320147	1.290110
00:00:00.796	1.300366	1.319414	1.294505
00:00:00.796	1.328938	1.271062	1.290842
00:00:00.797	1.324542	1.255678	1.298901
00:00:00.797	1.329670	1.279853	1.290110
00:00:00.797	1.340659	1.373626	1.310623
00:00:00.798	1.348718	1.408791	1.306960
00:00:00.798	1.323810	1.335531	1.297436
00:00:00.798	1.308425	1.293040	1.309158
00:00:00.799	1.306227	1.304762	1.317949
00:00:00.799	1.287912	1.306227	1.314286
00:00:00.799	1.308425	1.304029	1.309158
00:00:00.800	1.301099	1.301832	1.298168
00:00:00.800	1.293773	1.386081	1.302564
00:00:00.800	1.314286	1.310623	1.304762
00:00:00.801	1.323810	1.231502	1.309158
00:00:00.801	1.328938	1.176557	1.302564
00:00:00.802	1.325275	1.241758	1.304029
00:00:00.802	1.291575	1.311355	1.304762
00:00:00.802	1.306227	1.326007	1.304029
00:00:00.803	1.332601	1.274725	1.293773
00:00:00.803	1.356777	1.307692	1.302564
00:00:00.803	1.328938	1.347253	1.297436
00:00:00.804	1.302564	1.279853	1.300366
00:00:00.804	1.333333	1.262271	1.311355
00:00:00.804	1.357509	1.262271	1.314286
00:00:00.805	1.372161	1.260073	1.317949
00:00:00.805	1.306227	1.285714	1.311355
00:00:00.805	1.260806	1.330403	1.311355
00:00:00.806	1.224176	1.337729	1.304029
00:00:00.806	1.259341	1.342125	1.314286
00:00:00.808	1.265201	1.338462	1.306227
00:00:00.808	1.258608	1.318681	1.293040
00:00:00.808	1.297436	1.344322	1.288645
00:00:00.808	1.353846	1.361905	1.289377
00:00:00.808	1.327473	1.353846	1.290110
00:00:00.808	1.352381	1.337729	1.304029
00:00:00.810	1.322344	1.306960	1.287912
00:00:00.810	1.328205	1.297436	1.311355
00:00:00.811	1.323077	1.308425	1.310623
00:00:00.811	1.314286	1.282051	1.295971
00:00:00.811	1.306227	1.267399	1.313553
00:00:00.811	1.296703	1.317216	1.301099
00:00:00.811	1.312088	1.358242	1.306960
00:00:00.811	1.320879	1.353846	1.315751
00:00:00.813	1.310623	1.315018	1.306960
00:00:00.813	1.315018	1.265934	1.307692
00:00:00.813	1.321612	1.247619	1.300366
00:00:00.813	1.276923	1.260073	1.300366
00:00:00.848	1.284982	1.268864	1.298901
00:00:00.848	1.308425	1.287179	1.298168
00:00:00.848	1.342125	1.314286	1.307692
00:00:00.848	1.374359	1.318681	1.297436
00:00:00.848	1.359707	1.343590	1.289377
00:00:00.848	1.337729	1.367766	1.300366
00:00:00.848	1.329670	1.366300	1.318681
00:00:00.848	1.271795	1.326740	1.308425
00:00:00.848	1.265201	1.302564	1.303297
00:00:00.848	1.271795	1.287179	1.304029
00:00:00.848	1.288645	1.270330	1.309890
00:00:00.849	1.298901	1.222711	1.306227
00:00:00.849	1.304762	1.208059	1.303297
00:00:00.849	1.311355	1.249817	1.302564
00:00:00.850	1.315018	1.301832	1.309158
00:00:00.850	1.282784	1.301832	1.290842
00:00:00.851	1.258608	1.293040	1.293773
00:00:00.851	1.288645	1.320879	1.295238
00:00:00.851	1.317949	1.335531	1.302564
00:00:00.852	1.320147	1.367033	1.309890
00:00:00.852	1.334066	1.380952	1.295238
00:00:00.852	1.313553	1.352381	1.285714
00:00:00.853	1.326007	1.356044	1.298901
00:00:00.853	1.333333	1.334799	1.307692
00:00:00.853	1.322344	1.286447	1.301832
00:00:00.854	1.324542	1.258608	1.315018
00:00:00.854	1.291575	1.204396	1.299634
00:00:00.854	1.263736	1.186813	1.292308
00:00:00.855	1.271795	1.227106	1.301832
00:00:00.855	1.271062	1.257875	1.302564
00:00:00.856	1.306960	1.295971	1.309158
00:00:00.856	1.323077	1.328938	1.299634
00:00:00.856	1.324542	1.329670	1.298901
00:00:00.857	1.328938	1.334066	1.298168
00:00:00.857	1.321612	1.354579	1.304029
00:00:00.857	1.300366	1.316484	1.299634
00:00:00.858	1.314286	1.312821	1.300366
00:00:00.858	1.312088	1.343590	1.292308
00:00:00.858	1.306227	1.331868	1.293773
00:00:00.859	1.317949	1.336996	1.304029
00:00:00.859	1.315018	1.334066	1.304762
00:00:00.859	1.312088	1.306960	1.304029
00:00:00.860	1.319414	1.323077	1.306960
00:00:00.860	1.314286	1.345055	1.308425
00:00:00.861	1.282784	1.347985	1.306227
00:00:00.861	1.298901	1.337729	1.306227
00:00:00.861	1.320147	1.291575	1.306227
00:00:00.862	1.332601	1.249817	1.309158
00:00:00.862	1.347985	1.234432	1.309158
00:00:00.862	1.346520	1.227839	1.302564
00:00:00.895	1.322344	1.241758	1.298168
00:00:00.895	1.304762	1.251282	1.304762
00:00:00.895	1.281319	1.296703	1.298901
00:00:00.896	1.295971	1.358242	1.298168
00:00:00.896	1.303297	1.328938	1.296703
00:00:00.896	1.290110	1.295238	1.296703
00:00:00.897	1.310623	1.331868	1.305495
00:00:00.897	1.294505	1.349451	1.314286
00:00:00.897	1.311355	1.339927	1.318681
00:00:00.898	1.306227	1.284982	1.299634
00:00:00.898	1.306960	1.271062	1.318681
00:00:00.898	1.287179	1.276190	1.305495
00:00:00.899	1.333333	1.304029	1.308425
00:00:00.899	1.361905	1.320879	1.315751
00:00:00.900	1.329670	1.306227	1.312821
00:00:00.900	1.320879	1.287179	1.304762
00:00:00.900	1.290842	1.290842	1.288645
00:00:00.901	1.301832	1.335531	1.306960
00:00:00.901	1.283516	1.337729	1.305495
00:00:00.901	1.284982	1.332601	1.300366
00:00:00.902	1.295238	1.325275	1.293773
00:00:00.902	1.302564	1.313553	1.291575
00:00:00.902	1.317216	1.327473	1.309158
00:00:00.903	1.326007	1.328938	1.307692
00:00:00.903	1.309158	1.347253	1.292308
00:00:00.903	1.298901	1.348718	1.306960
00:00:00.905	1.270330	1.352381	1.293040
00:00:00.905	1.295238	1.326740	1.311355
00:00:00.908	1.298901	1.257875	1.307692
00:00:00.908	1.317949	1.242491	1.291575
00:00:00.908	1.388278	1.270330	1.304029
00:00:00.908	1.425641	1.273993	1.300366
00:00:00.908	1.409524	1.282051	1.296703
00:00:00.908	1.370696	1.238828	1.329670
00:00:00.908	1.264469	1.202930	1.328938
00:00:00.908	1.256410	1.265201	1.323810
00:00:00.908	1.235165	1.298901	1.306227
00:00:00.908	1.235897	1.310623	1.302564
00:00:00.908	1.263004	1.318681	1.286447
00:00:00.908	1.260073	1.259341	1.276923
00:00:00.911	1.267399	1.262271	1.273993
00:00:00.911	1.309890	1.327473	1.286447
00:00:00.911	1.305495	1.350183	1.298168
00:00:00.911	1.324542	1.331868	1.297436
00:00:00.911	1.322344	1.326007	1.299634
00:00:00.911	1.316484	1.322344	1.305495
00:00:00.911	1.294505	1.304762	1.307692
00:00:00.911	1.305495	1.310623	1.322344
00:00:00.912	1.317949	1.307692	1.311355
00:00:00.912	1.326007	1.324542	1.313553
00:00:00.944	1.331868	1.350916	1.311355
00:00:00.945	1.326007	1.345055	1.302564
00:00:00.945	1.322344	1.328938	1.298168
00:00:00.945	1.323077	1.321612	1.300366
00:00:00.946	1.315751	1.318681	1.304029
00:00:00.946	1.315018	1.318681	1.300366
00:00:00.946	1.310623	1.298168	1.300366
00:00:00.947	1.333333	1.289377	1.298901
00:00:00.947	1.350183	1.306960	1.306227
00:00:00.947	1.321612	1.323810	1.304762
00:00:00.948	1.334066	1.320147	1.309890
00:00:00.948	1.315018	1.306960	1.309158
00:00:00.949	1.276923	1.263004	1.298168
00:00:00.949	1.285714	1.282784	1.304029
00:00:00.949	1.285714	1.284249	1.300366
00:00:00.950	1.278388	1.314286	1.306227
00:00:00.950	1.294505	1.336996	1.312088
00:00:00.950	1.291575	1.323077	1.300366
00:00:00.951	1.298168	1.318681	1.304029
00:00:00.951	1.295971	1.297436	1.301832
00:00:00.951	1.297436	1.255678	1.292308
00:00:00.952	1.317949	1.260073	1.300366
00:00:00.952	1.319414	1.270330	1.287179
00:00:00.952	1.365568	1.321612	1.284982
00:00:00.953	1.379487	1.336264	1.295238
00:00:00.953	1.363370	1.315751	1.306227
00:00:00.954	1.359707	1.331868	1.313553
00:00:00.954	1.342857	1.336264	1.313553
00:00:00.954	1.275458	1.304029	1.316484
00:00:00.955	1.293773	1.263736	1.308425
00:00:00.955	1.262271	1.227106	1.312088
00:00:00.955	1.220513	1.252747	1.298168
00:00:00.956	1.200000	1.293040	1.300366
00:00:00.956	1.257143	1.290110	1.294505
00:00:00.956	1.350183	1.311355	1.305495
00:00:00.957	1.413187	1.344322	1.300366
00:00:00.957	1.428571	1.342857	1.285714
00:00:00.957	1.334066	1.346520	1.304762
00:00:00.958	1.225641	1.308425	1.297436
00:00:00.958	1.203663	1.287912	1.285714
00:00:00.959	1.287912	1.262271	1.292308
00:00:00.959	1.360440	1.254945	1.302564
00:00:00.959	1.314286	1.258608	1.308425
00:00:00.960	1.291575	1.323810	1.312088
00:00:00.960	1.293040	1.417582	1.326740
00:00:00.960	1.318681	1.351648	1.332601
00:00:00.961	1.328938	1.268132	1.316484
00:00:00.961	1.325275	1.284982	1.293773
00:00:00.961	1.353846	1.272527	1.306960
00:00:00.962	1.312821	1.267399	1.304029
