timestamp	ch1	ch2	ch3
00:00:00.000	1.323810	1.317216	1.292308
00:00:00.001	1.298168	1.276190	1.295238
00:00:00.001	1.297436	1.253480	1.311355
00:00:00.001	1.300366	1.262271	1.331136
00:00:00.034	1.315018	1.295971	1.339927
00:00:00.034	1.315018	1.304029	1.335531
00:00:00.035	1.308425	1.308425	1.315018
00:00:00.035	1.301099	1.299634	1.291575
00:00:00.035	1.300366	1.291575	1.288645
00:00:00.035	1.303297	1.297436	1.293773
00:00:00.036	1.298901	1.311355	1.294505
00:00:00.036	1.291575	1.303297	1.293773
00:00:00.036	1.311355	1.322344	1.304762
00:00:00.037	1.302564	1.305495	1.280586
00:00:00.037	1.312088	1.310623	1.300366
00:00:00.038	1.316484	1.320147	1.295971
00:00:00.038	1.312088	1.320147	1.304762
00:00:00.038	1.301099	1.300366	1.298168
00:00:00.039	1.310623	1.304029	1.306960
00:00:00.039	1.311355	1.313553	1.306960
00:00:00.039	1.315018	1.312821	1.296703
00:00:00.040	1.330403	1.345788	1.317949
00:00:00.040	1.314286	1.327473	1.308425
00:00:00.040	1.312088	1.303297	1.309158
00:00:00.041	1.311355	1.282784	1.312088
00:00:00.041	1.304029	1.257143	1.290110
00:00:00.041	1.311355	1.285714	1.298901
00:00:00.042	1.303297	1.317216	1.300366
00:00:00.042	1.309158	1.340659	1.300366
00:00:00.043	1.306960	1.321612	1.280586
00:00:00.043	1.297436	1.296703	1.290110
00:00:00.043	1.292308	1.279121	1.282051
00:00:00.044	1.302564	1.284249	1.291575
00:00:00.044	1.311355	1.287912	1.304029
00:00:00.044	1.316484	1.287912	1.302564
00:00:00.045	1.309890	1.291575	1.306960
00:00:00.045	1.321612	1.293040	1.308425
00:00:00.045	1.318681	1.283516	1.296703
00:00:00.047	1.321612	1.297436	1.308425
00:00:00.047	1.320879	1.295971	1.309158
00:00:00.047	1.322344	1.304029	1.315018
00:00:00.048	1.323077	1.295971	1.312088
00:00:00.048	1.310623	1.295238	1.304029
00:00:00.049	1.300366	1.297436	1.295238
00:00:00.049	1.293040	1.297436	1.289377
00:00:00.049	1.304029	1.322344	1.295971
00:00:00.050	1.296703	1.345788	1.295238
00:00:00.050	1.306960	1.371429	1.303297
00:00:00.050	1.310623	1.351648	1.302564
00:00:00.050	1.300366	1.336264	1.304029
00:00:00.050	1.301832	1.315018	1.302564
00:00:00.050	1.307692	1.280586	1.293040
00:00:00.054	1.320879	1.287912	1.309890
00:00:00.054	1.314286	1.312821	1.310623
00:00:00.084	1.305495	1.284982	1.315751
00:00:00.084	1.300366	1.254945	1.305495
00:00:00.084	1.310623	1.265201	1.309890
00:00:00.084	1.304029	1.264469	1.308425
00:00:00.085	1.311355	1.280586	1.312821
00:00:00.085	1.310623	1.304029	1.305495
00:00:00.086	1.303297	1.304029	1.302564
00:00:00.086	1.304762	1.306960	1.295971
00:00:00.086	1.312088	1.316484	1.290842
00:00:00.087	1.309158	1.327473	1.287179
00:00:00.087	1.314286	1.310623	1.297436
00:00:00.087	1.307692	1.306227	1.274725
00:00:00.088	1.315751	1.315751	1.273993
00:00:00.088	1.308425	1.318681	1.306960
00:00:00.088	1.315018	1.310623	1.314286
00:00:00.089	1.310623	1.313553	1.316484
00:00:00.089	1.306227	1.308425	1.320879
00:00:00.089	1.298168	1.293040	1.320879
00:00:00.090	1.312821	1.304762	1.333333
00:00:00.090	1.312088	1.312088	1.341392
00:00:00.091	1.315018	1.320147	1.302564
00:00:00.091	1.303297	1.328938	1.291575
00:00:00.091	1.319414	1.344322	1.297436
00:00:00.092	1.313553	1.325275	1.288645
00:00:00.092	1.305495	1.302564	1.290110
00:00:00.092	1.312088	1.296703	1.298901
00:00:00.093	1.325275	1.295971	1.297436
00:00:00.093	1.320879	1.290842	1.296703
00:00:00.093	1.313553	1.279853	1.296703
00:00:00.094	1.315018	1.261538	1.299634
00:00:00.094	1.309890	1.252015	1.303297
00:00:00.094	1.301832	1.282051	1.302564
00:00:00.095	1.301832	1.303297	1.303297
00:00:00.095	1.301832	1.314286	1.304029
00:00:00.096	1.271062	1.303297	1.299634
00:00:00.096	1.295238	1.311355	1.312088
00:00:00.096	1.300366	1.307692	1.304029
00:00:00.097	1.300366	1.312821	1.300366
00:00:00.097	1.310623	1.306227	1.300366
00:00:00.097	1.314286	1.325275	1.304029
00:00:00.098	1.315018	1.357509	1.303297
00:00:00.098	1.305495	1.342857	1.303297
00:00:00.098	1.323810	1.323077	1.302564
00:00:00.099	1.315751	1.268864	1.287179
00:00:00.099	1.323810	1.255678	1.302564
00:00:00.099	1.318681	1.275458	1.302564
00:00:00.100	1.332601	1.342125	1.311355
00:00:00.100	1.323810	1.336264	1.290110
00:00:00.101	1.295238	1.315751	1.295971
00:00:00.101	1.301832	1.309890	1.308425
00:00:00.133	1.287912	1.277656	1.306960
00:00:00.133	1.287912	1.279853	1.306960
00:00:00.134	1.276923	1.271062	1.292308
00:00:00.134	1.290842	1.262271	1.306227
00:00:00.135	1.294505	1.250549	1.298901
00:00:00.135	1.306960	1.272527	1.310623
00:00:00.135	1.315751	1.306960	1.304762
00:00:00.136	1.325275	1.338462	1.308425
00:00:00.136	1.325275	1.341392	1.299634
00:00:00.136	1.320147	1.337729	1.276923
00:00:00.137	1.316484	1.350916	1.299634
00:00:00.137	1.302564	1.346520	1.281319
00:00:00.137	1.304762	1.339927	1.283516
00:00:00.138	1.309890	1.295238	1.246886
00:00:00.138	1.317216	1.267399	1.265934
00:00:00.138	1.307692	1.252015	1.295971
00:00:00.140	1.320147	1.280586	1.328205
00:00:00.140	1.321612	1.285714	1.390476
00:00:00.140	1.320879	1.274725	1.363370
00:00:00.140	1.314286	1.271062	1.335531
00:00:00.140	1.308425	1.279121	1.312821
00:00:00.141	1.292308	1.292308	1.331136
00:00:00.141	1.308425	1.340659	1.334066
00:00:00.141	1.309890	1.327473	1.304762
00:00:00.142	1.326007	1.335531	1.299634
00:00:00.142	1.334799	1.386081	1.298901
00:00:00.142	1.334799	1.435897	1.293773
00:00:00.145	1.336996	1.383883	1.290842
00:00:00.145	1.328205	1.330403	1.289377
00:00:00.145	1.322344	1.290842	1.290842
00:00:00.145	1.298168	1.244689	1.285714
00:00:00.145	1.293773	1.250549	1.286447
00:00:00.145	1.280586	1.233700	1.285714
00:00:00.145	1.269597	1.182418	1.282051
00:00:00.145	1.274725	1.167766	1.261538
00:00:00.149	1.278388	1.224176	1.294505
00:00:00.149	1.255678	1.293040	1.318681
00:00:00.149	1.285714	1.322344	1.326740
00:00:00.149	1.324542	1.350183	1.320879
00:00:00.149	1.331868	1.353846	1.310623
00:00:00.149	1.328205	1.345055	1.323810
00:00:00.149	1.315018	1.333333	1.328938
00:00:00.149	1.306960	1.323077	1.299634
00:00:00.149	1.326740	1.325275	1.290110
00:00:00.149	1.312088	1.309158	1.282784
00:00:00.149	1.326740	1.320147	1.293040
00:00:00.151	1.333333	1.318681	1.299634
00:00:00.151	1.335531	1.318681	1.299634
00:00:00.151	1.347253	1.316484	1.298901
00:00:00.151	1.330403	1.309890	1.303297
00:00:00.183	1.330403	1.305495	1.306227
00:00:00.183	1.317949	1.331868	1.307692
00:00:00.184	1.285714	1.333333	1.305495
00:00:00.184	1.286447	1.320147	1.314286
00:00:00.184	1.279853	1.305495	1.320879
00:00:00.185	1.276923	1.271795	1.306960
00:00:00.185	1.293773	1.279121	1.312088
00:00:00.185	1.273993	1.283516	1.296703
00:00:00.186	1.278388	1.289377	1.303297
00:00:00.186	1.317949	1.295971	1.300366
00:00:00.186	1.313553	1.295971	1.284249
00:00:00.187	1.315751	1.322344	1.294505
00:00:00.187	1.309890	1.316484	1.292308
00:00:00.188	1.323810	1.328205	1.309890
00:00:00.188	1.319414	1.314286	1.305495
00:00:00.188	1.314286	1.309158	1.305495
00:00:00.189	1.310623	1.336996	1.304029
00:00:00.189	1.309890	1.339194	1.307692
00:00:00.189	1.320147	1.320879	1.313553
00:00:00.190	1.322344	1.289377	1.313553
00:00:00.190	1.317949	1.265201	1.314286
00:00:00.190	1.301832	1.252747	1.306227
00:00:00.191	1.307692	1.276190	1.308425
00:00:00.192	1.306960	1.302564	1.306960
00:00:00.192	1.306227	1.297436	1.295971
00:00:00.192	1.313553	1.304029	1.296703
00:00:00.192	1.298168	1.295238	1.285714
00:00:00.193	1.302564	1.309890	1.296703
00:00:00.193	1.304029	1.306960	1.293773
00:00:00.193	1.313553	1.292308	1.293040
00:00:00.194	1.315018	1.294505	1.306960
00:00:00.194	1.301832	1.294505	1.300366
00:00:00.194	1.300366	1.301099	1.305495
00:00:00.195	1.304762	1.306960	1.309158
00:00:00.195	1.300366	1.291575	1.313553
00:00:00.195	1.323810	1.304029	1.322344
00:00:00.196	1.312088	1.295238	1.315018
00:00:00.196	1.306227	1.297436	1.314286
00:00:00.196	1.303297	1.306960	1.304029
00:00:00.197	1.290110	1.310623	1.299634
00:00:00.197	1.311355	1.326740	1.300366
00:00:00.198	1.306227	1.311355	1.291575
00:00:00.198	1.308425	1.318681	1.303297
00:00:00.198	1.306227	1.315751	1.297436
00:00:00.199	1.305495	1.307692	1.290110
00:00:00.199	1.326740	1.308425	1.303297
00:00:00.199	1.322344	1.299634	1.298901
00:00:00.200	1.325275	1.307692	1.306227
00:00:00.200	1.320879	1.306960	1.304762
00:00:00.200	1.308425	1.301099	1.305495
00:00:00.233	1.306227	1.306227	1.299634
00:00:00.233	1.309158	1.308425	1.304762
00:00:00.233	1.312088	1.309158	1.311355
00:00:00.234	1.313553	1.306960	1.309158
00:00:00.234	1.268864	1.296703	1.301832
00:00:00.234	1.268132	1.302564	1.306960
00:00:00.235	1.276923	1.287179	1.298901
00:00:00.235	1.315018	1.289377	1.300366
00:00:00.235	1.334799	1.289377	1.295971
00:00:00.236	1.332601	1.302564	1.305495
00:00:00.236	1.326740	1.321612	1.298901
00:00:00.237	1.307692	1.324542	1.302564
00:00:00.237	1.299634	1.304029	1.296703
00:00:00.237	1.298168	1.314286	1.299634
00:00:00.239	1.282051	1.325275	1.309890
00:00:00.239	1.300366	1.316484	1.308425
00:00:00.239	1.306227	1.295238	1.300366
00:00:00.239	1.324542	1.302564	1.312088
00:00:00.239	1.328205	1.298168	1.309158
00:00:00.239	1.315018	1.295238	1.309890
00:00:00.242	1.312088	1.297436	1.306227
00:00:00.242	1.303297	1.293773	1.294505
00:00:00.242	1.304029	1.309890	1.315018
00:00:00.242	1.294505	1.302564	1.294505
00:00:00.242	1.291575	1.306227	1.300366
00:00:00.242	1.294505	1.289377	1.289377
00:00:00.242	1.322344	1.306227	1.296703
00:00:00.242	1.321612	1.306227	1.280586
00:00:00.246	1.315018	1.315018	1.297436
00:00:00.246	1.312088	1.312088	1.296703
00:00:00.246	1.303297	1.304762	1.296703
00:00:00.246	1.315751	1.315018	1.304762
00:00:00.246	1.307692	1.305495	1.303297
00:00:00.246	1.317216	1.317216	1.310623
00:00:00.246	1.317216	1.310623	1.309890
00:00:00.246	1.314286	1.305495	1.317949
00:00:00.246	1.312088	1.302564	1.312088
00:00:00.246	1.310623	1.286447	1.305495
00:00:00.246	1.322344	1.282784	1.308425
00:00:00.248	1.306960	1.268132	1.295238
00:00:00.248	1.312088	1.287179	1.313553
00:00:00.248	1.305495	1.290842	1.300366
00:00:00.248	1.292308	1.282784	1.300366
00:00:00.248	1.315018	1.295971	1.296703
00:00:00.248	1.315018	1.302564	1.293040
00:00:00.249	1.316484	1.337729	1.300366
00:00:00.249	1.291575	1.323810	1.292308
00:00:00.249	1.298901	1.331868	1.302564
00:00:00.250	1.309158	1.314286	1.292308
00:00:00.250	1.304029	1.312821	1.302564
00:00:00.282	1.304029	1.308425	1.307692
00:00:00.283	1.306227	1.301099	1.304029
00:00:00.283	1.300366	1.293773	1.306960
00:00:00.283	1.305495	1.293773	1.308425
00:00:00.284	1.306960	1.293040	1.306960
00:00:00.284	1.312821	1.295238	1.309890
00:00:00.284	1.312088	1.296703	1.284249
00:00:00.285	1.312821	1.307692	1.276923
00:00:00.285	1.315018	1.309158	1.289377
00:00:00.286	1.311355	1.304762	1.291575
00:00:00.286	1.324542	1.307692	1.283516
00:00:00.286	1.326740	1.347253	1.293773
00:00:00.287	1.320147	1.356777	1.312821
00:00:00.287	1.309890	1.367766	1.331136
00:00:00.287	1.286447	1.369231	1.388278
00:00:00.288	1.295238	1.328205	1.331868
00:00:00.288	1.294505	1.290110	1.316484
00:00:00.288	1.313553	1.254212	1.302564
00:00:00.289	1.317949	1.235165	1.296703
00:00:00.289	1.318681	1.243223	1.306960
00:00:00.289	1.302564	1.250549	1.295971
00:00:00.290	1.312088	1.246886	1.304762
00:00:00.290	1.300366	1.235165	1.299634
00:00:00.291	1.304029	1.265934	1.298901
00:00:00.291	1.310623	1.317949	1.301832
00:00:00.291	1.313553	1.337729	1.295238
00:00:00.292	1.315751	1.345055	1.297436
00:00:00.292	1.308425	1.335531	1.282051
00:00:00.292	1.311355	1.331868	1.302564
00:00:00.293	1.314286	1.326007	1.296703
00:00:00.293	1.307692	1.320147	1.300366
00:00:00.293	1.324542	1.322344	1.303297
00:00:00.294	1.306227	1.306227	1.296703
00:00:00.294	1.312088	1.322344	1.309890
00:00:00.295	1.301832	1.314286	1.300366
00:00:00.295	1.300366	1.302564	1.309890
00:00:00.296	1.301832	1.301099	1.304762
00:00:00.296	1.329670	1.305495	1.310623
00:00:00.296	1.347253	1.303297	1.306227
00:00:00.296	1.315751	1.298901	1.306227
00:00:00.297	1.322344	1.298168	1.305495
00:00:00.297	1.311355	1.304762	1.295971
00:00:00.297	1.311355	1.304762	1.306227
00:00:00.298	1.310623	1.298901	1.300366
00:00:00.298	1.284249	1.298901	1.298901
00:00:00.298	1.273260	1.304762	1.293040
00:00:00.299	1.268864	1.300366	1.292308
00:00:00.299	1.285714	1.312821	1.298901
00:00:00.301	1.304029	1.302564	1.294505
00:00:00.301	1.312088	1.305495	1.305495
00:00:00.333	1.306960	1.298168	1.301832
00:00:00.333	1.305495	1.299634	1.307692
00:00:00.333	1.323077	1.306960	1.314286
00:00:00.333	1.318681	1.295971	1.312821
00:00:00.334	1.331136	1.310623	1.318681
00:00:00.336	1.318681	1.306960	1.313553
00:00:00.336	1.306960	1.311355	1.312821
00:00:00.336	1.302564	1.309158	1.300366
00:00:00.336	1.301099	1.313553	1.304029
00:00:00.336	1.306227	1.320147	1.306227
00:00:00.337	1.318681	1.317949	1.302564
00:00:00.337	1.323077	1.312821	1.293773
00:00:00.337	1.339927	1.309890	1.293773
00:00:00.338	1.339194	1.306227	1.302564
00:00:00.338	1.337729	1.306227	1.298901
00:00:00.338	1.319414	1.284249	1.298901
00:00:00.338	1.320879	1.300366	1.304029
00:00:00.338	1.257875	1.305495	1.310623
00:00:00.342	1.295238	1.312821	1.315018
00:00:00.342	1.275458	1.319414	1.306960
00:00:00.342	1.252747	1.312821	1.315018
00:00:00.342	1.306960	1.297436	1.312821
00:00:00.342	1.304762	1.297436	1.305495
00:00:00.342	1.303297	1.342125	1.300366
00:00:00.342	1.296703	1.336996	1.299634
00:00:00.342	1.304029	1.314286	1.298901
00:00:00.342	1.309890	1.284249	1.290842
00:00:00.342	1.299634	1.276923	1.282784
00:00:00.342	1.323810	1.303297	1.295238
00:00:00.342	1.320879	1.305495	1.293040
00:00:00.343	1.333333	1.290110	1.308425
00:00:00.343	1.331136	1.287912	1.309158
00:00:00.344	1.312088	1.303297	1.304029
00:00:00.344	1.320879	1.322344	1.310623
00:00:00.344	1.314286	1.324542	1.318681
00:00:00.345	1.312088	1.317949	1.306960
00:00:00.345	1.313553	1.267399	1.292308
00:00:00.345	1.321612	1.280586	1.306227
00:00:00.346	1.310623	1.284249	1.306227
00:00:00.346	1.290842	1.265934	1.295238
00:00:00.346	1.290842	1.297436	1.292308
00:00:00.347	1.310623	1.301099	1.304029
00:00:00.347	1.325275	1.312821	1.308425
00:00:00.348	1.320879	1.318681	1.322344
00:00:00.348	1.326740	1.350916	1.314286
00:00:00.348	1.316484	1.336264	1.293040
00:00:00.349	1.305495	1.316484	1.304762
00:00:00.349	1.297436	1.303297	1.309158
00:00:00.349	1.298901	1.268864	1.316484
00:00:00.350	1.306227	1.263004	1.314286
00:00:00.382	1.299634	1.264469	1.308425
00:00:00.382	1.287179	1.279121	1.311355
00:00:00.383	1.284982	1.287912	1.303297
00:00:00.383	1.320879	1.315018	1.312088
00:00:00.383	1.347985	1.334799	1.310623
00:00:00.384	1.356044	1.334799	1.307692
00:00:00.384	1.342857	1.330403	1.303297
00:00:00.384	1.298901	1.303297	1.295971
00:00:00.385	1.272527	1.309158	1.292308
00:00:00.385	1.254945	1.309158	1.285714
00:00:00.385	1.289377	1.324542	1.297436
00:00:00.386	1.304762	1.292308	1.287912
00:00:00.386	1.327473	1.302564	1.313553
00:00:00.386	1.312821	1.309158	1.305495
00:00:00.387	1.296703	1.308425	1.293773
00:00:00.387	1.308425	1.323810	1.308425
00:00:00.388	1.306227	1.306960	1.304762
00:00:00.388	1.317949	1.301832	1.304029
00:00:00.388	1.307692	1.289377	1.292308
00:00:00.389	1.295971	1.293040	1.304762
00:00:00.389	1.299634	1.287179	1.300366
00:00:00.389	1.316484	1.308425	1.306960
00:00:00.390	1.322344	1.315751	1.320147
00:00:00.390	1.315018	1.306960	1.296703
00:00:00.390	1.326740	1.310623	1.304762
00:00:00.391	1.328205	1.314286	1.310623
00:00:00.391	1.309158	1.307692	1.295971
00:00:00.392	1.293773	1.309158	1.298901
00:00:00.392	1.295238	1.311355	1.293773
00:00:00.392	1.288645	1.297436	1.284249
00:00:00.393	1.307692	1.306960	1.298901
00:00:00.393	1.300366	1.297436	1.300366
00:00:00.393	1.304029	1.292308	1.304762
00:00:00.394	1.312821	1.287912	1.290842
00:00:00.394	1.312088	1.290110	1.297436
00:00:00.394	1.303297	1.287912	1.307692
00:00:00.395	1.320147	1.298901	1.315751
00:00:00.395	1.336264	1.304029	1.313553
00:00:00.395	1.326740	1.300366	1.311355
00:00:00.396	1.315018	1.304762	1.309158
00:00:00.396	1.317949	1.296703	1.295238
00:00:00.397	1.302564	1.302564	1.293040
00:00:00.398	1.290842	1.305495	1.287179
00:00:00.398	1.284249	1.301832	1.290110
00:00:00.398	1.280586	1.309890	1.283516
00:00:00.398	1.279853	1.315751	1.291575
00:00:00.398	1.276923	1.309158	1.282784
00:00:00.402	1.287179	1.310623	1.290110
00:00:00.402	1.307692	1.309158	1.300366
00:00:00.402	1.294505	1.312821	1.310623
00:00:00.432	1.312088	1.317216	1.327473
00:00:00.432	1.323077	1.282784	1.327473
00:00:00.432	1.325275	1.284249	1.312088
00:00:00.433	1.335531	1.280586	1.310623
00:00:00.433	1.351648	1.286447	1.317949
00:00:00.436	1.342857	1.279853	1.310623
00:00:00.436	1.338462	1.288645	1.317949
00:00:00.436	1.339194	1.290110	1.319414
00:00:00.436	1.307692	1.310623	1.281319
00:00:00.436	1.284982	1.320879	1.287179
00:00:00.436	1.265934	1.311355	1.267399
00:00:00.436	1.271062	1.330403	1.288645
00:00:00.436	1.244689	1.311355	1.279853
00:00:00.436	1.261538	1.326007	1.304762
00:00:00.438	1.290842	1.314286	1.300366
00:00:00.438	1.304762	1.298168	1.304762
00:00:00.438	1.316484	1.286447	1.307692
00:00:00.438	1.309158	1.285714	1.303297
00:00:00.438	1.325275	1.293040	1.323810
00:00:00.438	1.317216	1.279853	1.311355
00:00:00.439	1.328205	1.293040	1.309890
00:00:00.439	1.326740	1.294505	1.306227
00:00:00.439	1.342857	1.302564	1.297436
00:00:00.440	1.339194	1.303297	1.303297
00:00:00.440	1.334799	1.292308	1.304762
00:00:00.441	1.331868	1.293773	1.305495
00:00:00.441	1.303297	1.294505	1.296703
00:00:00.441	1.295238	1.309158	1.285714
00:00:00.442	1.304029	1.328205	1.295971
00:00:00.442	1.293773	1.331868	1.288645
00:00:00.442	1.274725	1.335531	1.306227
00:00:00.443	1.262271	1.339927	1.306960
00:00:00.443	1.269597	1.309158	1.294505
00:00:00.443	1.317216	1.310623	1.304029
00:00:00.444	1.320147	1.300366	1.298168
00:00:00.444	1.328938	1.305495	1.312821
00:00:00.444	1.324542	1.287912	1.302564
00:00:00.445	1.330403	1.293773	1.315018
00:00:00.445	1.317216	1.282784	1.316484
00:00:00.446	1.308425	1.295238	1.323077
00:00:00.446	1.293040	1.294505	1.321612
00:00:00.446	1.265201	1.276923	1.305495
00:00:00.447	1.271062	1.286447	1.300366
00:00:00.447	1.270330	1.299634	1.287912
00:00:00.447	1.283516	1.332601	1.300366
00:00:00.448	1.289377	1.333333	1.294505
00:00:00.448	1.326007	1.338462	1.302564
00:00:00.448	1.358974	1.322344	1.292308
00:00:00.449	1.384615	1.315751	1.293040
00:00:00.449	1.344322	1.310623	1.293040
00:00:00.481	1.312088	1.305495	1.302564
00:00:00.482	1.329670	1.301832	1.306960
00:00:00.482	1.356777	1.297436	1.314286
00:00:00.482	1.304762	1.292308	1.306960
00:00:00.483	1.300366	1.312088	1.309890
00:00:00.483	1.300366	1.335531	1.300366
00:00:00.483	1.306960	1.328938	1.310623
00:00:00.485	1.302564	1.308425	1.306960
00:00:00.485	1.296703	1.275458	1.298168
00:00:00.485	1.310623	1.274725	1.300366
00:00:00.485	1.312088	1.280586	1.288645
00:00:00.485	1.292308	1.287912	1.300366
00:00:00.486	1.290842	1.260073	1.287179
00:00:00.486	1.301099	1.270330	1.306227
00:00:00.486	1.311355	1.279853	1.282784
00:00:00.487	1.326740	1.286447	1.309158
00:00:00.487	1.317949	1.271062	1.296703
00:00:00.487	1.309158	1.298901	1.315018
00:00:00.488	1.298168	1.315751	1.318681
00:00:00.488	1.284249	1.323810	1.311355
00:00:00.488	1.276923	1.325275	1.314286
00:00:00.489	1.261538	1.304029	1.298901
00:00:00.489	1.308425	1.312821	1.304029
00:00:00.490	1.329670	1.315018	1.309158
00:00:00.490	1.338462	1.321612	1.312821
00:00:00.490	1.323077	1.317949	1.302564
00:00:00.491	1.320147	1.317216	1.304762
00:00:00.491	1.317216	1.321612	1.293040
00:00:00.491	1.317216	1.325275	1.300366
00:00:00.492	1.284249	1.330403	1.291575
00:00:00.492	1.304029	1.353114	1.287179
00:00:00.492	1.311355	1.346520	1.304762
00:00:00.493	1.304762	1.342125	1.303297
00:00:00.493	1.307692	1.329670	1.299634
00:00:00.495	1.294505	1.310623	1.286447
00:00:00.495	1.305495	1.306960	1.317949
00:00:00.495	1.326007	1.293773	1.323810
00:00:00.495	1.310623	1.251282	1.317949
00:00:00.495	1.316484	1.233700	1.310623
00:00:00.495	1.284982	1.234432	1.308425
00:00:00.498	1.300366	1.275458	1.317216
00:00:00.498	1.309890	1.293773	1.310623
00:00:00.498	1.305495	1.271062	1.299634
00:00:00.498	1.316484	1.306227	1.298168
00:00:00.498	1.317949	1.299634	1.290110
00:00:00.498	1.332601	1.339194	1.296703
00:00:00.498	1.317949	1.350183	1.299634
00:00:00.498	1.303297	1.345788	1.295971
00:00:00.502	1.297436	1.335531	1.293773
00:00:00.502	1.283516	1.317216	1.287912
00:00:00.534	1.298901	1.334799	1.290110
00:00:00.534	1.309890	1.384615	1.298901
00:00:00.534	1.315018	1.334066	1.292308
00:00:00.534	1.315751	1.271795	1.289377
00:00:00.534	1.280586	1.221245	1.298168
00:00:00.534	1.289377	1.200000	1.312821
00:00:00.534	1.312821	1.226374	1.371429
00:00:00.534	1.314286	1.243223	1.352381
00:00:00.534	1.344322	1.256410	1.345788
00:00:00.534	1.386813	1.263736	1.301099
00:00:00.535	1.434432	1.275458	1.275458
00:00:00.535	1.386813	1.296703	1.265201
00:00:00.535	1.285714	1.301832	1.248352
00:00:00.536	1.240293	1.328205	1.267399
00:00:00.537	1.169231	1.324542	1.287179
00:00:00.537	1.215385	1.341392	1.309158
00:00:00.537	1.274725	1.346520	1.301099
00:00:00.537	1.271795	1.357509	1.306960
00:00:00.538	1.323077	1.395604	1.317216
00:00:00.538	1.356044	1.386081	1.317949
00:00:00.538	1.348718	1.382418	1.331136
00:00:00.539	1.343590	1.361172	1.291575
00:00:00.539	1.334066	1.339927	1.289377
00:00:00.539	1.299634	1.286447	1.269597
00:00:00.540	1.284982	1.241758	1.246154
00:00:00.540	1.265201	1.227106	1.227106
00:00:00.540	1.258608	1.247619	1.287179
00:00:00.541	1.249817	1.252015	1.347253
00:00:00.541	1.248352	1.233700	1.404396
00:00:00.541	1.341392	1.262271	1.425641
00:00:00.542	1.377289	1.303297	1.372894
00:00:00.542	1.345788	1.314286	1.308425
00:00:00.543	1.329670	1.323077	1.290842
00:00:00.543	1.317216	1.323810	1.295971
00:00:00.543	1.308425	1.307692	1.288645
00:00:00.544	1.280586	1.325275	1.291575
00:00:00.544	1.316484	1.331868	1.283516
00:00:00.544	1.331868	1.392674	1.307692
00:00:00.545	1.320879	1.401465	1.312088
00:00:00.545	1.351648	1.431502	1.306960
00:00:00.545	1.373626	1.393407	1.300366
00:00:00.546	1.408791	1.332601	1.305495
00:00:00.546	1.416117	1.257143	1.304762
00:00:00.546	1.354579	1.219048	1.300366
00:00:00.547	1.273260	1.246886	1.291575
00:00:00.547	1.277656	1.244689	1.281319
00:00:00.548	1.239560	1.205128	1.282784
00:00:00.548	1.134799	1.180220	1.273993
00:00:00.548	1.130403	1.193407	1.280586
00:00:00.549	1.189011	1.266667	1.295971
00:00:00.581	1.288645	1.328938	1.308425
00:00:00.581	1.402930	1.460073	1.315018
00:00:00.582	1.408059	1.467399	1.312821
00:00:00.582	1.379487	1.353846	1.317949
00:00:00.582	1.350916	1.271062	1.304029
00:00:00.583	1.330403	1.273260	1.317949
00:00:00.583	1.331868	1.325275	1.312821
00:00:00.583	1.346520	1.360440	1.309890
00:00:00.584	1.370696	1.295238	1.299634
00:00:00.584	1.340659	1.210256	1.279121
00:00:00.584	1.319414	1.236630	1.289377
00:00:00.585	1.292308	1.280586	1.281319
00:00:00.585	1.298901	1.331136	1.276190
00:00:00.585	1.299634	1.300366	1.279853
00:00:00.586	1.234432	1.268864	1.287179
00:00:00.586	1.235165	1.228571	1.289377
00:00:00.587	1.224908	1.242491	1.295238
00:00:00.587	1.268864	1.413919	1.354579
00:00:00.587	1.278388	1.440293	1.363370
00:00:00.588	1.298168	1.383883	1.348718
00:00:00.588	1.306227	1.343590	1.326740
00:00:00.590	1.302564	1.328938	1.315018
00:00:00.590	1.306227	1.257875	1.314286
00:00:00.590	1.328205	1.200733	1.304029
00:00:00.590	1.320879	1.205861	1.271062
00:00:00.590	1.323810	1.208059	1.274725
00:00:00.590	1.315751	1.240293	1.283516
00:00:00.591	1.356777	1.311355	1.304029
00:00:00.593	1.361172	1.363370	1.297436
00:00:00.593	1.368498	1.370696	1.303297
00:00:00.593	1.350183	1.314286	1.298901
00:00:00.593	1.341392	1.301099	1.312821
00:00:00.593	1.323810	1.295238	1.320147
00:00:00.593	1.307692	1.295238	1.291575
00:00:00.593	1.281319	1.316484	1.302564
00:00:00.593	1.276923	1.332601	1.304762
00:00:00.597	1.317949	1.335531	1.296703
00:00:00.597	1.284982	1.272527	1.284982
00:00:00.597	1.298168	1.296703	1.300366
00:00:00.597	1.301099	1.320879	1.294505
00:00:00.597	1.257875	1.316484	1.298168
00:00:00.597	1.241026	1.317216	1.284249
00:00:00.597	1.211722	1.298168	1.284982
00:00:00.597	1.294505	1.251282	1.263004
00:00:00.597	1.350916	1.301099	1.263004
00:00:00.597	1.356044	1.367033	1.269597
00:00:00.597	1.342125	1.404396	1.298168
00:00:00.598	1.353846	1.400000	1.389011
00:00:00.598	1.345788	1.410256	1.387546
00:00:00.598	1.349451	1.417582	1.375092
00:00:00.631	1.328205	1.350183	1.279853
00:00:00.631	1.323810	1.340659	1.276923
00:00:00.631	1.332601	1.349451	1.276190
00:00:00.632	1.322344	1.273260	1.261538
00:00:00.632	1.309158	1.156777	1.276923
00:00:00.632	1.246154	1.106227	1.338462
00:00:00.633	1.186813	1.178022	1.336996
00:00:00.633	1.279121	1.265934	1.362637
00:00:00.633	1.339194	1.253480	1.330403
00:00:00.634	1.324542	1.230769	1.336996
00:00:00.634	1.325275	1.277656	1.315018
00:00:00.635	1.348718	1.325275	1.292308
00:00:00.635	1.346520	1.321612	1.288645
00:00:00.635	1.296703	1.307692	1.287179
00:00:00.636	1.312088	1.326007	1.292308
00:00:00.636	1.301832	1.290110	1.287912
00:00:00.636	1.290110	1.289377	1.304762
00:00:00.637	1.306227	1.328938	1.316484
00:00:00.637	1.279121	1.356044	1.316484
00:00:00.637	1.286447	1.336264	1.300366
00:00:00.638	1.300366	1.289377	1.285714
00:00:00.638	1.315018	1.275458	1.297436
00:00:00.638	1.324542	1.327473	1.312088
00:00:00.639	1.315018	1.358242	1.300366
00:00:00.639	1.303297	1.390476	1.306227
00:00:00.640	1.329670	1.350183	1.310623
00:00:00.640	1.350183	1.366300	1.286447
00:00:00.640	1.358974	1.367033	1.265201
00:00:00.641	1.364835	1.356044	1.262271
00:00:00.641	1.339927	1.306227	1.273993
00:00:00.641	1.367766	1.320879	1.298901
00:00:00.642	1.333333	1.311355	1.299634
00:00:00.642	1.286447	1.309158	1.320879
00:00:00.642	1.249084	1.277656	1.335531
00:00:00.643	1.220513	1.238095	1.328938
00:00:00.643	1.267399	1.301099	1.315018
00:00:00.643	1.292308	1.298901	1.256410
00:00:00.644	1.270330	1.265201	1.287179
00:00:00.644	1.295238	1.260073	1.326740
00:00:00.645	1.343590	1.227106	1.306227
00:00:00.645	1.417582	1.199267	1.334066
00:00:00.645	1.355311	1.147253	1.293040
00:00:00.646	1.297436	1.165568	1.294505
00:00:00.646	1.259341	1.244689	1.295971
00:00:00.646	1.210989	1.330403	1.309158
00:00:00.647	1.199267	1.311355	1.304029
00:00:00.647	1.233700	1.358242	1.297436
00:00:00.647	1.311355	1.394139	1.300366
00:00:00.648	1.404396	1.391209	1.302564
00:00:00.648	1.415385	1.372894	1.311355
00:00:00.680	1.356044	1.342125	1.309158
00:00:00.681	1.314286	1.354579	1.309890
00:00:00.681	1.287179	1.393407	1.311355
00:00:00.681	1.279121	1.358974	1.312821
00:00:00.682	1.350183	1.319414	1.317949
00:00:00.682	1.370696	1.284982	1.317216
00:00:00.682	1.344322	1.293773	1.312821
00:00:00.683	1.319414	1.295238	1.317216
00:00:00.683	1.301832	1.279121	1.306960
00:00:00.684	1.276190	1.272527	1.298168
00:00:00.684	1.197070	1.296703	1.288645
00:00:00.684	1.248352	1.315751	1.288645
00:00:00.686	1.301099	1.345788	1.293040
00:00:00.686	1.336996	1.350916	1.306227
00:00:00.686	1.334066	1.279121	1.287179
00:00:00.689	1.326740	1.344322	1.297436
00:00:00.689	1.331136	1.364103	1.299634
00:00:00.689	1.304029	1.323077	1.293040
00:00:00.689	1.320147	1.299634	1.301099
00:00:00.689	1.328938	1.252747	1.317949
00:00:00.689	1.315751	1.221978	1.321612
00:00:00.689	1.278388	1.212454	1.304762
00:00:00.689	1.300366	1.231502	1.293040
00:00:00.689	1.374359	1.255678	1.306227
00:00:00.689	1.326007	1.276923	1.295971
00:00:00.689	1.301832	1.316484	1.287179
00:00:00.693	1.284982	1.339927	1.304762
00:00:00.693	1.276190	1.317949	1.300366
00:00:00.693	1.298901	1.315018	1.304762
00:00:00.693	1.321612	1.304762	1.294505
00:00:00.693	1.322344	1.326007	1.300366
00:00:00.693	1.285714	1.350183	1.296703
00:00:00.693	1.315018	1.361905	1.292308
00:00:00.693	1.323077	1.379487	1.304029
00:00:00.693	1.347253	1.434432	1.295238
00:00:00.694	1.379487	1.405861	1.296703
00:00:00.694	1.396337	1.397070	1.316484
00:00:00.694	1.327473	1.331136	1.328205
00:00:00.694	1.317949	1.268864	1.311355
00:00:00.694	1.269597	1.219048	1.263004
00:00:00.695	1.211722	1.164835	1.247619
00:00:00.695	1.169231	1.138462	1.269597
00:00:00.695	1.174359	1.172161	1.406593
00:00:00.696	1.266667	1.203663	1.421245
00:00:00.696	1.306960	1.224176	1.370696
00:00:00.696	1.314286	1.314286	1.307692
00:00:00.697	1.332601	1.362637	1.286447
00:00:00.697	1.304029	1.350916	1.287179
00:00:00.697	1.332601	1.342125	1.291575
00:00:00.698	1.365568	1.342857	1.306960
00:00:00.730	1.405861	1.443956	1.320879
00:00:00.730	1.389744	1.523810	1.325275
00:00:00.731	1.336996	1.471795	1.293040
00:00:00.731	1.304029	1.344322	1.287179
00:00:00.731	1.276190	1.204396	1.275458
00:00:00.732	1.298901	1.208059	1.290842
00:00:00.732	1.307692	1.206593	1.284982
00:00:00.733	1.320147	1.161172	1.282051
00:00:00.733	1.297436	1.193407	1.276923
00:00:00.733	1.291575	1.333333	1.290842
00:00:00.734	1.312088	1.512088	1.329670
00:00:00.734	1.260806	1.435165	1.306960
00:00:00.734	1.293773	1.277656	1.300366
00:00:00.735	1.309890	1.193407	1.291575
00:00:00.735	1.300366	1.235897	1.303297
00:00:00.735	1.302564	1.235897	1.294505
00:00:00.736	1.345788	1.110623	1.286447
00:00:00.736	1.386081	1.120879	1.301832
00:00:00.736	1.325275	1.265934	1.295238
00:00:00.737	1.290842	1.391941	1.305495
00:00:00.737	1.303297	1.398535	1.308425
00:00:00.738	1.311355	1.377289	1.317216
00:00:00.738	1.345055	1.358242	1.318681
00:00:00.738	1.320147	1.328205	1.309890
00:00:00.739	1.314286	1.313553	1.296703
00:00:00.739	1.307692	1.330403	1.298901
00:00:00.739	1.287912	1.339194	1.307692
00:00:00.740	1.276923	1.354579	1.304762
00:00:00.740	1.287179	1.339927	1.293773
00:00:00.740	1.295971	1.334799	1.292308
00:00:00.741	1.311355	1.372161	1.291575
00:00:00.741	1.323810	1.386081	1.310623
00:00:00.742	1.330403	1.416850	1.306227
00:00:00.742	1.328205	1.406593	1.308425
00:00:00.742	1.334799	1.354579	1.305495
00:00:00.743	1.341392	1.300366	1.309158
00:00:00.743	1.335531	1.235165	1.305495
00:00:00.743	1.317949	1.161905	1.295971
00:00:00.744	1.297436	1.153114	1.314286
00:00:00.744	1.268864	1.165568	1.298168
00:00:00.744	1.243223	1.161172	1.304762
00:00:00.745	1.219048	1.189011	1.303297
00:00:00.746	1.263736	1.271795	1.304029
00:00:00.746	1.328205	1.350183	1.311355
00:00:00.746	1.357509	1.350916	1.304762
00:00:00.746	1.391209	1.347985	1.279121
00:00:00.747	1.364103	1.363370	1.283516
00:00:00.747	1.331868	1.412454	1.304762
00:00:00.747	1.291575	1.372894	1.295971
00:00:00.748	1.276190	1.361905	1.312088
00:00:00.780	1.312821	1.344322	1.317216
00:00:00.780	1.336264	1.323810	1.321612
00:00:00.781	1.375092	1.316484	1.319414
00:00:00.782	1.379487	1.263004	1.298901
00:00:00.782	1.338462	1.272527	1.291575
00:00:00.782	1.259341	1.279121	1.286447
00:00:00.782	1.227106	1.290842	1.306960
00:00:00.782	1.205128	1.301832	1.290110
00:00:00.785	1.183150	1.323077	1.295971
00:00:00.785	1.202930	1.312821	1.294505
00:00:00.785	1.249817	1.301832	1.297436
00:00:00.785	1.288645	1.301099	1.295238
00:00:00.785	1.364103	1.298168	1.290842
00:00:00.785	1.389744	1.266667	1.302564
00:00:00.785	1.347985	1.249084	1.289377
00:00:00.785	1.337729	1.273260	1.302564
00:00:00.789	1.334066	1.298168	1.298168
00:00:00.789	1.347985	1.309158	1.304029
00:00:00.789	1.399267	1.298168	1.307692
00:00:00.789	1.404396	1.339194	1.306960
00:00:00.789	1.364835	1.382418	1.323810
00:00:00.789	1.307692	1.384615	1.323810
00:00:00.789	1.218315	1.369231	1.316484
00:00:00.789	1.219048	1.326740	1.300366
00:00:00.789	1.244689	1.306960	1.300366
00:00:00.789	1.287179	1.290110	1.320147
00:00:00.789	1.323810	1.216850	1.300366
00:00:00.789	1.342857	1.249817	1.295971
00:00:00.791	1.346520	1.257875	1.290842
00:00:00.791	1.315751	1.269597	1.292308
00:00:00.791	1.274725	1.381685	1.293040
00:00:00.791	1.265201	1.409524	1.290110
00:00:00.791	1.285714	1.372161	1.295971
00:00:00.792	1.297436	1.288645	1.285714
00:00:00.792	1.332601	1.229304	1.297436
00:00:00.792	1.324542	1.246886	1.298901
00:00:00.793	1.317216	1.275458	1.310623
00:00:00.793	1.315018	1.250549	1.298168
00:00:00.793	1.306227	1.263004	1.298168
00:00:00.794	1.321612	1.292308	1.304762
00:00:00.794	1.337729	1.275458	1.305495
00:00:00.794	1.345788	1.262271	1.318681
00:00:00.795	1.336264	1.278388	1.295238
00:00:00.795	1.297436	1.287179	1.290842
00:00:00.796	1.266667	1.315751	1.298901
00:00:00.796	1.257143	1.345788	1.336264
