timestamp	ch1	ch2	ch3
00:00:00.000	1.311355	1.313553	1.312088
00:00:00.000	1.311355	1.311355	1.299634
00:00:00.000	1.295238	1.305495	1.295238
00:00:00.000	1.306227	1.312821	1.296703
00:00:00.000	1.306227	1.311355	1.292308
00:00:00.000	1.308425	1.312821	1.293773
00:00:00.000	1.311355	1.309158	1.298168
00:00:00.000	1.302564	1.303297	1.297436
00:00:00.032	1.304029	1.310623	1.308425
00:00:00.033	1.306960	1.304029	1.304762
00:00:00.033	1.314286	1.304762	1.314286
00:00:00.033	1.309890	1.306227	1.317216
00:00:00.034	1.315018	1.301832	1.315018
00:00:00.034	1.312821	1.304762	1.320147
00:00:00.034	1.299634	1.293773	1.300366
00:00:00.037	1.310623	1.306960	1.311355
00:00:00.037	1.312088	1.309890	1.308425
00:00:00.037	1.306960	1.312088	1.305495
00:00:00.037	1.309890	1.323810	1.303297
00:00:00.037	1.304762	1.307692	1.291575
00:00:00.037	1.296703	1.300366	1.293773
00:00:00.037	1.313553	1.310623	1.293773
00:00:00.037	1.309158	1.306227	1.288645
00:00:00.038	1.315018	1.298901	1.302564
00:00:00.039	1.309158	1.287912	1.290842
00:00:00.039	1.307692	1.294505	1.305495
00:00:00.039	1.316484	1.311355	1.314286
00:00:00.039	1.313553	1.313553	1.309890
00:00:00.039	1.313553	1.351648	1.320879
00:00:00.040	1.304762	1.333333	1.315018
00:00:00.040	1.312088	1.308425	1.312088
00:00:00.041	1.315751	1.290842	1.312821
00:00:00.041	1.309890	1.276190	1.312821
00:00:00.041	1.309890	1.277656	1.309890
00:00:00.042	1.310623	1.279121	1.312088
00:00:00.042	1.317216	1.279121	1.304762
00:00:00.042	1.314286	1.260806	1.296703
00:00:00.043	1.304029	1.280586	1.287179
00:00:00.044	1.299634	1.318681	1.287179
00:00:00.044	1.311355	1.338462	1.292308
00:00:00.044	1.310623	1.361905	1.306960
00:00:00.044	1.304762	1.354579	1.298168
00:00:00.044	1.307692	1.312088	1.295238
00:00:00.045	1.304762	1.274725	1.306227
00:00:00.045	1.312821	1.282784	1.314286
00:00:00.046	1.305495	1.285714	1.312821
00:00:00.046	1.305495	1.299634	1.315018
00:00:00.046	1.305495	1.287912	1.309890
00:00:00.047	1.310623	1.274725	1.306227
00:00:00.047	1.322344	1.273260	1.310623
00:00:00.047	1.313553	1.285714	1.305495
00:00:00.048	1.296703	1.290110	1.293773
00:00:00.048	1.304029	1.309890	1.298168
00:00:00.048	1.304762	1.308425	1.294505
00:00:00.049	1.312088	1.322344	1.300366
00:00:00.049	1.315751	1.321612	1.302564
00:00:00.049	1.316484	1.321612	1.300366
00:00:00.050	1.313553	1.319414	1.300366
00:00:00.082	1.314286	1.321612	1.304029
00:00:00.082	1.317216	1.302564	1.294505
00:00:00.083	1.320147	1.315751	1.310623
00:00:00.083	1.311355	1.312088	1.312821
00:00:00.083	1.298168	1.315751	1.315751
00:00:00.084	1.306227	1.317216	1.318681
00:00:00.084	1.300366	1.304029	1.314286
00:00:00.085	1.300366	1.302564	1.307692
00:00:00.085	1.293040	1.292308	1.297436
00:00:00.085	1.304762	1.298168	1.293040
00:00:00.086	1.304762	1.300366	1.298168
00:00:00.086	1.308425	1.309158	1.298168
00:00:00.086	1.311355	1.312088	1.298901
00:00:00.087	1.317216	1.312821	1.300366
00:00:00.087	1.312821	1.302564	1.290110
00:00:00.087	1.313553	1.314286	1.296703
00:00:00.088	1.315018	1.317216	1.298168
00:00:00.088	1.314286	1.322344	1.302564
00:00:00.088	1.315018	1.323077	1.313553
00:00:00.089	1.309158	1.308425	1.310623
00:00:00.089	1.298901	1.295238	1.306960
00:00:00.090	1.316484	1.297436	1.315018
00:00:00.090	1.306227	1.282784	1.296703
00:00:00.090	1.314286	1.295971	1.315751
00:00:00.091	1.315018	1.297436	1.311355
00:00:00.091	1.306960	1.284249	1.295971
00:00:00.091	1.309890	1.300366	1.306960
00:00:00.092	1.308425	1.303297	1.297436
00:00:00.092	1.306960	1.304029	1.288645
00:00:00.092	1.308425	1.313553	1.293773
00:00:00.093	1.298901	1.301099	1.283516
00:00:00.093	1.312088	1.318681	1.299634
00:00:00.093	1.312821	1.314286	1.297436
00:00:00.094	1.312088	1.318681	1.309158
00:00:00.094	1.316484	1.314286	1.306227
00:00:00.098	1.316484	1.304762	1.302564
00:00:00.098	1.312088	1.299634	1.312088
00:00:00.098	1.308425	1.291575	1.309158
00:00:00.098	1.314286	1.299634	1.314286
00:00:00.098	1.303297	1.299634	1.318681
00:00:00.098	1.309890	1.295238	1.315018
00:00:00.098	1.308425	1.292308	1.309158
00:00:00.098	1.317949	1.291575	1.306960
00:00:00.098	1.300366	1.293773	1.296703
00:00:00.098	1.298901	1.301832	1.296703
00:00:00.098	1.306960	1.316484	1.300366
00:00:00.098	1.308425	1.320879	1.300366
00:00:00.101	1.305495	1.315018	1.298168
00:00:00.101	1.313553	1.315751	1.299634
00:00:00.101	1.301832	1.302564	1.287912
00:00:00.133	1.307692	1.312821	1.295971
00:00:00.133	1.312088	1.305495	1.302564
00:00:00.133	1.306227	1.296703	1.302564
00:00:00.133	1.321612	1.316484	1.306960
00:00:00.133	1.312088	1.320147	1.310623
00:00:00.134	1.308425	1.312821	1.320879
00:00:00.134	1.306227	1.309890	1.312821
00:00:00.134	1.312088	1.300366	1.312821
00:00:00.135	1.315018	1.299634	1.307692
00:00:00.135	1.312088	1.287179	1.293773
00:00:00.135	1.304029	1.320879	1.298168
00:00:00.136	1.307692	1.339927	1.294505
00:00:00.136	1.298168	1.342125	1.295971
00:00:00.136	1.312088	1.342125	1.298901
00:00:00.137	1.309158	1.320147	1.299634
00:00:00.137	1.304762	1.296703	1.304029
00:00:00.137	1.312088	1.262271	1.302564
00:00:00.138	1.311355	1.222711	1.293040
00:00:00.138	1.303297	1.212454	1.296703
00:00:00.139	1.313553	1.260073	1.309158
00:00:00.139	1.304029	1.295238	1.312088
00:00:00.139	1.300366	1.290110	1.299634
00:00:00.140	1.310623	1.300366	1.305495
00:00:00.140	1.305495	1.287912	1.307692
00:00:00.140	1.301832	1.259341	1.302564
00:00:00.141	1.298901	1.279853	1.306227
00:00:00.141	1.300366	1.292308	1.290842
00:00:00.141	1.307692	1.313553	1.294505
00:00:00.142	1.308425	1.323810	1.298168
00:00:00.142	1.313553	1.338462	1.298901
00:00:00.142	1.312821	1.336996	1.298168
00:00:00.143	1.315018	1.328938	1.298901
00:00:00.143	1.312088	1.312088	1.298168
00:00:00.144	1.315751	1.318681	1.302564
00:00:00.144	1.312088	1.326007	1.315751
00:00:00.144	1.310623	1.333333	1.306227
00:00:00.145	1.304029	1.321612	1.300366
00:00:00.145	1.306227	1.312821	1.303297
00:00:00.145	1.304029	1.303297	1.300366
00:00:00.146	1.312088	1.310623	1.309890
00:00:00.146	1.308425	1.306960	1.314286
00:00:00.146	1.300366	1.301832	1.312821
00:00:00.147	1.303297	1.301099	1.308425
00:00:00.147	1.297436	1.295971	1.299634
00:00:00.148	1.315751	1.313553	1.304762
00:00:00.148	1.309158	1.306227	1.295971
00:00:00.148	1.301099	1.300366	1.290110
00:00:00.149	1.317216	1.322344	1.302564
00:00:00.149	1.304029	1.332601	1.287179
00:00:00.149	1.303297	1.342125	1.300366
00:00:00.181	1.315018	1.340659	1.302564
00:00:00.182	1.310623	1.320147	1.300366
00:00:00.182	1.315751	1.305495	1.312088
00:00:00.183	1.311355	1.293773	1.308425
00:00:00.183	1.317949	1.288645	1.315018
00:00:00.183	1.315018	1.290110	1.314286
00:00:00.184	1.312821	1.265934	1.322344
00:00:00.184	1.300366	1.243956	1.290842
00:00:00.184	1.307692	1.266667	1.308425
00:00:00.185	1.298901	1.277656	1.300366
00:00:00.185	1.309158	1.306227	1.306960
00:00:00.185	1.304762	1.325275	1.297436
00:00:00.186	1.315751	1.334799	1.304762
00:00:00.186	1.320879	1.320147	1.297436
00:00:00.186	1.294505	1.282784	1.282051
00:00:00.187	1.306227	1.288645	1.294505
00:00:00.187	1.309890	1.309158	1.299634
00:00:00.188	1.314286	1.325275	1.302564
00:00:00.188	1.312088	1.312088	1.292308
00:00:00.188	1.300366	1.259341	1.296703
00:00:00.189	1.309890	1.260806	1.312088
00:00:00.189	1.312088	1.277656	1.320147
00:00:00.189	1.306960	1.287179	1.302564
00:00:00.190	1.315751	1.296703	1.316484
00:00:00.190	1.311355	1.297436	1.310623
00:00:00.190	1.310623	1.309158	1.309890
00:00:00.191	1.310623	1.317216	1.298901
00:00:00.191	1.306227	1.322344	1.298901
00:00:00.191	1.309890	1.327473	1.300366
00:00:00.193	1.306960	1.330403	1.300366
00:00:00.193	1.305495	1.323077	1.295238
00:00:00.193	1.302564	1.310623	1.291575
00:00:00.193	1.310623	1.313553	1.297436
00:00:00.193	1.307692	1.345788	1.304762
00:00:00.194	1.313553	1.346520	1.300366
00:00:00.194	1.314286	1.312088	1.306227
00:00:00.194	1.312088	1.296703	1.306227
00:00:00.196	1.315018	1.284249	1.317216
00:00:00.196	1.312088	1.271062	1.314286
00:00:00.196	1.309158	1.276923	1.309158
00:00:00.196	1.309890	1.287179	1.313553
00:00:00.196	1.307692	1.292308	1.309158
00:00:00.196	1.304762	1.293040	1.313553
00:00:00.197	1.309158	1.304029	1.300366
00:00:00.197	1.306960	1.307692	1.303297
00:00:00.198	1.313553	1.327473	1.297436
00:00:00.198	1.309890	1.334066	1.297436
00:00:00.198	1.300366	1.323077	1.298168
00:00:00.199	1.310623	1.315018	1.297436
00:00:00.199	1.309890	1.315018	1.292308
00:00:00.231	1.322344	1.319414	1.306227
00:00:00.232	1.319414	1.318681	1.309158
00:00:00.232	1.295238	1.302564	1.303297
00:00:00.232	1.302564	1.295238	1.312088
00:00:00.233	1.304762	1.294505	1.306227
00:00:00.233	1.307692	1.293040	1.299634
00:00:00.233	1.311355	1.295238	1.315751
00:00:00.234	1.315018	1.293040	1.312821
00:00:00.234	1.299634	1.290842	1.306960
00:00:00.234	1.320147	1.307692	1.312088
00:00:00.235	1.321612	1.303297	1.297436
00:00:00.235	1.319414	1.305495	1.286447
00:00:00.235	1.312088	1.314286	1.300366
00:00:00.236	1.311355	1.317216	1.297436
00:00:00.236	1.306227	1.312821	1.300366
00:00:00.237	1.310623	1.315018	1.301099
00:00:00.237	1.304029	1.307692	1.288645
00:00:00.237	1.297436	1.311355	1.300366
00:00:00.238	1.307692	1.304762	1.307692
00:00:00.238	1.301832	1.291575	1.298901
00:00:00.238	1.306960	1.293040	1.310623
00:00:00.239	1.315018	1.304762	1.313553
00:00:00.239	1.309158	1.303297	1.314286
00:00:00.239	1.312821	1.301099	1.299634
00:00:00.240	1.317216	1.312088	1.314286
00:00:00.240	1.309890	1.303297	1.317216
00:00:00.240	1.312821	1.283516	1.305495
00:00:00.241	1.308425	1.283516	1.286447
00:00:00.241	1.304762	1.300366	1.295238
00:00:00.242	1.306960	1.318681	1.297436
00:00:00.242	1.308425	1.328938	1.298168
00:00:00.242	1.311355	1.359707	1.304762
00:00:00.243	1.306960	1.343590	1.279853
00:00:00.243	1.302564	1.352381	1.295238
00:00:00.243	1.300366	1.325275	1.298168
00:00:00.244	1.303297	1.269597	1.309158
00:00:00.244	1.316484	1.244689	1.316484
00:00:00.244	1.323810	1.290842	1.312088
00:00:00.245	1.306960	1.293040	1.312088
00:00:00.245	1.312088	1.313553	1.312821
00:00:00.246	1.300366	1.320147	1.292308
00:00:00.246	1.300366	1.300366	1.304029
00:00:00.246	1.306227	1.298901	1.306960
00:00:00.247	1.313553	1.301832	1.308425
00:00:00.247	1.309890	1.265934	1.299634
00:00:00.247	1.315018	1.232967	1.292308
00:00:00.248	1.309158	1.246154	1.291575
00:00:00.248	1.298901	1.275458	1.289377
00:00:00.248	1.308425	1.310623	1.291575
00:00:00.249	1.322344	1.353114	1.302564
00:00:00.281	1.317949	1.355311	1.304762
00:00:00.281	1.312088	1.323810	1.300366
00:00:00.282	1.314286	1.326740	1.301832
00:00:00.282	1.306227	1.317216	1.313553
00:00:00.282	1.320147	1.293773	1.314286
00:00:00.283	1.322344	1.253480	1.309158
00:00:00.283	1.320879	1.254945	1.309158
00:00:00.283	1.331136	1.314286	1.315018
00:00:00.284	1.321612	1.318681	1.312821
00:00:00.284	1.313553	1.274725	1.313553
00:00:00.284	1.306227	1.255678	1.291575
00:00:00.285	1.304029	1.292308	1.298168
00:00:00.285	1.304029	1.339927	1.299634
00:00:00.287	1.301832	1.369231	1.299634
00:00:00.287	1.305495	1.362637	1.300366
00:00:00.287	1.292308	1.309890	1.289377
00:00:00.287	1.272527	1.279121	1.284982
00:00:00.288	1.271795	1.280586	1.293040
00:00:00.288	1.267399	1.287179	1.282784
00:00:00.288	1.293773	1.328938	1.304029
00:00:00.288	1.308425	1.329670	1.309890
00:00:00.288	1.297436	1.307692	1.305495
00:00:00.290	1.319414	1.311355	1.328205
00:00:00.290	1.294505	1.295238	1.320879
00:00:00.290	1.279853	1.279121	1.300366
00:00:00.290	1.312088	1.289377	1.315018
00:00:00.290	1.333333	1.286447	1.306960
00:00:00.293	1.353114	1.291575	1.300366
00:00:00.293	1.378022	1.306960	1.302564
00:00:00.293	1.364103	1.326007	1.299634
00:00:00.293	1.356777	1.343590	1.304029
00:00:00.293	1.321612	1.325275	1.298168
00:00:00.293	1.306960	1.309890	1.300366
00:00:00.293	1.298901	1.316484	1.304029
00:00:00.293	1.285714	1.324542	1.299634
00:00:00.293	1.303297	1.323077	1.306960
00:00:00.294	1.294505	1.316484	1.306227
00:00:00.294	1.287912	1.295971	1.307692
00:00:00.295	1.227839	1.306227	1.309890
00:00:00.295	1.226374	1.306960	1.312821
00:00:00.295	1.284982	1.304762	1.309890
00:00:00.296	1.372894	1.305495	1.314286
00:00:00.296	1.435165	1.285714	1.293773
00:00:00.296	1.438828	1.307692	1.312088
00:00:00.297	1.355311	1.301099	1.307692
00:00:00.297	1.298901	1.298168	1.289377
00:00:00.297	1.282784	1.308425	1.304029
00:00:00.298	1.253480	1.284982	1.280586
00:00:00.298	1.257143	1.305495	1.283516
00:00:00.298	1.257143	1.305495	1.289377
00:00:00.331	1.281319	1.308425	1.303297
00:00:00.331	1.299634	1.326007	1.320147
00:00:00.331	1.301099	1.306960	1.303297
00:00:00.332	1.312088	1.306227	1.315751
00:00:00.332	1.300366	1.300366	1.304762
00:00:00.332	1.297436	1.283516	1.296703
00:00:00.333	1.302564	1.298901	1.315018
00:00:00.333	1.295238	1.303297	1.326007
00:00:00.334	1.290110	1.306227	1.315751
00:00:00.334	1.290110	1.302564	1.306227
00:00:00.334	1.295238	1.299634	1.307692
00:00:00.335	1.332601	1.300366	1.297436
00:00:00.335	1.331136	1.302564	1.293040
00:00:00.335	1.321612	1.306960	1.296703
00:00:00.337	1.329670	1.309158	1.299634
00:00:00.337	1.315018	1.301099	1.280586
00:00:00.337	1.318681	1.324542	1.308425
00:00:00.337	1.303297	1.310623	1.296703
00:00:00.337	1.313553	1.309890	1.300366
00:00:00.337	1.317216	1.308425	1.300366
00:00:00.338	1.314286	1.311355	1.306227
00:00:00.338	1.271795	1.314286	1.313553
00:00:00.339	1.286447	1.300366	1.309890
00:00:00.339	1.320879	1.304762	1.312088
00:00:00.339	1.336264	1.309158	1.310623
00:00:00.340	1.356044	1.318681	1.317949
00:00:00.340	1.361172	1.345055	1.312821
00:00:00.340	1.339927	1.315018	1.307692
00:00:00.341	1.332601	1.272527	1.309158
00:00:00.341	1.306960	1.256410	1.297436
00:00:00.341	1.299634	1.299634	1.298901
00:00:00.342	1.279121	1.301832	1.281319
00:00:00.342	1.276923	1.290842	1.290842
00:00:00.342	1.280586	1.282784	1.295971
00:00:00.343	1.304029	1.283516	1.304029
00:00:00.343	1.305495	1.287179	1.298901
00:00:00.344	1.309890	1.295971	1.300366
00:00:00.344	1.255678	1.324542	1.307692
00:00:00.344	1.304762	1.356777	1.311355
00:00:00.345	1.359707	1.349451	1.312821
00:00:00.345	1.389011	1.331136	1.317949
00:00:00.345	1.400000	1.312821	1.316484
00:00:00.346	1.360440	1.310623	1.307692
00:00:00.346	1.301099	1.312821	1.308425
00:00:00.346	1.252747	1.296703	1.302564
00:00:00.347	1.194139	1.263736	1.284982
00:00:00.347	1.234432	1.267399	1.298901
00:00:00.347	1.282051	1.323810	1.289377
00:00:00.348	1.334799	1.325275	1.255678
00:00:00.348	1.359707	1.293040	1.267399
00:00:00.380	1.383150	1.242491	1.265934
00:00:00.381	1.352381	1.253480	1.272527
00:00:00.381	1.327473	1.306960	1.282784
00:00:00.381	1.295971	1.362637	1.309890
00:00:00.382	1.279853	1.329670	1.372894
00:00:00.382	1.290110	1.284249	1.373626
00:00:00.386	1.282784	1.275458	1.409524
00:00:00.386	1.263004	1.268132	1.350916
00:00:00.386	1.224176	1.277656	1.295238
00:00:00.386	1.218315	1.291575	1.293773
00:00:00.386	1.267399	1.297436	1.293040
00:00:00.386	1.363370	1.287179	1.294505
00:00:00.386	1.426374	1.303297	1.296703
00:00:00.386	1.410256	1.323810	1.291575
00:00:00.386	1.369231	1.334066	1.286447
00:00:00.386	1.320147	1.325275	1.284982
00:00:00.386	1.287179	1.333333	1.287912
00:00:00.386	1.260806	1.339194	1.290110
00:00:00.389	1.256410	1.332601	1.291575
00:00:00.389	1.293773	1.333333	1.311355
00:00:00.389	1.268864	1.320147	1.305495
00:00:00.389	1.270330	1.315018	1.306227
00:00:00.389	1.336996	1.308425	1.311355
00:00:00.389	1.406593	1.298168	1.300366
00:00:00.389	1.470330	1.312821	1.312821
00:00:00.389	1.412454	1.291575	1.304762
00:00:00.390	1.310623	1.288645	1.307692
00:00:00.390	1.260073	1.301832	1.307692
00:00:00.390	1.206593	1.300366	1.300366
00:00:00.391	1.203663	1.308425	1.300366
00:00:00.391	1.243956	1.298901	1.293040
00:00:00.391	1.271062	1.315751	1.288645
00:00:00.392	1.279853	1.331868	1.287912
00:00:00.392	1.317216	1.317216	1.288645
00:00:00.393	1.342857	1.298168	1.300366
00:00:00.393	1.340659	1.281319	1.304029
00:00:00.393	1.322344	1.278388	1.308425
00:00:00.394	1.280586	1.310623	1.322344
00:00:00.394	1.282784	1.294505	1.315018
00:00:00.394	1.295238	1.256410	1.309890
00:00:00.395	1.324542	1.267399	1.311355
00:00:00.395	1.345788	1.283516	1.304762
00:00:00.395	1.377289	1.323810	1.318681
00:00:00.396	1.362637	1.320879	1.307692
00:00:00.396	1.358974	1.299634	1.296703
00:00:00.396	1.326007	1.278388	1.291575
00:00:00.397	1.295971	1.284249	1.287179
00:00:00.397	1.273993	1.312088	1.292308
00:00:00.398	1.308425	1.342857	1.292308
00:00:00.398	1.334799	1.356044	1.294505
00:00:00.430	1.319414	1.358242	1.300366
00:00:00.430	1.301832	1.327473	1.291575
00:00:00.431	1.328938	1.315018	1.300366
00:00:00.431	1.317216	1.307692	1.306227
00:00:00.432	1.285714	1.306227	1.311355
00:00:00.432	1.275458	1.294505	1.312821
00:00:00.432	1.268864	1.282784	1.312821
00:00:00.433	1.276190	1.281319	1.320879
00:00:00.433	1.268864	1.256410	1.306227
00:00:00.433	1.303297	1.284982	1.313553
00:00:00.434	1.320147	1.311355	1.307692
00:00:00.434	1.319414	1.299634	1.291575
00:00:00.434	1.315018	1.301832	1.297436
00:00:00.435	1.323810	1.312088	1.295238
00:00:00.435	1.321612	1.323077	1.293040
00:00:00.435	1.311355	1.321612	1.297436
00:00:00.436	1.296703	1.315751	1.294505
00:00:00.436	1.309890	1.306960	1.300366
00:00:00.437	1.299634	1.286447	1.295238
00:00:00.437	1.288645	1.295238	1.290110
00:00:00.437	1.298168	1.315018	1.304762
00:00:00.438	1.294505	1.347253	1.308425
00:00:00.438	1.298168	1.351648	1.313553
00:00:00.438	1.301099	1.324542	1.316484
00:00:00.439	1.320147	1.308425	1.320879
00:00:00.439	1.341392	1.296703	1.310623
00:00:00.439	1.337729	1.282051	1.303297
00:00:00.440	1.353114	1.265934	1.307692
00:00:00.441	1.340659	1.268132	1.307692
00:00:00.441	1.297436	1.260806	1.307692
00:00:00.441	1.315018	1.268864	1.302564
00:00:00.441	1.323077	1.299634	1.292308
00:00:00.442	1.306227	1.317949	1.300366
00:00:00.442	1.315018	1.337729	1.301832
00:00:00.442	1.323077	1.351648	1.295971
00:00:00.443	1.331868	1.342857	1.302564
00:00:00.443	1.345788	1.326007	1.298901
00:00:00.443	1.335531	1.317949	1.298168
00:00:00.444	1.307692	1.306960	1.310623
00:00:00.444	1.267399	1.287912	1.304029
00:00:00.444	1.273993	1.289377	1.297436
00:00:00.445	1.289377	1.283516	1.305495
00:00:00.445	1.235165	1.287912	1.315751
00:00:00.445	1.253480	1.259341	1.304029
00:00:00.446	1.323077	1.274725	1.305495
00:00:00.446	1.383150	1.307692	1.306227
00:00:00.449	1.377289	1.326007	1.300366
00:00:00.449	1.353114	1.337729	1.297436
00:00:00.449	1.273993	1.323077	1.291575
00:00:00.449	1.247619	1.326740	1.295971
00:00:00.482	1.215385	1.389011	1.281319
00:00:00.482	1.215385	1.406593	1.291575
00:00:00.482	1.228571	1.345055	1.288645
00:00:00.482	1.269597	1.284982	1.287179
00:00:00.482	1.280586	1.236630	1.300366
00:00:00.482	1.343590	1.235165	1.311355
00:00:00.482	1.363370	1.257143	1.316484
00:00:00.482	1.353846	1.266667	1.320879
00:00:00.485	1.331868	1.241758	1.310623
00:00:00.485	1.311355	1.252747	1.293773
00:00:00.485	1.317216	1.316484	1.306227
00:00:00.485	1.314286	1.343590	1.303297
00:00:00.485	1.324542	1.320879	1.298168
00:00:00.485	1.334066	1.287179	1.302564
00:00:00.485	1.321612	1.247619	1.300366
00:00:00.485	1.273993	1.263736	1.300366
00:00:00.486	1.290110	1.275458	1.291575
00:00:00.486	1.305495	1.299634	1.303297
00:00:00.486	1.285714	1.302564	1.295971
00:00:00.487	1.389744	1.318681	1.300366
00:00:00.487	1.428571	1.333333	1.302564
00:00:00.487	1.429304	1.347985	1.315751
00:00:00.488	1.404396	1.355311	1.317949
00:00:00.488	1.311355	1.378022	1.323810
00:00:00.488	1.244689	1.356777	1.312088
00:00:00.489	1.212454	1.317949	1.305495
00:00:00.489	1.232234	1.301832	1.315751
00:00:00.489	1.273993	1.284982	1.313553
00:00:00.490	1.304029	1.276190	1.298901
00:00:00.490	1.320147	1.284249	1.299634
00:00:00.491	1.334799	1.281319	1.302564
00:00:00.491	1.325275	1.279853	1.299634
00:00:00.491	1.315751	1.279853	1.284249
00:00:00.492	1.300366	1.327473	1.295238
00:00:00.492	1.291575	1.342125	1.307692
00:00:00.493	1.284982	1.330403	1.300366
00:00:00.493	1.297436	1.320147	1.306227
00:00:00.493	1.301832	1.307692	1.299634
00:00:00.493	1.306960	1.295971	1.306227
00:00:00.494	1.320147	1.300366	1.318681
00:00:00.494	1.311355	1.290842	1.315018
00:00:00.494	1.320879	1.281319	1.311355
00:00:00.495	1.330403	1.306960	1.315751
00:00:00.495	1.345055	1.312088	1.317216
00:00:00.496	1.336264	1.309158	1.308425
00:00:00.496	1.328205	1.300366	1.295971
00:00:00.496	1.315018	1.290110	1.298168
00:00:00.497	1.305495	1.308425	1.300366
00:00:00.497	1.278388	1.325275	1.307692
00:00:00.497	1.265934	1.304029	1.299634
00:00:00.530	1.274725	1.295971	1.289377
00:00:00.530	1.286447	1.316484	1.293773
00:00:00.530	1.320147	1.348718	1.308425
00:00:00.531	1.342857	1.342125	1.311355
00:00:00.531	1.341392	1.315751	1.293773
00:00:00.531	1.332601	1.293773	1.299634
00:00:00.532	1.323810	1.336264	1.304029
00:00:00.532	1.303297	1.356044	1.319414
00:00:00.532	1.268864	1.300366	1.310623
00:00:00.533	1.293040	1.234432	1.310623
00:00:00.533	1.291575	1.204396	1.299634
00:00:00.533	1.272527	1.205861	1.284249
00:00:00.534	1.291575	1.266667	1.301832
00:00:00.534	1.284982	1.283516	1.294505
00:00:00.535	1.309158	1.306960	1.298168
00:00:00.535	1.322344	1.328205	1.291575
00:00:00.535	1.320879	1.329670	1.290842
00:00:00.536	1.333333	1.346520	1.304762
00:00:00.536	1.323077	1.328205	1.297436
00:00:00.536	1.336996	1.336264	1.306960
00:00:00.537	1.344322	1.331868	1.312821
00:00:00.537	1.326007	1.336264	1.312821
00:00:00.537	1.330403	1.310623	1.308425
00:00:00.538	1.328938	1.327473	1.323077
00:00:00.538	1.307692	1.330403	1.306960
00:00:00.538	1.298168	1.325275	1.316484
00:00:00.539	1.298168	1.290110	1.310623
00:00:00.539	1.290842	1.272527	1.298168
00:00:00.540	1.313553	1.300366	1.309158
00:00:00.540	1.298168	1.298901	1.298168
00:00:00.540	1.268132	1.292308	1.301832
00:00:00.541	1.269597	1.320879	1.298901
00:00:00.541	1.256410	1.328205	1.286447
00:00:00.541	1.235165	1.309158	1.285714
00:00:00.542	1.263004	1.283516	1.282784
00:00:00.542	1.307692	1.254212	1.280586
00:00:00.542	1.357509	1.250549	1.300366
00:00:00.546	1.406593	1.249817	1.291575
00:00:00.546	1.389744	1.271795	1.309158
00:00:00.546	1.347253	1.271795	1.321612
00:00:00.546	1.311355	1.279121	1.318681
00:00:00.546	1.284249	1.301099	1.309890
00:00:00.546	1.267399	1.317216	1.314286
00:00:00.546	1.286447	1.331136	1.306960
00:00:00.546	1.306960	1.335531	1.309158
00:00:00.546	1.311355	1.329670	1.303297
00:00:00.546	1.315751	1.322344	1.293773
00:00:00.546	1.305495	1.350183	1.300366
00:00:00.547	1.306227	1.340659	1.298168
00:00:00.547	1.306227	1.312088	1.295971
00:00:00.579	1.307692	1.306227	1.292308
00:00:00.580	1.320147	1.310623	1.304029
00:00:00.580	1.316484	1.302564	1.297436
00:00:00.580	1.332601	1.307692	1.309158
00:00:00.581	1.265201	1.300366	1.295238
00:00:00.581	1.271062	1.312821	1.310623
00:00:00.581	1.306227	1.292308	1.304029
00:00:00.582	1.368498	1.292308	1.298901
00:00:00.582	1.414652	1.322344	1.312821
00:00:00.582	1.374359	1.355311	1.312088
00:00:00.583	1.253480	1.377289	1.308425
00:00:00.583	1.219048	1.334799	1.315018
00:00:00.584	1.268132	1.291575	1.303297
00:00:00.584	1.332601	1.273993	1.309890
00:00:00.584	1.378755	1.197070	1.295238
00:00:00.585	1.373626	1.199267	1.289377
00:00:00.585	1.339194	1.234432	1.295238
00:00:00.585	1.293773	1.273993	1.291575
00:00:00.586	1.260806	1.295238	1.295238
00:00:00.586	1.302564	1.325275	1.293773
00:00:00.586	1.311355	1.343590	1.300366
00:00:00.587	1.322344	1.333333	1.315751
00:00:00.587	1.326007	1.298168	1.306227
00:00:00.587	1.287912	1.300366	1.312088
00:00:00.588	1.270330	1.315018	1.316484
00:00:00.588	1.265201	1.293040	1.300366
00:00:00.589	1.260073	1.289377	1.299634
00:00:00.589	1.259341	1.308425	1.304762
00:00:00.589	1.248352	1.329670	1.296703
00:00:00.590	1.243223	1.343590	1.289377
00:00:00.590	1.279121	1.329670	1.285714
00:00:00.590	1.368498	1.326740	1.307692
00:00:00.591	1.372894	1.339194	1.293773
00:00:00.591	1.338462	1.321612	1.300366
00:00:00.591	1.340659	1.293773	1.305495
00:00:00.592	1.317216	1.282051	1.300366
00:00:00.592	1.294505	1.284982	1.300366
00:00:00.592	1.332601	1.295971	1.312821
00:00:00.593	1.347985	1.293773	1.304029
00:00:00.593	1.353846	1.312088	1.313553
00:00:00.594	1.361905	1.320879	1.310623
00:00:00.594	1.318681	1.309890	1.301832
00:00:00.594	1.283516	1.298168	1.287179
00:00:00.595	1.287179	1.298168	1.297436
00:00:00.595	1.254945	1.298168	1.294505
00:00:00.595	1.297436	1.303297	1.300366
00:00:00.596	1.317216	1.304762	1.295971
00:00:00.596	1.312088	1.300366	1.300366
00:00:00.596	1.281319	1.295238	1.297436
00:00:00.598	1.275458	1.331136	1.298901
00:00:00.629	1.273260	1.360440	1.304762
00:00:00.629	1.311355	1.398535	1.310623
00:00:00.630	1.359707	1.360440	1.314286
00:00:00.630	1.339927	1.258608	1.311355
00:00:00.630	1.323810	1.214652	1.314286
00:00:00.631	1.320147	1.238095	1.318681
00:00:00.631	1.295971	1.279121	1.315018
00:00:00.631	1.304029	1.280586	1.315751
00:00:00.632	1.324542	1.304029	1.319414
00:00:00.632	1.304762	1.296703	1.306227
00:00:00.633	1.287179	1.287912	1.303297
00:00:00.633	1.295238	1.328205	1.303297
00:00:00.633	1.291575	1.353114	1.304029
00:00:00.634	1.295971	1.320147	1.300366
00:00:00.634	1.317949	1.299634	1.304029
00:00:00.634	1.338462	1.300366	1.304029
00:00:00.635	1.385348	1.278388	1.298168
00:00:00.635	1.407326	1.246154	1.276923
00:00:00.635	1.394139	1.279121	1.302564
00:00:00.636	1.347253	1.274725	1.295971
00:00:00.636	1.298168	1.298901	1.295971
00:00:00.636	1.249084	1.317949	1.312088
00:00:00.637	1.224176	1.282784	1.299634
00:00:00.637	1.237363	1.301832	1.310623
00:00:00.638	1.254945	1.314286	1.310623
00:00:00.638	1.257875	1.309158	1.301832
00:00:00.638	1.315018	1.325275	1.316484
00:00:00.640	1.335531	1.315751	1.304762
00:00:00.640	1.334799	1.311355	1.308425
00:00:00.640	1.319414	1.314286	1.300366
00:00:00.642	1.304029	1.306960	1.300366
00:00:00.642	1.295238	1.336264	1.298168
00:00:00.642	1.293773	1.364835	1.290110
00:00:00.642	1.300366	1.336264	1.281319
00:00:00.642	1.313553	1.328938	1.305495
00:00:00.642	1.326740	1.305495	1.300366
00:00:00.642	1.339927	1.312088	1.309890
00:00:00.642	1.342125	1.312821	1.304029
00:00:00.643	1.290110	1.300366	1.307692
00:00:00.643	1.284249	1.290842	1.319414
00:00:00.643	1.287179	1.293773	1.312821
00:00:00.646	1.355311	1.328205	1.326740
00:00:00.646	1.405128	1.326740	1.322344
00:00:00.646	1.375092	1.310623	1.305495
00:00:00.646	1.281319	1.330403	1.314286
00:00:00.646	1.247619	1.383883	1.304762
00:00:00.646	1.254945	1.489377	1.302564
00:00:00.646	1.306227	1.482784	1.288645
00:00:00.646	1.332601	1.351648	1.274725
00:00:00.647	1.300366	1.270330	1.295971
00:00:00.679	1.317949	1.194872	1.302564
00:00:00.679	1.282784	1.119414	1.293773
00:00:00.679	1.303297	1.135531	1.295971
00:00:00.680	1.343590	1.119414	1.303297
00:00:00.680	1.342125	1.089377	1.298168
00:00:00.680	1.324542	1.163370	1.292308
00:00:00.682	1.274725	1.277656	1.295238
00:00:00.682	1.253480	1.342857	1.323810
00:00:00.682	1.258608	1.371429	1.334799
00:00:00.682	1.281319	1.390476	1.317216
00:00:00.682	1.304762	1.430037	1.322344
00:00:00.683	1.353846	1.389744	1.323077
00:00:00.683	1.372161	1.357509	1.300366
00:00:00.683	1.328205	1.311355	1.284982
00:00:00.684	1.313553	1.290842	1.279853
00:00:00.684	1.313553	1.236630	1.294505
00:00:00.684	1.291575	1.255678	1.287912
00:00:00.685	1.278388	1.304029	1.295238
00:00:00.685	1.284982	1.298168	1.296703
00:00:00.686	1.297436	1.295971	1.296703
00:00:00.686	1.325275	1.336996	1.308425
00:00:00.686	1.345055	1.404396	1.316484
00:00:00.687	1.337729	1.391941	1.313553
00:00:00.687	1.336996	1.340659	1.312088
00:00:00.687	1.339927	1.293773	1.309158
00:00:00.688	1.308425	1.285714	1.312821
00:00:00.688	1.295971	1.270330	1.305495
00:00:00.688	1.295238	1.268864	1.304029
00:00:00.689	1.298168	1.334799	1.306960
00:00:00.689	1.286447	1.373626	1.297436
00:00:00.689	1.275458	1.320879	1.305495
00:00:00.690	1.287179	1.308425	1.293773
00:00:00.690	1.276190	1.346520	1.305495
00:00:00.691	1.288645	1.353114	1.304762
00:00:00.691	1.334799	1.361172	1.314286
00:00:00.691	1.340659	1.279121	1.302564
00:00:00.692	1.323077	1.191209	1.306960
00:00:00.692	1.312821	1.192674	1.304029
00:00:00.692	1.309890	1.241758	1.287912
00:00:00.693	1.323077	1.287179	1.312088
00:00:00.693	1.322344	1.320147	1.304029
00:00:00.693	1.306227	1.328205	1.314286
00:00:00.694	1.313553	1.322344	1.317216
00:00:00.694	1.290110	1.324542	1.306227
00:00:00.694	1.312088	1.345788	1.316484
00:00:00.695	1.323810	1.350183	1.325275
00:00:00.695	1.317949	1.330403	1.300366
00:00:00.696	1.304762	1.326740	1.314286
00:00:00.696	1.288645	1.326740	1.309890
00:00:00.696	1.271795	1.301832	1.295971
00:00:00.728	1.295238	1.309158	1.287912
00:00:00.729	1.293040	1.327473	1.282784
00:00:00.729	1.280586	1.334066	1.285714
00:00:00.730	1.333333	1.323810	1.299634
00:00:00.730	1.368498	1.331868	1.276190
00:00:00.730	1.400000	1.339194	1.284982
00:00:00.731	1.366300	1.355311	1.303297
00:00:00.731	1.323077	1.254945	1.317216
00:00:00.731	1.283516	1.147985	1.305495
00:00:00.732	1.258608	1.189011	1.317216
00:00:00.732	1.254212	1.268864	1.312821
00:00:00.732	1.197070	1.256410	1.317216
00:00:00.733	1.268132	1.246886	1.328938
00:00:00.734	1.373626	1.206593	1.308425
00:00:00.734	1.465934	1.247619	1.312088
00:00:00.734	1.471795	1.358242	1.299634
00:00:00.734	1.399267	1.382418	1.305495
00:00:00.735	1.245421	1.335531	1.276190
00:00:00.735	1.224908	1.339194	1.290842
00:00:00.735	1.213187	1.328938	1.276190
00:00:00.738	1.247619	1.361905	1.293773
00:00:00.738	1.276923	1.382418	1.310623
00:00:00.738	1.276923	1.391941	1.323077
00:00:00.738	1.278388	1.339927	1.302564
00:00:00.738	1.274725	1.260073	1.292308
00:00:00.738	1.267399	1.271795	1.294505
00:00:00.738	1.280586	1.298168	1.290842
00:00:00.738	1.317216	1.294505	1.282784
00:00:00.738	1.345788	1.237363	1.287179
00:00:00.741	1.343590	1.241758	1.291575
00:00:00.741	1.327473	1.263736	1.296703
00:00:00.741	1.320147	1.272527	1.299634
00:00:00.741	1.323077	1.306960	1.311355
00:00:00.741	1.319414	1.344322	1.304029
00:00:00.741	1.326740	1.380220	1.301832
00:00:00.741	1.328938	1.345055	1.312821
00:00:00.741	1.331136	1.315018	1.309158
00:00:00.742	1.320879	1.287912	1.305495
00:00:00.742	1.309158	1.285714	1.315018
00:00:00.742	1.307692	1.272527	1.311355
00:00:00.743	1.307692	1.323810	1.309890
00:00:00.743	1.305495	1.368498	1.311355
00:00:00.743	1.307692	1.350183	1.306960
00:00:00.744	1.300366	1.330403	1.310623
00:00:00.744	1.293773	1.293773	1.316484
00:00:00.745	1.296703	1.252747	1.308425
00:00:00.745	1.302564	1.238828	1.306227
00:00:00.745	1.303297	1.232967	1.290842
00:00:00.746	1.282784	1.260073	1.298168
00:00:00.746	1.335531	1.266667	1.288645
00:00:00.778	1.386813	1.302564	1.300366
00:00:00.779	1.350916	1.330403	1.298168
00:00:00.779	1.276923	1.333333	1.290110
00:00:00.779	1.271795	1.389744	1.304762
00:00:00.780	1.275458	1.382418	1.307692
00:00:00.780	1.304029	1.363370	1.295238
00:00:00.780	1.347253	1.353114	1.315751
00:00:00.781	1.353846	1.320879	1.312821
00:00:00.781	1.350183	1.276190	1.320879
00:00:00.781	1.328938	1.238828	1.311355
00:00:00.782	1.311355	1.211722	1.305495
00:00:00.782	1.276190	1.244689	1.312088
00:00:00.782	1.268132	1.274725	1.308425
00:00:00.783	1.307692	1.294505	1.308425
00:00:00.783	1.338462	1.326007	1.306227
00:00:00.784	1.388278	1.350183	1.304029
00:00:00.784	1.345055	1.326007	1.294505
00:00:00.784	1.295971	1.339927	1.292308
00:00:00.785	1.263736	1.360440	1.298901
00:00:00.785	1.260806	1.323810	1.296703
00:00:00.786	1.266667	1.282784	1.295238
00:00:00.786	1.305495	1.248352	1.295238
00:00:00.786	1.324542	1.268132	1.299634
00:00:00.786	1.313553	1.311355	1.315751
00:00:00.787	1.284982	1.335531	1.304029
00:00:00.787	1.307692	1.312088	1.307692
00:00:00.787	1.335531	1.309890	1.309890
00:00:00.788	1.315751	1.285714	1.302564
00:00:00.788	1.293040	1.300366	1.310623
00:00:00.789	1.298901	1.295971	1.306227
00:00:00.789	1.282051	1.320879	1.300366
00:00:00.789	1.312088	1.338462	1.306960
00:00:00.790	1.317949	1.315751	1.292308
00:00:00.790	1.309158	1.315018	1.306227
00:00:00.790	1.296703	1.336996	1.300366
00:00:00.791	1.289377	1.319414	1.292308
00:00:00.791	1.326740	1.320879	1.304762
00:00:00.791	1.338462	1.285714	1.296703
00:00:00.792	1.381685	1.328938	1.302564
00:00:00.792	1.358974	1.338462	1.312821
00:00:00.792	1.321612	1.304762	1.309890
00:00:00.793	1.285714	1.226374	1.312821
