timestamp	ch1	ch2	ch3
00:00:00.000	1.310623	1.320147	1.315751
00:00:00.000	1.301832	1.322344	1.313553
00:00:00.000	1.313553	1.323810	1.320879
00:00:00.000	1.306960	1.320879	1.315751
00:00:00.000	1.308425	1.324542	1.312088
00:00:00.000	1.298168	1.315018	1.305495
00:00:00.000	1.305495	1.308425	1.297436
00:00:00.000	1.309890	1.304762	1.306960
00:00:00.001	1.317216	1.304762	1.312821
00:00:00.001	1.315751	1.300366	1.309158
00:00:00.002	1.326007	1.298168	1.318681
00:00:00.002	1.316484	1.284249	1.301832
00:00:00.002	1.311355	1.290110	1.310623
00:00:00.003	1.315018	1.298168	1.309890
00:00:00.003	1.317216	1.312088	1.312821
00:00:00.003	1.308425	1.311355	1.304762
00:00:00.004	1.301099	1.315751	1.300366
00:00:00.004	1.308425	1.326740	1.309158
00:00:00.004	1.309158	1.326007	1.306227
00:00:00.005	1.301832	1.325275	1.300366
00:00:00.005	1.310623	1.326740	1.305495
00:00:00.005	1.297436	1.309158	1.304029
00:00:00.006	1.312088	1.315018	1.305495
00:00:00.006	1.302564	1.306227	1.303297
00:00:00.007	1.321612	1.311355	1.312821
00:00:00.007	1.320147	1.308425	1.307692
00:00:00.007	1.306227	1.298168	1.306227
00:00:00.008	1.316484	1.289377	1.302564
00:00:00.008	1.306227	1.283516	1.294505
00:00:00.008	1.326740	1.297436	1.305495
00:00:00.009	1.305495	1.312088	1.293773
00:00:00.009	1.306960	1.314286	1.305495
00:00:00.009	1.322344	1.302564	1.300366
00:00:00.010	1.316484	1.311355	1.305495
00:00:00.010	1.309890	1.315018	1.306960
00:00:00.010	1.305495	1.302564	1.305495
00:00:00.011	1.301832	1.309158	1.303297
00:00:00.011	1.302564	1.305495	1.303297
00:00:00.012	1.298168	1.306960	1.305495
00:00:00.012	1.306227	1.310623	1.304762
00:00:00.012	1.314286	1.309158	1.310623
00:00:00.013	1.317216	1.315751	1.302564
00:00:00.013	1.306960	1.303297	1.293040
00:00:00.013	1.323077	1.304762	1.309158
00:00:00.014	1.309158	1.291575	1.302564
00:00:00.014	1.320879	1.301832	1.306227
00:00:00.046	1.313553	1.276190	1.304029
00:00:00.047	1.310623	1.282051	1.297436
00:00:00.047	1.313553	1.301832	1.306227
00:00:00.047	1.310623	1.304762	1.298168
00:00:00.048	1.301832	1.312088	1.305495
00:00:00.048	1.309158	1.333333	1.302564
00:00:00.048	1.311355	1.339194	1.312821
00:00:00.049	1.303297	1.330403	1.304029
00:00:00.049	1.306960	1.326740	1.303297
00:00:00.049	1.297436	1.311355	1.303297
00:00:00.050	1.307692	1.301832	1.310623
00:00:00.050	1.309890	1.282784	1.312821
00:00:00.051	1.312088	1.284982	1.310623
00:00:00.051	1.320147	1.298168	1.306227
00:00:00.051	1.315018	1.302564	1.295971
00:00:00.053	1.323077	1.304762	1.312088
00:00:00.053	1.323077	1.300366	1.304762
00:00:00.053	1.310623	1.310623	1.311355
00:00:00.053	1.306227	1.315751	1.305495
00:00:00.053	1.321612	1.295971	1.286447
00:00:00.053	1.319414	1.293773	1.312088
00:00:00.054	1.307692	1.299634	1.305495
00:00:00.054	1.305495	1.339927	1.304762
00:00:00.054	1.306227	1.367766	1.309158
00:00:00.055	1.303297	1.358242	1.300366
00:00:00.055	1.298168	1.332601	1.295238
00:00:00.057	1.293040	1.320147	1.306960
00:00:00.057	1.311355	1.305495	1.307692
00:00:00.057	1.315018	1.269597	1.311355
00:00:00.058	1.317949	1.246154	1.298901
00:00:00.058	1.315751	1.281319	1.308425
00:00:00.058	1.318681	1.291575	1.304762
00:00:00.060	1.322344	1.300366	1.309890
00:00:00.060	1.322344	1.321612	1.315751
00:00:00.060	1.317949	1.313553	1.306227
00:00:00.060	1.311355	1.304029	1.295238
00:00:00.060	1.310623	1.321612	1.306227
00:00:00.060	1.306960	1.313553	1.306960
00:00:00.060	1.307692	1.323077	1.312088
00:00:00.060	1.309890	1.314286	1.301832
00:00:00.061	1.296703	1.292308	1.301832
00:00:00.065	1.305495	1.301832	1.304029
00:00:00.065	1.300366	1.306227	1.297436
00:00:00.065	1.308425	1.313553	1.298168
00:00:00.065	1.317216	1.292308	1.310623
00:00:00.065	1.320147	1.293040	1.307692
00:00:00.065	1.314286	1.293040	1.306960
00:00:00.065	1.304029	1.268132	1.293040
00:00:00.065	1.313553	1.241758	1.302564
00:00:00.065	1.320879	1.282051	1.314286
00:00:00.096	1.315018	1.305495	1.305495
00:00:00.096	1.298901	1.309890	1.297436
00:00:00.097	1.316484	1.318681	1.298901
00:00:00.097	1.312088	1.331868	1.305495
00:00:00.097	1.311355	1.332601	1.297436
00:00:00.098	1.309158	1.349451	1.307692
00:00:00.098	1.308425	1.342857	1.303297
00:00:00.098	1.305495	1.340659	1.312821
00:00:00.099	1.299634	1.316484	1.297436
00:00:00.099	1.303297	1.304762	1.292308
00:00:00.100	1.312088	1.315018	1.306960
00:00:00.100	1.303297	1.307692	1.304762
00:00:00.100	1.303297	1.330403	1.309158
00:00:00.101	1.321612	1.298168	1.309158
00:00:00.101	1.312088	1.268132	1.304029
00:00:00.101	1.320147	1.265201	1.295238
00:00:00.102	1.318681	1.293773	1.306227
00:00:00.102	1.315751	1.287179	1.298168
00:00:00.102	1.324542	1.314286	1.309158
00:00:00.103	1.319414	1.323810	1.298901
00:00:00.103	1.310623	1.317216	1.304762
00:00:00.103	1.318681	1.336264	1.315018
00:00:00.105	1.310623	1.326740	1.307692
00:00:00.105	1.315751	1.314286	1.312821
00:00:00.105	1.307692	1.315018	1.303297
00:00:00.105	1.312088	1.322344	1.310623
00:00:00.105	1.306960	1.320147	1.315751
00:00:00.106	1.290110	1.309158	1.303297
00:00:00.106	1.298168	1.273993	1.298168
00:00:00.106	1.307692	1.274725	1.309890
00:00:00.107	1.316484	1.282051	1.298901
00:00:00.107	1.314286	1.293773	1.296703
00:00:00.107	1.318681	1.312088	1.306227
00:00:00.108	1.317216	1.293773	1.298168
00:00:00.108	1.293040	1.290842	1.309890
00:00:00.108	1.307692	1.313553	1.313553
00:00:00.109	1.307692	1.327473	1.295971
00:00:00.109	1.306960	1.337729	1.304029
00:00:00.110	1.300366	1.327473	1.304762
00:00:00.110	1.303297	1.328205	1.309890
00:00:00.110	1.301832	1.339927	1.309890
00:00:00.111	1.305495	1.328205	1.312088
00:00:00.111	1.310623	1.304762	1.304029
00:00:00.111	1.304029	1.292308	1.297436
00:00:00.112	1.314286	1.300366	1.305495
00:00:00.112	1.316484	1.308425	1.308425
00:00:00.112	1.320879	1.306227	1.309158
00:00:00.113	1.321612	1.299634	1.309890
00:00:00.113	1.315018	1.305495	1.310623
00:00:00.113	1.312821	1.291575	1.298168
00:00:00.146	1.323077	1.311355	1.310623
00:00:00.146	1.315751	1.305495	1.306960
00:00:00.146	1.307692	1.295971	1.309890
00:00:00.147	1.308425	1.290110	1.309890
00:00:00.147	1.312821	1.288645	1.304762
00:00:00.147	1.312088	1.292308	1.309890
00:00:00.148	1.304029	1.300366	1.309890
00:00:00.148	1.299634	1.314286	1.304762
00:00:00.149	1.299634	1.322344	1.310623
00:00:00.149	1.313553	1.301832	1.305495
00:00:00.149	1.311355	1.310623	1.304762
00:00:00.150	1.309890	1.317949	1.306960
00:00:00.150	1.309158	1.309890	1.312821
00:00:00.150	1.312088	1.298168	1.298168
00:00:00.151	1.317949	1.309158	1.309890
00:00:00.151	1.320147	1.299634	1.315751
00:00:00.151	1.320879	1.305495	1.317216
00:00:00.156	1.320147	1.314286	1.309890
00:00:00.156	1.302564	1.304029	1.304029
00:00:00.156	1.312088	1.303297	1.309890
00:00:00.156	1.309890	1.283516	1.312821
00:00:00.156	1.309890	1.230037	1.293773
00:00:00.156	1.302564	1.284249	1.291575
00:00:00.156	1.293773	1.293040	1.285714
00:00:00.156	1.301832	1.364103	1.292308
00:00:00.156	1.301832	1.388278	1.304762
00:00:00.156	1.303297	1.347985	1.300366
00:00:00.156	1.295238	1.309890	1.304762
00:00:00.156	1.306227	1.303297	1.295971
00:00:00.160	1.317216	1.295238	1.309890
00:00:00.160	1.308425	1.276923	1.310623
00:00:00.160	1.315018	1.293773	1.319414
00:00:00.160	1.318681	1.295238	1.322344
00:00:00.160	1.320879	1.268864	1.312088
00:00:00.160	1.342125	1.264469	1.295971
00:00:00.160	1.353114	1.298168	1.320879
00:00:00.160	1.340659	1.304029	1.320147
00:00:00.160	1.328205	1.306227	1.320147
00:00:00.160	1.312088	1.321612	1.312821
00:00:00.160	1.294505	1.320879	1.276923
00:00:00.160	1.283516	1.338462	1.296703
00:00:00.160	1.243956	1.356777	1.290842
00:00:00.161	1.245421	1.373626	1.293773
00:00:00.161	1.290110	1.358974	1.302564
00:00:00.161	1.312088	1.326007	1.306227
00:00:00.162	1.310623	1.290110	1.300366
00:00:00.162	1.320879	1.271795	1.304029
00:00:00.163	1.326007	1.260806	1.293773
00:00:00.163	1.321612	1.258608	1.306227
00:00:00.163	1.320147	1.264469	1.304029
00:00:00.195	1.327473	1.274725	1.322344
00:00:00.196	1.320879	1.280586	1.312088
00:00:00.196	1.309158	1.297436	1.317216
00:00:00.196	1.314286	1.307692	1.315751
00:00:00.197	1.300366	1.309890	1.315751
00:00:00.197	1.315018	1.327473	1.336264
00:00:00.198	1.305495	1.323077	1.323810
00:00:00.198	1.300366	1.309158	1.309890
00:00:00.198	1.295971	1.297436	1.282784
00:00:00.199	1.308425	1.324542	1.309890
00:00:00.199	1.301832	1.320879	1.306227
00:00:00.199	1.305495	1.334066	1.305495
00:00:00.200	1.310623	1.300366	1.286447
00:00:00.200	1.311355	1.273260	1.257875
00:00:00.200	1.315751	1.251282	1.234432
00:00:00.201	1.308425	1.273993	1.227839
00:00:00.201	1.320147	1.295238	1.276923
00:00:00.201	1.320147	1.313553	1.316484
00:00:00.202	1.321612	1.320147	1.329670
00:00:00.202	1.328938	1.318681	1.326740
00:00:00.203	1.301832	1.309158	1.323810
00:00:00.203	1.271795	1.331868	1.323810
00:00:00.203	1.293040	1.334799	1.318681
00:00:00.204	1.315018	1.331868	1.315018
00:00:00.204	1.312088	1.331136	1.309158
00:00:00.204	1.304762	1.301832	1.315751
00:00:00.205	1.317949	1.299634	1.318681
00:00:00.205	1.311355	1.295238	1.310623
00:00:00.205	1.310623	1.301099	1.310623
00:00:00.206	1.304762	1.308425	1.302564
00:00:00.206	1.315018	1.287179	1.302564
00:00:00.207	1.315751	1.271795	1.306227
00:00:00.207	1.320147	1.290110	1.309890
00:00:00.207	1.309158	1.287912	1.295971
00:00:00.208	1.323077	1.308425	1.308425
00:00:00.208	1.315018	1.312088	1.309890
00:00:00.209	1.320879	1.334799	1.308425
00:00:00.209	1.309890	1.346520	1.306960
00:00:00.209	1.312821	1.321612	1.312088
00:00:00.209	1.314286	1.330403	1.310623
00:00:00.210	1.299634	1.303297	1.304762
00:00:00.210	1.304762	1.309158	1.299634
00:00:00.210	1.308425	1.313553	1.312088
00:00:00.211	1.301832	1.320879	1.308425
00:00:00.211	1.295238	1.296703	1.295238
00:00:00.212	1.311355	1.300366	1.305495
00:00:00.212	1.315751	1.261538	1.308425
00:00:00.212	1.308425	1.251282	1.293040
00:00:00.213	1.311355	1.293040	1.312821
00:00:00.213	1.315018	1.332601	1.307692
00:00:00.245	1.321612	1.333333	1.309158
00:00:00.245	1.326007	1.316484	1.310623
00:00:00.246	1.318681	1.307692	1.305495
00:00:00.246	1.312821	1.274725	1.311355
00:00:00.247	1.307692	1.240293	1.311355
00:00:00.247	1.315018	1.233700	1.300366
00:00:00.247	1.304762	1.285714	1.308425
00:00:00.250	1.305495	1.324542	1.305495
00:00:00.250	1.294505	1.337729	1.296703
00:00:00.250	1.306960	1.360440	1.308425
00:00:00.250	1.308425	1.332601	1.302564
00:00:00.250	1.310623	1.326007	1.300366
00:00:00.250	1.309158	1.331868	1.306227
00:00:00.250	1.317216	1.347985	1.306227
00:00:00.250	1.318681	1.327473	1.309158
00:00:00.252	1.310623	1.298168	1.300366
00:00:00.252	1.317216	1.306227	1.311355
00:00:00.252	1.321612	1.290110	1.308425
00:00:00.252	1.305495	1.260073	1.293773
00:00:00.252	1.317949	1.286447	1.309158
00:00:00.252	1.312821	1.298168	1.304762
00:00:00.253	1.315751	1.320147	1.308425
00:00:00.253	1.297436	1.318681	1.308425
00:00:00.253	1.298168	1.328205	1.306960
00:00:00.257	1.297436	1.327473	1.302564
00:00:00.257	1.303297	1.343590	1.302564
00:00:00.257	1.291575	1.298168	1.292308
00:00:00.257	1.306227	1.292308	1.298901
00:00:00.257	1.306227	1.301099	1.300366
00:00:00.257	1.303297	1.312088	1.296703
00:00:00.257	1.310623	1.295238	1.308425
00:00:00.257	1.317216	1.275458	1.300366
00:00:00.257	1.321612	1.305495	1.300366
00:00:00.257	1.326007	1.292308	1.317216
00:00:00.257	1.318681	1.304029	1.311355
00:00:00.258	1.323810	1.308425	1.309158
00:00:00.258	1.319414	1.311355	1.305495
00:00:00.258	1.316484	1.306960	1.309890
00:00:00.259	1.316484	1.313553	1.304762
00:00:00.259	1.301832	1.326740	1.304762
00:00:00.259	1.300366	1.356777	1.301832
00:00:00.260	1.304762	1.350916	1.307692
00:00:00.260	1.296703	1.331868	1.311355
00:00:00.261	1.307692	1.311355	1.306960
00:00:00.261	1.302564	1.286447	1.293040
00:00:00.261	1.306227	1.284249	1.296703
00:00:00.262	1.306960	1.287912	1.295971
00:00:00.262	1.308425	1.283516	1.300366
00:00:00.262	1.322344	1.310623	1.304762
00:00:00.263	1.318681	1.326007	1.299634
00:00:00.295	1.323077	1.324542	1.308425
00:00:00.295	1.321612	1.318681	1.307692
00:00:00.296	1.320879	1.347985	1.306960
00:00:00.296	1.314286	1.333333	1.301832
00:00:00.296	1.322344	1.335531	1.312088
00:00:00.297	1.300366	1.273260	1.295238
00:00:00.297	1.315751	1.281319	1.317216
00:00:00.297	1.306227	1.282784	1.309158
00:00:00.298	1.304762	1.278388	1.305495
00:00:00.298	1.306227	1.233700	1.314286
00:00:00.298	1.305495	1.252747	1.304762
00:00:00.299	1.305495	1.320147	1.316484
00:00:00.299	1.313553	1.329670	1.307692
00:00:00.300	1.317949	1.337729	1.313553
00:00:00.300	1.304029	1.317216	1.300366
00:00:00.300	1.311355	1.305495	1.297436
00:00:00.301	1.320147	1.318681	1.306960
00:00:00.301	1.316484	1.315018	1.301832
00:00:00.301	1.322344	1.319414	1.304762
00:00:00.302	1.317949	1.320879	1.303297
00:00:00.302	1.301832	1.317949	1.295238
00:00:00.302	1.306960	1.315751	1.290110
00:00:00.303	1.306227	1.324542	1.294505
00:00:00.303	1.302564	1.318681	1.302564
00:00:00.303	1.301832	1.297436	1.298901
00:00:00.304	1.300366	1.287912	1.307692
00:00:00.304	1.309158	1.274725	1.313553
00:00:00.305	1.312088	1.277656	1.308425
00:00:00.305	1.306960	1.296703	1.299634
00:00:00.305	1.320879	1.328205	1.316484
00:00:00.306	1.314286	1.323077	1.309890
00:00:00.306	1.316484	1.313553	1.304762
00:00:00.306	1.317216	1.304029	1.312088
00:00:00.307	1.322344	1.305495	1.306227
00:00:00.307	1.305495	1.299634	1.298168
00:00:00.307	1.319414	1.314286	1.307692
00:00:00.308	1.311355	1.308425	1.306960
00:00:00.308	1.315018	1.320147	1.305495
00:00:00.308	1.298168	1.299634	1.295238
00:00:00.309	1.309890	1.319414	1.307692
00:00:00.309	1.304762	1.321612	1.300366
00:00:00.310	1.309158	1.344322	1.309890
00:00:00.310	1.303297	1.336264	1.308425
00:00:00.310	1.304762	1.318681	1.300366
00:00:00.311	1.305495	1.315751	1.300366
00:00:00.311	1.313553	1.313553	1.309890
00:00:00.311	1.299634	1.284982	1.294505
00:00:00.313	1.320147	1.298168	1.315018
00:00:00.313	1.320147	1.279121	1.311355
00:00:00.313	1.306960	1.281319	1.303297
00:00:00.347	1.310623	1.294505	1.296703
00:00:00.347	1.323810	1.313553	1.312821
00:00:00.347	1.317216	1.312088	1.310623
00:00:00.347	1.315018	1.299634	1.300366
00:00:00.347	1.297436	1.294505	1.300366
00:00:00.347	1.309890	1.304762	1.304029
00:00:00.347	1.307692	1.299634	1.305495
00:00:00.347	1.305495	1.279853	1.313553
00:00:00.347	1.310623	1.312088	1.306960
00:00:00.351	1.314286	1.345788	1.309890
00:00:00.351	1.307692	1.351648	1.315751
00:00:00.351	1.301099	1.329670	1.310623
00:00:00.351	1.314286	1.329670	1.309890
00:00:00.351	1.309158	1.317216	1.306227
00:00:00.351	1.312088	1.297436	1.304029
00:00:00.351	1.320879	1.291575	1.309890
00:00:00.351	1.324542	1.303297	1.307692
00:00:00.351	1.324542	1.284982	1.315751
00:00:00.351	1.312088	1.288645	1.306960
00:00:00.351	1.315751	1.291575	1.299634
00:00:00.352	1.299634	1.290110	1.298901
00:00:00.352	1.310623	1.312088	1.300366
00:00:00.352	1.305495	1.328205	1.296703
00:00:00.353	1.301832	1.310623	1.300366
00:00:00.353	1.301832	1.283516	1.301832
00:00:00.354	1.300366	1.320147	1.297436
00:00:00.354	1.310623	1.317949	1.309158
00:00:00.354	1.309890	1.306960	1.303297
00:00:00.355	1.314286	1.342125	1.315018
00:00:00.355	1.310623	1.326007	1.308425
00:00:00.355	1.317216	1.307692	1.309890
00:00:00.356	1.318681	1.305495	1.310623
00:00:00.356	1.318681	1.290110	1.300366
00:00:00.356	1.315018	1.270330	1.307692
00:00:00.357	1.322344	1.271062	1.306227
00:00:00.357	1.306227	1.290110	1.304762
00:00:00.357	1.314286	1.308425	1.303297
00:00:00.358	1.316484	1.323077	1.298168
00:00:00.358	1.315751	1.329670	1.311355
00:00:00.359	1.312088	1.335531	1.304029
00:00:00.359	1.297436	1.336996	1.298901
00:00:00.359	1.296703	1.328205	1.299634
00:00:00.360	1.298901	1.304762	1.293773
00:00:00.360	1.309158	1.294505	1.310623
00:00:00.360	1.308425	1.286447	1.303297
00:00:00.361	1.309890	1.321612	1.312088
00:00:00.361	1.308425	1.317216	1.314286
00:00:00.361	1.309890	1.287912	1.304029
00:00:00.362	1.320879	1.284249	1.312088
00:00:00.362	1.318681	1.284982	1.300366
00:00:00.394	1.309158	1.271795	1.295971
00:00:00.395	1.321612	1.298901	1.309158
00:00:00.395	1.312088	1.299634	1.300366
00:00:00.395	1.320879	1.350183	1.313553
00:00:00.396	1.318681	1.333333	1.303297
00:00:00.396	1.309890	1.314286	1.305495
00:00:00.396	1.309890	1.313553	1.304762
00:00:00.398	1.304762	1.323077	1.306227
00:00:00.398	1.299634	1.317949	1.303297
00:00:00.398	1.303297	1.318681	1.306227
00:00:00.398	1.304762	1.315018	1.301832
00:00:00.398	1.305495	1.313553	1.309158
00:00:00.399	1.306960	1.310623	1.300366
00:00:00.399	1.309890	1.306960	1.304762
00:00:00.399	1.314286	1.298168	1.306227
00:00:00.400	1.305495	1.290110	1.302564
00:00:00.400	1.322344	1.294505	1.308425
00:00:00.400	1.321612	1.293040	1.297436
00:00:00.401	1.304762	1.287912	1.302564
00:00:00.401	1.318681	1.296703	1.304029
00:00:00.401	1.310623	1.298901	1.314286
00:00:00.402	1.322344	1.301099	1.306227
00:00:00.402	1.306227	1.301832	1.298901
00:00:00.403	1.306227	1.310623	1.302564
00:00:00.403	1.295238	1.310623	1.305495
00:00:00.403	1.302564	1.315751	1.308425
00:00:00.404	1.306227	1.323077	1.313553
00:00:00.404	1.305495	1.321612	1.306227
00:00:00.404	1.297436	1.306960	1.300366
00:00:00.405	1.308425	1.312821	1.300366
00:00:00.405	1.298901	1.301832	1.302564
00:00:00.405	1.312088	1.301099	1.305495
00:00:00.406	1.308425	1.295238	1.304762
00:00:00.406	1.312088	1.290842	1.307692
00:00:00.407	1.320147	1.290110	1.306227
00:00:00.407	1.308425	1.293773	1.299634
00:00:00.407	1.317949	1.315751	1.307692
00:00:00.409	1.311355	1.333333	1.305495
00:00:00.409	1.312088	1.326740	1.306227
00:00:00.409	1.310623	1.326007	1.306960
00:00:00.409	1.310623	1.288645	1.306227
00:00:00.409	1.308425	1.273260	1.309158
00:00:00.409	1.306227	1.315018	1.302564
00:00:00.410	1.317216	1.361172	1.312088
00:00:00.410	1.300366	1.337729	1.298901
00:00:00.410	1.309890	1.271062	1.299634
00:00:00.411	1.312821	1.285714	1.306960
00:00:00.411	1.315018	1.310623	1.306960
00:00:00.412	1.314286	1.300366	1.306227
00:00:00.412	1.317949	1.294505	1.311355
00:00:00.444	1.315018	1.303297	1.300366
00:00:00.444	1.324542	1.316484	1.308425
00:00:00.445	1.304029	1.299634	1.295238
00:00:00.448	1.313553	1.297436	1.304029
00:00:00.448	1.310623	1.283516	1.304029
00:00:00.448	1.312088	1.259341	1.299634
00:00:00.448	1.316484	1.301832	1.310623
00:00:00.448	1.312088	1.344322	1.298168
00:00:00.448	1.308425	1.391209	1.309890
00:00:00.448	1.308425	1.391941	1.310623
00:00:00.448	1.293040	1.367766	1.307692
00:00:00.448	1.303297	1.327473	1.321612
00:00:00.448	1.310623	1.291575	1.315751
00:00:00.449	1.309890	1.243956	1.315751
00:00:00.450	1.314286	1.221978	1.312821
00:00:00.450	1.309158	1.202198	1.289377
00:00:00.450	1.307692	1.246886	1.298168
00:00:00.450	1.317216	1.273260	1.304029
00:00:00.451	1.317216	1.304762	1.287912
00:00:00.451	1.323810	1.328938	1.304029
00:00:00.451	1.313553	1.322344	1.303297
00:00:00.452	1.315018	1.320879	1.300366
00:00:00.452	1.313553	1.328938	1.305495
00:00:00.452	1.313553	1.334799	1.306227
00:00:00.453	1.305495	1.332601	1.300366
00:00:00.453	1.307692	1.330403	1.308425
00:00:00.453	1.300366	1.326007	1.302564
00:00:00.454	1.312821	1.330403	1.310623
00:00:00.454	1.305495	1.326740	1.306960
00:00:00.454	1.307692	1.328205	1.312088
00:00:00.455	1.315751	1.323077	1.309158
00:00:00.455	1.306227	1.301832	1.295238
00:00:00.456	1.319414	1.320879	1.314286
00:00:00.456	1.310623	1.335531	1.298901
00:00:00.456	1.320147	1.339194	1.305495
00:00:00.457	1.321612	1.309890	1.300366
00:00:00.457	1.320879	1.314286	1.301832
00:00:00.457	1.317949	1.317949	1.307692
00:00:00.458	1.317216	1.298168	1.304029
00:00:00.458	1.308425	1.289377	1.300366
00:00:00.458	1.306227	1.280586	1.292308
00:00:00.459	1.297436	1.263736	1.294505
00:00:00.459	1.309158	1.284982	1.308425
00:00:00.459	1.305495	1.257143	1.307692
00:00:00.460	1.305495	1.271795	1.304762
00:00:00.460	1.308425	1.281319	1.309890
00:00:00.461	1.304762	1.282784	1.304762
00:00:00.461	1.315018	1.295238	1.310623
00:00:00.461	1.314286	1.312088	1.309158
00:00:00.462	1.321612	1.330403	1.312821
00:00:00.494	1.315018	1.320879	1.303297
00:00:00.494	1.315018	1.323077	1.308425
00:00:00.495	1.322344	1.311355	1.312088
00:00:00.495	1.317216	1.285714	1.306227
00:00:00.495	1.305495	1.286447	1.292308
00:00:00.496	1.304762	1.288645	1.304029
00:00:00.496	1.307692	1.282784	1.295238
00:00:00.496	1.306960	1.324542	1.307692
00:00:00.497	1.314286	1.375824	1.311355
00:00:00.497	1.312088	1.353846	1.302564
00:00:00.497	1.300366	1.308425	1.300366
00:00:00.498	1.308425	1.331136	1.308425
00:00:00.498	1.297436	1.318681	1.312821
00:00:00.498	1.308425	1.323077	1.311355
00:00:00.499	1.309158	1.306227	1.300366
00:00:00.499	1.317949	1.300366	1.311355
00:00:00.500	1.317949	1.294505	1.306227
00:00:00.500	1.316484	1.298168	1.312821
00:00:00.500	1.305495	1.286447	1.306227
00:00:00.501	1.320147	1.295971	1.308425
00:00:00.501	1.316484	1.305495	1.313553
00:00:00.502	1.317216	1.304029	1.306960
00:00:00.502	1.315751	1.314286	1.309890
00:00:00.502	1.309158	1.317949	1.304762
00:00:00.502	1.298168	1.313553	1.306227
00:00:00.503	1.294505	1.320879	1.303297
00:00:00.503	1.306960	1.332601	1.306227
00:00:00.503	1.292308	1.307692	1.300366
00:00:00.505	1.298168	1.294505	1.294505
00:00:00.505	1.314286	1.298901	1.309158
00:00:00.505	1.308425	1.288645	1.306960
00:00:00.505	1.310623	1.294505	1.310623
00:00:00.505	1.312088	1.299634	1.301832
00:00:00.507	1.322344	1.326007	1.305495
00:00:00.507	1.317949	1.321612	1.299634
00:00:00.507	1.315751	1.301099	1.306960
00:00:00.507	1.317949	1.293040	1.305495
00:00:00.507	1.314286	1.271062	1.309158
00:00:00.507	1.318681	1.272527	1.309890
00:00:00.508	1.305495	1.233700	1.292308
00:00:00.508	1.309890	1.287179	1.303297
00:00:00.508	1.312088	1.326740	1.311355
00:00:00.509	1.309890	1.326007	1.306227
00:00:00.509	1.309158	1.336264	1.316484
00:00:00.513	1.302564	1.323077	1.295238
00:00:00.513	1.301832	1.318681	1.297436
00:00:00.513	1.306960	1.322344	1.304029
00:00:00.513	1.312821	1.318681	1.303297
00:00:00.513	1.314286	1.312088	1.311355
00:00:00.513	1.323810	1.307692	1.312088
00:00:00.545	1.320879	1.308425	1.308425
00:00:00.545	1.315751	1.293040	1.294505
00:00:00.545	1.316484	1.296703	1.312088
00:00:00.545	1.303297	1.293773	1.300366
00:00:00.545	1.305495	1.290842	1.298168
00:00:00.545	1.309158	1.304029	1.304029
00:00:00.546	1.305495	1.311355	1.303297
00:00:00.546	1.306960	1.313553	1.298168
00:00:00.546	1.310623	1.321612	1.312088
00:00:00.547	1.306227	1.319414	1.304762
00:00:00.547	1.306227	1.318681	1.301832
00:00:00.547	1.301832	1.317216	1.299634
00:00:00.548	1.309890	1.346520	1.309158
00:00:00.548	1.309158	1.344322	1.307692
00:00:00.549	1.309890	1.321612	1.309890
00:00:00.549	1.306227	1.316484	1.306960
00:00:00.549	1.315018	1.318681	1.306227
00:00:00.550	1.309890	1.304762	1.297436
00:00:00.550	1.318681	1.296703	1.300366
00:00:00.550	1.311355	1.279853	1.299634
00:00:00.551	1.319414	1.297436	1.312821
00:00:00.551	1.310623	1.286447	1.298901
00:00:00.551	1.317949	1.270330	1.313553
00:00:00.552	1.310623	1.238828	1.300366
00:00:00.552	1.298168	1.253480	1.298168
00:00:00.552	1.300366	1.297436	1.306960
00:00:00.553	1.301832	1.291575	1.290110
00:00:00.554	1.309890	1.295971	1.301832
00:00:00.554	1.301099	1.308425	1.306960
00:00:00.554	1.303297	1.323810	1.305495
00:00:00.554	1.304762	1.322344	1.294505
00:00:00.555	1.309890	1.323077	1.293040
00:00:00.555	1.303297	1.320879	1.303297
00:00:00.555	1.317949	1.311355	1.306227
00:00:00.556	1.317216	1.306960	1.310623
00:00:00.556	1.320147	1.293040	1.306227
00:00:00.556	1.311355	1.288645	1.305495
00:00:00.557	1.313553	1.290110	1.300366
00:00:00.557	1.315751	1.323810	1.308425
00:00:00.557	1.309890	1.358242	1.307692
00:00:00.558	1.307692	1.343590	1.309890
00:00:00.558	1.307692	1.320879	1.310623
00:00:00.559	1.304029	1.295971	1.308425
00:00:00.559	1.305495	1.289377	1.309890
00:00:00.559	1.306960	1.296703	1.307692
00:00:00.560	1.307692	1.300366	1.309158
00:00:00.560	1.301099	1.292308	1.301832
00:00:00.560	1.309158	1.321612	1.308425
00:00:00.561	1.312088	1.323077	1.307692
00:00:00.561	1.320879	1.315018	1.309890
00:00:00.593	1.315018	1.306227	1.300366
00:00:00.594	1.323810	1.298168	1.301832
00:00:00.594	1.315018	1.292308	1.294505
00:00:00.594	1.321612	1.289377	1.303297
00:00:00.595	1.315018	1.291575	1.304762
00:00:00.595	1.309158	1.295238	1.296703
00:00:00.595	1.311355	1.311355	1.306227
00:00:00.596	1.313553	1.316484	1.309890
00:00:00.596	1.306227	1.326007	1.313553
00:00:00.596	1.297436	1.319414	1.298168
00:00:00.597	1.305495	1.323810	1.306227
00:00:00.597	1.306960	1.323077	1.308425
00:00:00.598	1.298901	1.305495	1.309158
00:00:00.598	1.293773	1.284249	1.292308
00:00:00.598	1.301832	1.306960	1.302564
00:00:00.599	1.322344	1.309158	1.306227
00:00:00.599	1.312088	1.279121	1.306960
00:00:00.599	1.308425	1.284249	1.292308
00:00:00.600	1.317949	1.278388	1.303297
00:00:00.600	1.318681	1.287912	1.306960
00:00:00.600	1.319414	1.306960	1.305495
00:00:00.601	1.297436	1.282051	1.297436
00:00:00.601	1.314286	1.271062	1.304762
00:00:00.601	1.312821	1.282784	1.303297
00:00:00.602	1.295971	1.296703	1.301832
00:00:00.602	1.291575	1.307692	1.300366
00:00:00.605	1.302564	1.338462	1.292308
00:00:00.605	1.310623	1.368498	1.306960
00:00:00.605	1.313553	1.363370	1.309158
00:00:00.605	1.305495	1.335531	1.305495
00:00:00.605	1.312821	1.323077	1.309158
00:00:00.605	1.301099	1.299634	1.300366
00:00:00.605	1.312088	1.291575	1.304029
00:00:00.605	1.319414	1.293040	1.312088
00:00:00.609	1.313553	1.281319	1.300366
00:00:00.609	1.323077	1.287912	1.306227
00:00:00.609	1.320879	1.290110	1.297436
00:00:00.609	1.323810	1.303297	1.309158
00:00:00.609	1.317216	1.305495	1.304762
00:00:00.609	1.315018	1.306960	1.309158
00:00:00.609	1.315018	1.310623	1.304029
00:00:00.609	1.314286	1.320147	1.308425
00:00:00.609	1.306960	1.323810	1.310623
00:00:00.609	1.300366	1.319414	1.302564
00:00:00.609	1.299634	1.323810	1.309158
00:00:00.609	1.305495	1.320879	1.304762
00:00:00.610	1.310623	1.323077	1.307692
00:00:00.610	1.312821	1.314286	1.308425
00:00:00.610	1.309158	1.304762	1.300366
00:00:00.611	1.314286	1.300366	1.299634
00:00:00.643	1.315018	1.302564	1.306227
00:00:00.643	1.316484	1.297436	1.296703
00:00:00.644	1.320147	1.298901	1.306227
00:00:00.644	1.317949	1.288645	1.299634
