timestamp	ch1	ch2	ch3
00:00:00.000	1.238828	1.309890	1.288645
00:00:00.001	1.202198	1.517949	1.309158
00:00:00.001	1.255678	1.547253	1.308425
00:00:00.001	1.315751	1.332601	1.290110
00:00:00.002	1.323810	1.165568	1.262271
00:00:00.002	1.336996	1.138462	1.227106
00:00:00.002	1.371429	1.159707	1.246154
00:00:00.003	1.329670	1.208791	1.249084
00:00:00.004	1.276190	1.204396	1.327473
00:00:00.004	1.219048	1.186081	1.343590
00:00:00.004	1.230037	1.263004	1.373626
00:00:00.004	1.275458	1.376557	1.319414
00:00:00.005	1.261538	1.453480	1.349451
00:00:00.005	1.231502	1.463736	1.353114
00:00:00.005	1.232967	1.597802	1.367033
00:00:00.006	1.320147	1.588278	1.385348
00:00:00.006	1.323810	1.491575	1.356044
00:00:00.006	1.382418	1.428571	1.367033
00:00:00.007	1.477656	1.388278	1.345055
00:00:00.007	1.413919	1.344322	1.321612
00:00:00.007	1.285714	1.287179	1.317216
00:00:00.011	1.169231	1.165568	1.290110
00:00:00.011	1.171429	1.091575	1.285714
00:00:00.011	1.294505	1.160440	1.284982
00:00:00.011	1.409524	1.283516	1.289377
00:00:00.011	1.298901	1.422711	1.308425
00:00:00.011	1.219048	1.351648	1.300366
00:00:00.011	1.190476	1.221978	1.297436
00:00:00.011	1.209524	1.150183	1.278388
00:00:00.011	1.296703	1.266667	1.294505
00:00:00.011	1.605861	1.403663	1.323077
00:00:00.011	1.731868	1.391209	1.322344
00:00:00.014	1.426374	1.244689	1.325275
00:00:00.014	1.246886	1.101099	1.320147
00:00:00.014	1.175092	1.003663	1.284982
00:00:00.014	1.219048	1.095971	1.276923
00:00:00.014	1.343590	1.142125	1.235897
00:00:00.014	1.400000	1.268132	1.263004
00:00:00.014	1.306227	1.402930	1.288645
00:00:00.014	1.254945	1.496703	1.293773
00:00:00.015	1.210256	1.383150	1.279853
00:00:00.015	1.215385	1.189744	1.287179
00:00:00.015	1.312821	1.094505	1.317949
00:00:00.016	1.367033	1.167766	1.316484
00:00:00.016	1.361172	1.174359	1.314286
00:00:00.016	1.446886	1.136996	1.308425
00:00:00.018	1.376557	1.200000	1.316484
00:00:00.018	1.208059	1.244689	1.292308
00:00:00.018	1.138462	1.323810	1.282051
00:00:00.018	1.214652	1.353846	1.279853
00:00:00.050	1.328205	1.471795	1.303297
00:00:00.050	1.352381	1.499634	1.311355
00:00:00.051	1.254945	1.416850	1.311355
00:00:00.051	1.210989	1.407326	1.304029
00:00:00.051	1.192674	1.465934	1.308425
00:00:00.052	1.263736	1.635165	1.337729
00:00:00.052	1.319414	1.621245	1.347253
00:00:00.053	1.326007	1.561905	1.338462
00:00:00.053	1.358974	1.523077	1.315751
00:00:00.053	1.375824	1.427106	1.323810
00:00:00.054	1.389011	1.301832	1.319414
00:00:00.054	1.372894	1.220513	1.317216
00:00:00.054	1.347253	1.201465	1.288645
00:00:00.055	1.339927	1.290110	1.293773
00:00:00.055	1.325275	1.353114	1.287179
00:00:00.055	1.304029	1.358242	1.288645
00:00:00.056	1.309890	1.327473	1.282784
00:00:00.056	1.303297	1.316484	1.287912
00:00:00.056	1.306227	1.319414	1.290842
00:00:00.057	1.311355	1.294505	1.293040
00:00:00.057	1.305495	1.309158	1.285714
00:00:00.058	1.303297	1.307692	1.298901
00:00:00.058	1.307692	1.325275	1.302564
00:00:00.058	1.309890	1.314286	1.284982
00:00:00.059	1.315018	1.287179	1.301832
00:00:00.059	1.315751	1.251282	1.298901
00:00:00.059	1.314286	1.220513	1.276923
00:00:00.060	1.309158	1.216850	1.299634
00:00:00.060	1.304029	1.216117	1.290842
00:00:00.060	1.309158	1.245421	1.304762
00:00:00.061	1.328938	1.298901	1.311355
00:00:00.061	1.262271	1.308425	1.303297
00:00:00.061	1.278388	1.328938	1.308425
00:00:00.062	1.328205	1.340659	1.307692
00:00:00.062	1.373626	1.346520	1.293040
00:00:00.063	1.404396	1.332601	1.299634
00:00:00.063	1.364103	1.307692	1.296703
00:00:00.063	1.284249	1.295971	1.297436
00:00:00.064	1.229304	1.295238	1.303297
00:00:00.064	1.249817	1.305495	1.310623
00:00:00.064	1.286447	1.311355	1.312088
00:00:00.065	1.302564	1.309158	1.318681
00:00:00.065	1.316484	1.283516	1.313553
00:00:00.065	1.311355	1.280586	1.320147
00:00:00.066	1.305495	1.265934	1.316484
00:00:00.066	1.293040	1.243223	1.300366
00:00:00.067	1.307692	1.252747	1.308425
00:00:00.067	1.309158	1.246886	1.300366
00:00:00.067	1.310623	1.264469	1.307692
00:00:00.068	1.336996	1.292308	1.299634
00:00:00.100	1.331136	1.290842	1.282051
00:00:00.100	1.323810	1.336264	1.297436
00:00:00.100	1.314286	1.349451	1.304029
00:00:00.102	1.276923	1.334799	1.300366
00:00:00.102	1.223443	1.291575	1.293773
00:00:00.102	1.271795	1.276190	1.295971
00:00:00.102	1.352381	1.282784	1.308425
00:00:00.102	1.414652	1.315018	1.305495
00:00:00.104	1.381685	1.344322	1.298168
00:00:00.104	1.317949	1.329670	1.300366
00:00:00.104	1.252747	1.344322	1.302564
00:00:00.105	1.236630	1.295238	1.315751
00:00:00.105	1.276190	1.241026	1.306960
00:00:00.105	1.303297	1.249084	1.306227
00:00:00.105	1.272527	1.241026	1.300366
00:00:00.105	1.299634	1.197802	1.297436
00:00:00.105	1.299634	1.227839	1.300366
00:00:00.108	1.332601	1.237363	1.300366
00:00:00.108	1.375824	1.245421	1.296703
00:00:00.108	1.397070	1.287912	1.300366
00:00:00.108	1.389011	1.310623	1.300366
00:00:00.108	1.328205	1.336996	1.285714
00:00:00.108	1.276190	1.363370	1.298168
00:00:00.108	1.254212	1.380952	1.304762
00:00:00.108	1.288645	1.346520	1.305495
00:00:00.109	1.304762	1.300366	1.306227
00:00:00.109	1.311355	1.272527	1.314286
00:00:00.109	1.295971	1.278388	1.306960
00:00:00.111	1.313553	1.312821	1.315751
00:00:00.111	1.304762	1.317949	1.306227
00:00:00.111	1.293773	1.351648	1.306227
00:00:00.111	1.288645	1.370696	1.304762
00:00:00.111	1.276190	1.371429	1.304029
00:00:00.112	1.284249	1.323077	1.304762
00:00:00.112	1.307692	1.265934	1.300366
00:00:00.112	1.319414	1.205128	1.296703
00:00:00.113	1.338462	1.221245	1.290110
00:00:00.113	1.330403	1.296703	1.295238
00:00:00.113	1.317949	1.324542	1.298901
00:00:00.114	1.323810	1.320879	1.300366
00:00:00.114	1.304762	1.328938	1.304029
00:00:00.114	1.290110	1.339927	1.298901
00:00:00.115	1.298168	1.324542	1.311355
00:00:00.115	1.291575	1.298168	1.319414
00:00:00.116	1.286447	1.285714	1.317216
00:00:00.116	1.280586	1.283516	1.306960
00:00:00.116	1.318681	1.311355	1.320879
00:00:00.117	1.336264	1.306227	1.313553
00:00:00.117	1.351648	1.309158	1.320147
00:00:00.117	1.331136	1.311355	1.305495
00:00:00.149	1.320147	1.327473	1.305495
00:00:00.150	1.316484	1.331136	1.298168
00:00:00.150	1.317949	1.333333	1.302564
00:00:00.151	1.290842	1.322344	1.285714
00:00:00.151	1.309890	1.362637	1.302564
00:00:00.151	1.324542	1.380952	1.300366
00:00:00.152	1.345055	1.362637	1.307692
00:00:00.152	1.346520	1.324542	1.312821
00:00:00.152	1.353114	1.275458	1.312821
00:00:00.153	1.327473	1.260073	1.309890
00:00:00.154	1.281319	1.248352	1.299634
00:00:00.154	1.253480	1.224908	1.308425
00:00:00.154	1.241026	1.192674	1.300366
00:00:00.154	1.293773	1.222711	1.305495
00:00:00.154	1.299634	1.238095	1.306227
00:00:00.155	1.269597	1.285714	1.301832
00:00:00.155	1.269597	1.320147	1.295238
00:00:00.156	1.285714	1.328205	1.291575
00:00:00.156	1.316484	1.347253	1.297436
00:00:00.156	1.336996	1.347253	1.300366
00:00:00.157	1.340659	1.335531	1.296703
00:00:00.157	1.347253	1.332601	1.303297
00:00:00.157	1.362637	1.329670	1.307692
00:00:00.158	1.317949	1.298168	1.294505
00:00:00.158	1.277656	1.288645	1.302564
00:00:00.158	1.241758	1.271062	1.296703
00:00:00.159	1.269597	1.277656	1.295238
00:00:00.159	1.322344	1.300366	1.306960
00:00:00.160	1.366300	1.308425	1.313553
00:00:00.160	1.376557	1.323810	1.323077
00:00:00.160	1.336264	1.312821	1.314286
00:00:00.161	1.298168	1.315018	1.309890
00:00:00.161	1.301099	1.361905	1.311355
00:00:00.161	1.287179	1.366300	1.306227
00:00:00.162	1.289377	1.352381	1.304762
00:00:00.162	1.300366	1.350183	1.297436
00:00:00.162	1.290842	1.328205	1.295971
00:00:00.163	1.296703	1.260806	1.288645
00:00:00.163	1.372894	1.220513	1.296703
00:00:00.163	1.378022	1.207326	1.300366
00:00:00.164	1.364835	1.239560	1.304029
00:00:00.164	1.345055	1.271795	1.316484
00:00:00.165	1.315018	1.309158	1.323077
00:00:00.165	1.277656	1.351648	1.309890
00:00:00.165	1.250549	1.342857	1.309890
00:00:00.166	1.258608	1.273993	1.306227
00:00:00.166	1.231502	1.228571	1.315751
00:00:00.166	1.252015	1.219780	1.310623
00:00:00.167	1.308425	1.279853	1.306960
00:00:00.168	1.283516	1.305495	1.294505
00:00:00.202	1.294505	1.328938	1.296703
00:00:00.202	1.317216	1.357509	1.304029
00:00:00.202	1.319414	1.342857	1.295238
00:00:00.202	1.332601	1.354579	1.292308
00:00:00.202	1.320879	1.350916	1.285714
00:00:00.202	1.336264	1.359707	1.305495
00:00:00.202	1.339194	1.345055	1.304029
00:00:00.202	1.334066	1.328205	1.290842
00:00:00.202	1.344322	1.328205	1.306960
00:00:00.202	1.333333	1.301099	1.304762
00:00:00.203	1.318681	1.278388	1.317949
00:00:00.203	1.326740	1.275458	1.321612
00:00:00.206	1.316484	1.267399	1.309890
00:00:00.206	1.262271	1.306227	1.309890
00:00:00.206	1.250549	1.336264	1.302564
00:00:00.206	1.313553	1.337729	1.300366
00:00:00.206	1.382418	1.337729	1.300366
00:00:00.206	1.386081	1.317949	1.287912
00:00:00.206	1.351648	1.299634	1.298901
00:00:00.206	1.293040	1.283516	1.300366
00:00:00.206	1.251282	1.288645	1.300366
00:00:00.207	1.267399	1.287912	1.295238
00:00:00.207	1.292308	1.273260	1.290110
00:00:00.207	1.307692	1.285714	1.294505
00:00:00.208	1.308425	1.288645	1.304029
00:00:00.208	1.312088	1.317216	1.306227
00:00:00.209	1.315751	1.336996	1.310623
00:00:00.209	1.308425	1.359707	1.312088
00:00:00.209	1.312088	1.362637	1.316484
00:00:00.210	1.307692	1.350183	1.310623
00:00:00.210	1.308425	1.347985	1.316484
00:00:00.210	1.290842	1.320879	1.307692
00:00:00.211	1.276923	1.289377	1.299634
00:00:00.211	1.314286	1.301832	1.306960
00:00:00.211	1.347253	1.311355	1.293773
00:00:00.212	1.372894	1.310623	1.299634
00:00:00.212	1.373626	1.302564	1.293773
00:00:00.212	1.329670	1.276190	1.291575
00:00:00.213	1.306960	1.280586	1.303297
00:00:00.213	1.265934	1.247619	1.298168
00:00:00.214	1.232234	1.214652	1.306960
00:00:00.214	1.271062	1.195604	1.300366
00:00:00.214	1.298168	1.250549	1.300366
00:00:00.215	1.326007	1.331868	1.304029
00:00:00.215	1.304762	1.365568	1.309890
00:00:00.215	1.306960	1.347253	1.316484
00:00:00.216	1.316484	1.305495	1.306227
00:00:00.216	1.311355	1.300366	1.298168
00:00:00.216	1.316484	1.293773	1.299634
00:00:00.217	1.306227	1.309890	1.302564
00:00:00.249	1.315018	1.307692	1.296703
00:00:00.249	1.310623	1.303297	1.287912
00:00:00.250	1.310623	1.328205	1.285714
00:00:00.250	1.303297	1.333333	1.304029
00:00:00.250	1.309890	1.320879	1.303297
00:00:00.251	1.313553	1.331868	1.306227
00:00:00.251	1.287912	1.339194	1.306227
00:00:00.251	1.278388	1.315018	1.292308
00:00:00.252	1.287912	1.308425	1.306960
00:00:00.252	1.323810	1.295971	1.306960
00:00:00.253	1.358974	1.271795	1.315751
00:00:00.253	1.416117	1.271795	1.317949
00:00:00.253	1.391941	1.273993	1.313553
00:00:00.254	1.343590	1.314286	1.312088
00:00:00.254	1.276923	1.328938	1.312088
00:00:00.254	1.227106	1.327473	1.304029
00:00:00.255	1.271795	1.315018	1.296703
00:00:00.255	1.285714	1.334066	1.308425
00:00:00.255	1.279121	1.336264	1.297436
00:00:00.256	1.260073	1.305495	1.290110
00:00:00.256	1.276923	1.297436	1.293040
00:00:00.256	1.314286	1.295971	1.298901
00:00:00.257	1.323810	1.312821	1.303297
00:00:00.258	1.328205	1.310623	1.308425
00:00:00.258	1.328938	1.298168	1.304762
00:00:00.258	1.323077	1.290842	1.308425
00:00:00.258	1.298168	1.273993	1.289377
00:00:00.259	1.316484	1.285714	1.307692
00:00:00.259	1.282784	1.278388	1.300366
00:00:00.259	1.258608	1.282051	1.315018
00:00:00.260	1.294505	1.284249	1.305495
00:00:00.260	1.354579	1.293040	1.307692
00:00:00.260	1.405128	1.308425	1.312821
00:00:00.262	1.417582	1.300366	1.295971
00:00:00.262	1.347253	1.323810	1.294505
00:00:00.262	1.293040	1.358974	1.298168
00:00:00.262	1.257143	1.367033	1.303297
00:00:00.262	1.271062	1.331868	1.299634
00:00:00.264	1.265201	1.285714	1.282051
00:00:00.264	1.262271	1.282784	1.295971
00:00:00.264	1.282051	1.302564	1.300366
00:00:00.264	1.298901	1.289377	1.298901
00:00:00.264	1.321612	1.293040	1.313553
00:00:00.264	1.343590	1.289377	1.306960
00:00:00.267	1.342125	1.315018	1.312088
00:00:00.267	1.301832	1.298168	1.312088
00:00:00.267	1.263736	1.271795	1.316484
00:00:00.267	1.245421	1.265201	1.323810
00:00:00.267	1.285714	1.295238	1.304762
00:00:00.267	1.310623	1.318681	1.298168
00:00:00.301	1.336996	1.420513	1.309890
00:00:00.301	1.366300	1.421245	1.302564
00:00:00.301	1.369231	1.367766	1.295238
00:00:00.301	1.384615	1.307692	1.304762
00:00:00.301	1.339194	1.253480	1.293040
00:00:00.301	1.313553	1.244689	1.287912
00:00:00.301	1.288645	1.216850	1.295238
00:00:00.301	1.275458	1.230769	1.290110
00:00:00.302	1.276923	1.301832	1.287912
00:00:00.302	1.279121	1.331136	1.291575
00:00:00.302	1.264469	1.358974	1.309890
00:00:00.303	1.287912	1.326740	1.308425
00:00:00.303	1.324542	1.279121	1.309158
00:00:00.303	1.325275	1.260806	1.315018
00:00:00.304	1.311355	1.238095	1.305495
00:00:00.304	1.315751	1.258608	1.317949
00:00:00.304	1.315018	1.298901	1.311355
00:00:00.305	1.313553	1.356777	1.301832
00:00:00.305	1.323810	1.320147	1.300366
00:00:00.305	1.323077	1.308425	1.300366
00:00:00.306	1.306227	1.295238	1.293040
00:00:00.306	1.315018	1.327473	1.295971
00:00:00.307	1.310623	1.312821	1.295238
00:00:00.307	1.323810	1.273993	1.297436
00:00:00.307	1.314286	1.271062	1.292308
00:00:00.308	1.305495	1.298901	1.301832
00:00:00.308	1.298901	1.298168	1.300366
00:00:00.308	1.303297	1.293773	1.304029
00:00:00.309	1.306227	1.305495	1.317216
00:00:00.309	1.313553	1.276923	1.318681
00:00:00.310	1.304029	1.257143	1.321612
00:00:00.310	1.306227	1.300366	1.306960
00:00:00.310	1.309158	1.341392	1.309890
00:00:00.310	1.309158	1.357509	1.304029
00:00:00.311	1.314286	1.336996	1.302564
00:00:00.311	1.316484	1.317949	1.304762
00:00:00.312	1.331136	1.323077	1.298901
00:00:00.312	1.293040	1.322344	1.292308
00:00:00.312	1.291575	1.313553	1.300366
00:00:00.313	1.301832	1.302564	1.298168
00:00:00.313	1.314286	1.306960	1.290842
00:00:00.313	1.353114	1.372894	1.302564
00:00:00.314	1.375824	1.372161	1.311355
00:00:00.314	1.386813	1.328205	1.309890
00:00:00.314	1.346520	1.297436	1.310623
00:00:00.315	1.269597	1.274725	1.310623
00:00:00.315	1.243223	1.280586	1.311355
00:00:00.315	1.289377	1.280586	1.306960
00:00:00.316	1.316484	1.303297	1.313553
00:00:00.316	1.300366	1.310623	1.315751
00:00:00.348	1.291575	1.320147	1.308425
00:00:00.349	1.301832	1.312821	1.300366
00:00:00.349	1.278388	1.290110	1.291575
00:00:00.349	1.286447	1.284982	1.294505
00:00:00.350	1.286447	1.282784	1.286447
00:00:00.350	1.295971	1.298901	1.290842
00:00:00.351	1.309158	1.314286	1.294505
00:00:00.351	1.339194	1.328938	1.312821
00:00:00.351	1.325275	1.317949	1.304029
00:00:00.352	1.315751	1.320147	1.298901
00:00:00.352	1.291575	1.316484	1.302564
00:00:00.352	1.261538	1.315751	1.308425
00:00:00.353	1.278388	1.322344	1.311355
00:00:00.353	1.294505	1.305495	1.313553
00:00:00.353	1.356777	1.280586	1.300366
00:00:00.354	1.399267	1.267399	1.300366
00:00:00.354	1.384615	1.280586	1.315018
00:00:00.354	1.273260	1.289377	1.302564
00:00:00.355	1.256410	1.288645	1.299634
00:00:00.355	1.290110	1.280586	1.295238
00:00:00.356	1.359707	1.290110	1.290842
00:00:00.356	1.400000	1.326007	1.293773
00:00:00.356	1.344322	1.345788	1.298168
00:00:00.357	1.230037	1.315018	1.295971
00:00:00.357	1.197802	1.299634	1.307692
00:00:00.357	1.243956	1.297436	1.306227
00:00:00.362	1.402930	1.323810	1.312821
00:00:00.362	1.441026	1.352381	1.306960
00:00:00.362	1.382418	1.430037	1.321612
00:00:00.362	1.275458	1.443223	1.312088
00:00:00.362	1.206593	1.405861	1.306227
00:00:00.362	1.208059	1.302564	1.312821
00:00:00.362	1.257143	1.245421	1.309158
00:00:00.362	1.306227	1.174359	1.309890
00:00:00.362	1.326007	1.145055	1.309890
00:00:00.362	1.316484	1.117949	1.290842
00:00:00.362	1.335531	1.182418	1.293040
00:00:00.365	1.332601	1.285714	1.284249
00:00:00.365	1.310623	1.375824	1.287179
00:00:00.365	1.323077	1.381685	1.293773
00:00:00.365	1.309158	1.303297	1.288645
00:00:00.365	1.328205	1.315751	1.315751
00:00:00.365	1.314286	1.300366	1.308425
00:00:00.365	1.310623	1.267399	1.307692
00:00:00.365	1.308425	1.260806	1.310623
00:00:00.365	1.263736	1.276923	1.307692
00:00:00.365	1.279853	1.312088	1.322344
00:00:00.365	1.284249	1.304029	1.306227
00:00:00.366	1.307692	1.328938	1.315018
00:00:00.366	1.339927	1.374359	1.317216
00:00:00.398	1.358974	1.450549	1.312821
00:00:00.398	1.392674	1.464469	1.320147
00:00:00.399	1.379487	1.404396	1.304762
00:00:00.399	1.306960	1.312821	1.289377
00:00:00.400	1.266667	1.265201	1.295971
00:00:00.400	1.325275	1.252015	1.294505
00:00:00.400	1.313553	1.197802	1.292308
00:00:00.401	1.290110	1.133333	1.289377
00:00:00.401	1.283516	1.171429	1.290110
00:00:00.401	1.292308	1.241758	1.304029
00:00:00.402	1.318681	1.340659	1.320147
00:00:00.402	1.316484	1.380952	1.304029
00:00:00.402	1.309158	1.452747	1.317216
00:00:00.403	1.300366	1.396337	1.319414
00:00:00.403	1.303297	1.302564	1.320879
00:00:00.403	1.308425	1.281319	1.312088
00:00:00.404	1.301099	1.299634	1.301832
00:00:00.404	1.305495	1.328205	1.300366
00:00:00.405	1.307692	1.320879	1.290842
00:00:00.405	1.306960	1.239560	1.280586
00:00:00.405	1.310623	1.255678	1.296703
00:00:00.406	1.316484	1.301099	1.295971
00:00:00.406	1.310623	1.315018	1.300366
00:00:00.406	1.306960	1.310623	1.300366
00:00:00.407	1.317949	1.301832	1.298168
00:00:00.407	1.327473	1.298168	1.304029
00:00:00.407	1.320879	1.320879	1.303297
00:00:00.408	1.292308	1.310623	1.297436
00:00:00.408	1.294505	1.320879	1.320147
00:00:00.409	1.291575	1.312088	1.316484
00:00:00.409	1.297436	1.314286	1.319414
00:00:00.409	1.315018	1.305495	1.317216
00:00:00.410	1.315751	1.313553	1.306960
00:00:00.410	1.304762	1.315751	1.305495
00:00:00.410	1.306960	1.309890	1.300366
00:00:00.411	1.326007	1.317949	1.295238
00:00:00.411	1.336996	1.332601	1.300366
00:00:00.411	1.318681	1.323810	1.296703
00:00:00.412	1.322344	1.334799	1.305495
00:00:00.412	1.269597	1.328938	1.298168
00:00:00.412	1.284249	1.356044	1.300366
00:00:00.413	1.306227	1.397070	1.305495
00:00:00.413	1.311355	1.369963	1.303297
00:00:00.414	1.312088	1.317216	1.315018
00:00:00.415	1.335531	1.267399	1.308425
00:00:00.415	1.323810	1.234432	1.299634
00:00:00.415	1.302564	1.243956	1.312088
00:00:00.415	1.301832	1.235165	1.313553
00:00:00.415	1.303297	1.212454	1.321612
00:00:00.416	1.295971	1.219048	1.297436
00:00:00.448	1.291575	1.255678	1.292308
00:00:00.448	1.302564	1.271795	1.282051
00:00:00.449	1.323810	1.284982	1.295238
00:00:00.449	1.309890	1.312088	1.303297
00:00:00.449	1.318681	1.336264	1.305495
00:00:00.450	1.319414	1.351648	1.301832
00:00:00.450	1.308425	1.340659	1.305495
00:00:00.450	1.291575	1.334799	1.300366
00:00:00.451	1.298168	1.318681	1.285714
00:00:00.451	1.305495	1.326740	1.309158
00:00:00.451	1.352381	1.327473	1.315751
00:00:00.452	1.372894	1.307692	1.314286
00:00:00.452	1.346520	1.304762	1.312088
00:00:00.453	1.323077	1.302564	1.315751
00:00:00.453	1.290110	1.313553	1.309158
00:00:00.453	1.263736	1.310623	1.307692
00:00:00.454	1.263736	1.308425	1.306227
00:00:00.454	1.306227	1.290842	1.300366
00:00:00.454	1.303297	1.298901	1.302564
00:00:00.456	1.303297	1.302564	1.309158
00:00:00.456	1.291575	1.296703	1.300366
00:00:00.456	1.302564	1.311355	1.290842
00:00:00.458	1.308425	1.331868	1.306227
00:00:00.458	1.300366	1.320879	1.301832
00:00:00.458	1.306227	1.322344	1.307692
00:00:00.458	1.315018	1.298901	1.290110
00:00:00.458	1.335531	1.304762	1.306960
00:00:00.458	1.356777	1.300366	1.305495
00:00:00.458	1.299634	1.296703	1.310623
00:00:00.458	1.273260	1.291575	1.306227
00:00:00.462	1.212454	1.303297	1.300366
00:00:00.462	1.326740	1.298901	1.320147
00:00:00.462	1.328938	1.292308	1.331868
00:00:00.462	1.291575	1.298168	1.310623
00:00:00.462	1.291575	1.309158	1.317949
00:00:00.462	1.328938	1.326740	1.295238
00:00:00.462	1.350183	1.327473	1.286447
00:00:00.462	1.311355	1.331868	1.310623
00:00:00.462	1.483516	1.315018	1.282784
00:00:00.462	1.463004	1.321612	1.312088
00:00:00.462	1.279853	1.312821	1.295238
00:00:00.463	1.221245	1.298168	1.298168
00:00:00.463	1.213919	1.287912	1.304762
00:00:00.463	1.268132	1.296703	1.295971
00:00:00.464	1.269597	1.302564	1.303297
00:00:00.464	1.253480	1.293040	1.282051
00:00:00.464	1.259341	1.292308	1.268864
00:00:00.465	1.241026	1.276923	1.282784
00:00:00.465	1.302564	1.289377	1.327473
00:00:00.465	1.416117	1.290842	1.326007
00:00:00.498	1.481319	1.294505	1.323077
00:00:00.499	1.373626	1.298901	1.312821
00:00:00.499	1.356777	1.299634	1.302564
00:00:00.499	1.373626	1.315018	1.309158
00:00:00.499	1.317216	1.313553	1.310623
00:00:00.499	1.282784	1.309890	1.309158
00:00:00.500	1.263736	1.333333	1.319414
00:00:00.500	1.235897	1.329670	1.313553
00:00:00.500	1.227839	1.307692	1.295238
00:00:00.501	1.273993	1.300366	1.286447
00:00:00.501	1.342857	1.292308	1.294505
00:00:00.502	1.432967	1.293040	1.283516
00:00:00.502	1.287179	1.302564	1.267399
00:00:00.502	1.249084	1.319414	1.320879
00:00:00.503	1.238828	1.309158	1.314286
00:00:00.503	1.309890	1.308425	1.298168
00:00:00.503	1.320879	1.311355	1.302564
00:00:00.504	1.287912	1.296703	1.300366
00:00:00.504	1.284249	1.298901	1.351648
00:00:00.504	1.279853	1.295238	1.342857
00:00:00.505	1.276190	1.288645	1.289377
00:00:00.505	1.289377	1.306960	1.288645
00:00:00.505	1.363370	1.320879	1.288645
00:00:00.506	1.329670	1.302564	1.292308
00:00:00.506	1.312088	1.304029	1.334799
00:00:00.507	1.388278	1.304762	1.314286
00:00:00.507	1.336996	1.300366	1.298168
00:00:00.507	1.329670	1.286447	1.300366
00:00:00.508	1.353846	1.250549	1.261538
00:00:00.508	1.303297	1.271062	1.296703
00:00:00.508	1.350183	1.307692	1.311355
00:00:00.509	1.316484	1.323810	1.339194
00:00:00.509	1.216850	1.328938	1.314286
00:00:00.509	1.225641	1.326007	1.302564
00:00:00.510	1.279121	1.304029	1.339194
00:00:00.510	1.302564	1.316484	1.283516
00:00:00.510	1.310623	1.298901	1.292308
00:00:00.511	1.235165	1.331868	1.268132
00:00:00.511	1.287179	1.337729	1.309890
00:00:00.512	1.319414	1.295971	1.402198
00:00:00.512	1.369963	1.302564	1.282051
00:00:00.512	1.309890	1.290110	1.157509
00:00:00.513	1.243223	1.272527	1.185348
00:00:00.513	1.295971	1.258608	1.258608
00:00:00.513	1.410989	1.268132	1.301832
00:00:00.514	1.306227	1.321612	1.349451
00:00:00.514	1.342857	1.328938	1.331136
00:00:00.514	1.393407	1.326740	1.316484
00:00:00.515	1.357509	1.297436	1.326007
00:00:00.515	1.308425	1.287912	1.336264
00:00:00.547	1.290110	1.304029	1.326740
00:00:00.548	1.265201	1.320147	1.321612
00:00:00.548	1.282784	1.315018	1.306960
00:00:00.548	1.326007	1.341392	1.304029
00:00:00.549	1.365568	1.368498	1.295971
00:00:00.549	1.313553	1.380952	1.293773
00:00:00.549	1.304762	1.341392	1.298168
00:00:00.550	1.301832	1.279121	1.296703
00:00:00.552	1.305495	1.228571	1.306227
00:00:00.552	1.295238	1.200000	1.298901
00:00:00.552	1.300366	1.241758	1.296703
00:00:00.552	1.284982	1.246886	1.319414
00:00:00.552	1.282784	1.276923	1.307692
00:00:00.553	1.283516	1.267399	1.317216
00:00:00.553	1.278388	1.290110	1.312821
00:00:00.554	1.273260	1.295971	1.307692
00:00:00.554	1.302564	1.333333	1.309890
00:00:00.554	1.353846	1.345055	1.306227
00:00:00.554	1.451282	1.383150	1.319414
00:00:00.554	1.329670	1.394872	1.327473
00:00:00.554	1.259341	1.367766	1.313553
00:00:00.558	1.295238	1.347253	1.312088
00:00:00.558	1.317216	1.365568	1.300366
00:00:00.558	1.327473	1.399267	1.303297
00:00:00.558	1.315018	1.344322	1.280586
00:00:00.558	1.299634	1.316484	1.279121
00:00:00.558	1.309890	1.341392	1.290842
00:00:00.558	1.301832	1.306227	1.287179
00:00:00.558	1.300366	1.282051	1.295971
00:00:00.558	1.292308	1.262271	1.299634
00:00:00.558	1.309890	1.258608	1.313553
00:00:00.558	1.311355	1.290842	1.316484
00:00:00.560	1.316484	1.284249	1.320147
00:00:00.560	1.310623	1.268132	1.317216
00:00:00.560	1.304762	1.254212	1.302564
00:00:00.560	1.294505	1.273260	1.303297
00:00:00.560	1.314286	1.290110	1.303297
00:00:00.561	1.316484	1.276923	1.290110
00:00:00.561	1.320879	1.268864	1.298168
00:00:00.561	1.311355	1.258608	1.291575
00:00:00.562	1.309158	1.276923	1.303297
00:00:00.562	1.315751	1.349451	1.307692
00:00:00.562	1.312821	1.304029	1.304029
00:00:00.563	1.310623	1.268132	1.306960
00:00:00.563	1.310623	1.288645	1.301832
00:00:00.563	1.309158	1.293773	1.297436
00:00:00.564	1.317949	1.284249	1.308425
00:00:00.564	1.301832	1.246154	1.299634
00:00:00.564	1.294505	1.207326	1.302564
00:00:00.565	1.306227	1.272527	1.300366
00:00:00.597	1.314286	1.311355	1.315751
00:00:00.597	1.315751	1.347985	1.313553
00:00:00.598	1.310623	1.344322	1.300366
00:00:00.598	1.315018	1.328938	1.304762
00:00:00.598	1.309158	1.347253	1.299634
00:00:00.599	1.314286	1.381685	1.301832
00:00:00.599	1.319414	1.369963	1.300366
00:00:00.600	1.308425	1.362637	1.291575
00:00:00.600	1.309158	1.369963	1.306960
00:00:00.600	1.312088	1.361905	1.308425
00:00:00.601	1.312088	1.315751	1.309158
00:00:00.601	1.316484	1.269597	1.309890
00:00:00.601	1.305495	1.260806	1.309158
00:00:00.602	1.311355	1.288645	1.314286
00:00:00.602	1.312821	1.254212	1.306227
00:00:00.603	1.300366	1.249817	1.305495
00:00:00.603	1.313553	1.280586	1.315751
00:00:00.603	1.309158	1.298168	1.309158
00:00:00.603	1.305495	1.307692	1.310623
00:00:00.604	1.307692	1.315751	1.299634
00:00:00.604	1.312088	1.329670	1.290110
00:00:00.605	1.320147	1.342857	1.300366
00:00:00.605	1.320147	1.365568	1.290842
00:00:00.605	1.315751	1.397802	1.300366
00:00:00.606	1.315751	1.366300	1.295238
00:00:00.606	1.304762	1.376557	1.293040
00:00:00.606	1.309158	1.346520	1.305495
00:00:00.607	1.313553	1.289377	1.298901
00:00:00.607	1.314286	1.282051	1.308425
00:00:00.607	1.306227	1.229304	1.311355
00:00:00.608	1.298901	1.203663	1.312821
00:00:00.608	1.303297	1.213187	1.317949
00:00:00.609	1.288645	1.228571	1.309158
00:00:00.609	1.312088	1.276190	1.316484
00:00:00.609	1.314286	1.287179	1.305495
00:00:00.610	1.309890	1.290842	1.307692
00:00:00.610	1.312088	1.287912	1.298168
00:00:00.610	1.302564	1.266667	1.298168
00:00:00.611	1.312088	1.299634	1.298168
00:00:00.611	1.303297	1.298901	1.283516
00:00:00.611	1.311355	1.315751	1.301832
00:00:00.612	1.309158	1.334066	1.296703
00:00:00.612	1.310623	1.361172	1.303297
00:00:00.612	1.314286	1.369231	1.311355
00:00:00.613	1.303297	1.340659	1.306227
00:00:00.613	1.309890	1.301832	1.298901
00:00:00.614	1.310623	1.279121	1.292308
00:00:00.614	1.302564	1.279853	1.306227
00:00:00.614	1.310623	1.320879	1.311355
00:00:00.615	1.298901	1.304029	1.303297
00:00:00.648	1.304762	1.290842	1.307692
00:00:00.648	1.291575	1.249817	1.292308
00:00:00.648	1.303297	1.287179	1.305495
00:00:00.648	1.310623	1.309890	1.304029
00:00:00.648	1.306227	1.294505	1.283516
00:00:00.650	1.314286	1.313553	1.293040
00:00:00.650	1.318681	1.338462	1.297436
00:00:00.650	1.309890	1.331868	1.293040
00:00:00.650	1.310623	1.326740	1.296703
00:00:00.650	1.305495	1.298901	1.295238
00:00:00.650	1.315018	1.300366	1.307692
00:00:00.653	1.314286	1.293040	1.315018
00:00:00.653	1.312088	1.304029	1.321612
00:00:00.653	1.307692	1.300366	1.320879
00:00:00.653	1.304029	1.300366	1.312821
00:00:00.653	1.296703	1.297436	1.310623
00:00:00.653	1.310623	1.323077	1.310623
00:00:00.653	1.314286	1.350183	1.317216
00:00:00.653	1.317949	1.334799	1.309158
00:00:00.655	1.304762	1.306960	1.305495
00:00:00.655	1.319414	1.301832	1.306960
00:00:00.655	1.316484	1.293040	1.293040
00:00:00.656	1.301099	1.293773	1.295238
00:00:00.656	1.313553	1.293040	1.298901
00:00:00.656	1.303297	1.282051	1.291575
00:00:00.656	1.313553	1.297436	1.306227
00:00:00.656	1.314286	1.305495	1.300366
00:00:00.656	1.309158	1.319414	1.307692
00:00:00.657	1.309158	1.308425	1.304762
00:00:00.657	1.306960	1.306227	1.300366
00:00:00.658	1.315018	1.323810	1.317216
00:00:00.658	1.316484	1.305495	1.317216
00:00:00.658	1.311355	1.294505	1.309890
00:00:00.659	1.309158	1.302564	1.309158
00:00:00.659	1.307692	1.294505	1.299634
00:00:00.659	1.311355	1.317949	1.312821
00:00:00.660	1.305495	1.312821	1.300366
00:00:00.660	1.306960	1.322344	1.297436
00:00:00.660	1.305495	1.356777	1.297436
00:00:00.661	1.307692	1.386813	1.299634
00:00:00.661	1.310623	1.358242	1.300366
00:00:00.661	1.315751	1.296703	1.299634
00:00:00.662	1.311355	1.270330	1.292308
00:00:00.662	1.304762	1.257143	1.298901
00:00:00.663	1.313553	1.279853	1.300366
00:00:00.663	1.308425	1.254212	1.294505
00:00:00.663	1.312088	1.259341	1.315751
00:00:00.664	1.311355	1.318681	1.313553
00:00:00.664	1.299634	1.332601	1.309890
00:00:00.664	1.321612	1.362637	1.320147
00:00:00.696	1.324542	1.358974	1.308425
00:00:00.697	1.330403	1.332601	1.313553
00:00:00.697	1.304029	1.309890	1.302564
00:00:00.698	1.305495	1.268132	1.296703
00:00:00.698	1.297436	1.224176	1.304029
00:00:00.698	1.309158	1.192674	1.296703
00:00:00.699	1.291575	1.200000	1.282051
00:00:00.699	1.292308	1.227839	1.286447
00:00:00.699	1.307692	1.239560	1.282784
00:00:00.700	1.309158	1.259341	1.286447
00:00:00.700	1.316484	1.323810	1.299634
00:00:00.700	1.312821	1.336264	1.303297
00:00:00.701	1.309890	1.348718	1.312088
00:00:00.701	1.296703	1.353846	1.317216
00:00:00.701	1.296703	1.341392	1.323810
00:00:00.702	1.306960	1.334799	1.326007
00:00:00.702	1.312088	1.399267	1.326007
00:00:00.703	1.310623	1.419048	1.315018
00:00:00.703	1.304762	1.360440	1.306227
00:00:00.703	1.314286	1.304029	1.311355
00:00:00.704	1.315751	1.284982	1.300366
00:00:00.704	1.317949	1.266667	1.296703
00:00:00.704	1.317949	1.246154	1.290110
00:00:00.705	1.320879	1.218315	1.290110
00:00:00.705	1.308425	1.228571	1.265201
00:00:00.705	1.315018	1.296703	1.295238
00:00:00.706	1.304762	1.313553	1.298168
00:00:00.706	1.309158	1.320147	1.301832
00:00:00.707	1.312821	1.318681	1.309890
00:00:00.707	1.307692	1.295971	1.305495
00:00:00.707	1.309158	1.317949	1.319414
00:00:00.708	1.309158	1.369963	1.314286
00:00:00.708	1.315751	1.418315	1.317949
00:00:00.708	1.316484	1.397070	1.317216
00:00:00.710	1.314286	1.320147	1.312821
00:00:00.710	1.304762	1.257875	1.307692
00:00:00.710	1.306960	1.225641	1.306960
00:00:00.710	1.314286	1.258608	1.300366
00:00:00.710	1.317949	1.245421	1.295238
00:00:00.710	1.310623	1.234432	1.284982
00:00:00.711	1.304762	1.296703	1.284982
00:00:00.711	1.308425	1.474725	1.293040
00:00:00.715	1.312821	1.457875	1.304762
00:00:00.715	1.304762	1.350183	1.301832
00:00:00.715	1.318681	1.276190	1.318681
00:00:00.715	1.309158	1.244689	1.312088
00:00:00.715	1.320147	1.285714	1.311355
00:00:00.715	1.316484	1.270330	1.302564
00:00:00.715	1.310623	1.245421	1.309890
00:00:00.715	1.295971	1.249817	1.296703
00:00:00.746	1.298168	1.319414	1.276923
00:00:00.749	1.304762	1.378022	1.297436
00:00:00.749	1.307692	1.318681	1.295238
00:00:00.749	1.316484	1.260806	1.295238
00:00:00.749	1.318681	1.265201	1.312821
00:00:00.749	1.320147	1.323810	1.309890
00:00:00.749	1.309890	1.387546	1.300366
00:00:00.749	1.317949	1.358974	1.309890
00:00:00.749	1.310623	1.242491	1.300366
00:00:00.749	1.303297	1.200733	1.287179
00:00:00.751	1.309890	1.252747	1.304029
00:00:00.751	1.311355	1.301832	1.300366
00:00:00.751	1.308425	1.367766	1.309158
00:00:00.752	1.323810	1.413187	1.315018
00:00:00.752	1.306960	1.386813	1.312821
00:00:00.752	1.302564	1.390476	1.323077
00:00:00.752	1.318681	1.373626	1.323077
00:00:00.752	1.312821	1.431502	1.323077
00:00:00.753	1.307692	1.333333	1.314286
00:00:00.753	1.317216	1.196337	1.309890
00:00:00.753	1.309158	1.167766	1.289377
00:00:00.754	1.316484	1.153846	1.292308
00:00:00.754	1.317216	1.243956	1.294505
00:00:00.754	1.308425	1.306227	1.280586
00:00:00.755	1.301832	1.191941	1.284982
00:00:00.755	1.298168	1.205861	1.287912
00:00:00.756	1.293040	1.295238	1.282051
00:00:00.756	1.302564	1.336996	1.292308
00:00:00.756	1.312088	1.344322	1.308425
00:00:00.757	1.309890	1.336264	1.312821
00:00:00.757	1.309158	1.320879	1.309890
00:00:00.757	1.309158	1.290110	1.312821
00:00:00.758	1.309158	1.319414	1.309158
00:00:00.758	1.302564	1.323810	1.311355
00:00:00.758	1.310623	1.331868	1.304029
00:00:00.760	1.312821	1.341392	1.312821
00:00:00.760	1.309890	1.335531	1.300366
00:00:00.760	1.310623	1.339194	1.300366
00:00:00.760	1.313553	1.339194	1.302564
00:00:00.760	1.301832	1.335531	1.297436
00:00:00.761	1.316484	1.350916	1.304029
00:00:00.761	1.311355	1.342125	1.304029
00:00:00.761	1.306227	1.320879	1.292308
00:00:00.762	1.320879	1.336264	1.306227
00:00:00.762	1.312088	1.337729	1.300366
00:00:00.762	1.307692	1.328938	1.312088
00:00:00.763	1.314286	1.312088	1.317949
00:00:00.763	1.307692	1.299634	1.312821
00:00:00.763	1.312088	1.290842	1.318681
00:00:00.764	1.300366	1.288645	1.313553
00:00:00.796	1.303297	1.285714	1.300366
00:00:00.796	1.302564	1.295971	1.310623
00:00:00.797	1.309890	1.296703	1.306960
00:00:00.797	1.306227	1.309158	1.303297
00:00:00.797	1.312821	1.318681	1.300366
00:00:00.798	1.306960	1.314286	1.291575
00:00:00.798	1.311355	1.326007	1.300366
00:00:00.798	1.314286	1.339194	1.298901
00:00:00.799	1.312088	1.334066	1.298901
00:00:00.799	1.306227	1.312821	1.294505
00:00:00.800	1.313553	1.309158	1.300366
00:00:00.800	1.317949	1.300366	1.311355
00:00:00.800	1.315751	1.264469	1.310623
00:00:00.801	1.306960	1.264469	1.300366
00:00:00.801	1.313553	1.281319	1.323077
00:00:00.801	1.306227	1.271062	1.321612
00:00:00.802	1.309890	1.272527	1.323077
00:00:00.802	1.311355	1.293773	1.326007
00:00:00.802	1.304029	1.293040	1.308425
00:00:00.803	1.307692	1.305495	1.305495
00:00:00.803	1.312821	1.263736	1.287912
00:00:00.803	1.307692	1.278388	1.286447
00:00:00.804	1.309890	1.342857	1.290842
00:00:00.804	1.304029	1.429304	1.289377
00:00:00.805	1.290842	1.417582	1.287179
00:00:00.805	1.309158	1.339194	1.294505
00:00:00.805	1.306960	1.249084	1.292308
00:00:00.807	1.314286	1.200733	1.312088
00:00:00.807	1.316484	1.217582	1.309158
00:00:00.807	1.300366	1.197802	1.296703
00:00:00.807	1.312088	1.241758	1.311355
00:00:00.807	1.306960	1.359707	1.309890
00:00:00.807	1.307692	1.403663	1.323810
00:00:00.808	1.315751	1.359707	1.320147
00:00:00.808	1.311355	1.303297	1.312088
00:00:00.808	1.323810	1.285714	1.323810
00:00:00.810	1.320879	1.282784	1.315751
00:00:00.810	1.301832	1.222711	1.302564
00:00:00.810	1.317949	1.216850	1.302564
00:00:00.810	1.297436	1.253480	1.283516
00:00:00.810	1.316484	1.282784	1.296703
00:00:00.813	1.312088	1.311355	1.288645
00:00:00.813	1.313553	1.314286	1.291575
00:00:00.813	1.315018	1.326740	1.298168
00:00:00.813	1.301832	1.326007	1.290842
00:00:00.813	1.310623	1.343590	1.309890
00:00:00.813	1.312088	1.440293	1.317949
00:00:00.813	1.302564	1.443223	1.311355
00:00:00.813	1.312088	1.379487	1.309890
00:00:00.813	1.306960	1.273260	1.316484
00:00:00.847	1.303297	1.190476	1.315018
00:00:00.847	1.315751	1.168498	1.327473
00:00:00.847	1.299634	1.201465	1.311355
00:00:00.847	1.312821	1.271795	1.307692
00:00:00.847	1.308425	1.389011	1.296703
00:00:00.847	1.311355	1.383883	1.306227
00:00:00.848	1.310623	1.319414	1.298901
00:00:00.849	1.302564	1.292308	1.278388
00:00:00.849	1.302564	1.287179	1.287179
00:00:00.849	1.322344	1.257875	1.294505
00:00:00.849	1.300366	1.286447	1.291575
00:00:00.850	1.309158	1.391941	1.293773
00:00:00.850	1.307692	1.437363	1.304029
00:00:00.850	1.312088	1.416850	1.311355
00:00:00.851	1.313553	1.348718	1.319414
00:00:00.851	1.321612	1.276190	1.312821
00:00:00.851	1.312088	1.161905	1.312088
00:00:00.852	1.311355	1.155311	1.306960
00:00:00.852	1.293773	1.192674	1.300366
00:00:00.852	1.300366	1.237363	1.301832
00:00:00.853	1.295238	1.302564	1.288645
00:00:00.853	1.312088	1.358974	1.304762
00:00:00.854	1.310623	1.364103	1.312821
00:00:00.854	1.317216	1.350916	1.286447
00:00:00.854	1.304762	1.334799	1.291575
00:00:00.855	1.316484	1.347985	1.300366
00:00:00.855	1.311355	1.352381	1.297436
00:00:00.855	1.310623	1.345055	1.302564
00:00:00.856	1.309890	1.331136	1.304029
00:00:00.856	1.315018	1.328938	1.316484
00:00:00.856	1.312088	1.319414	1.319414
00:00:00.857	1.317216	1.318681	1.323810
00:00:00.857	1.309158	1.319414	1.323810
00:00:00.857	1.301832	1.304762	1.311355
00:00:00.858	1.309158	1.298168	1.309158
00:00:00.858	1.309158	1.290110	1.300366
00:00:00.859	1.305495	1.282784	1.302564
00:00:00.859	1.308425	1.282784	1.295971
00:00:00.859	1.307692	1.278388	1.289377
00:00:00.860	1.312088	1.305495	1.290110
00:00:00.860	1.314286	1.309890	1.293040
00:00:00.860	1.313553	1.323077	1.295238
00:00:00.861	1.297436	1.326007	1.293773
00:00:00.861	1.309890	1.326740	1.297436
00:00:00.861	1.301099	1.295971	1.295971
00:00:00.862	1.315751	1.298168	1.311355
00:00:00.862	1.303297	1.287179	1.305495
00:00:00.862	1.306960	1.274725	1.293773
00:00:00.863	1.315018	1.296703	1.312088
00:00:00.864	1.315751	1.326007	1.316484
