timestamp	ch1	ch2	ch3
00:00:00.000	1.287179	1.393407	1.282784
00:00:00.000	1.368498	1.414652	1.310623
00:00:00.000	1.379487	1.353114	1.299634
00:00:00.001	1.404396	1.304762	1.300366
00:00:00.001	1.335531	1.274725	1.287912
00:00:00.001	1.260806	1.256410	1.287179
00:00:00.002	1.224908	1.244689	1.297436
00:00:00.002	1.243956	1.264469	1.318681
00:00:00.003	1.275458	1.274725	1.315751
00:00:00.003	1.320147	1.283516	1.319414
00:00:00.003	1.319414	1.267399	1.307692
00:00:00.004	1.323810	1.282051	1.298901
00:00:00.004	1.320879	1.293040	1.304029
00:00:00.004	1.314286	1.326740	1.302564
00:00:00.005	1.366300	1.353114	1.308425
00:00:00.005	1.401465	1.365568	1.305495
00:00:00.005	1.390476	1.342125	1.302564
00:00:00.006	1.323810	1.306960	1.299634
00:00:00.006	1.280586	1.282051	1.293040
00:00:00.006	1.244689	1.259341	1.302564
00:00:00.007	1.204396	1.286447	1.298901
00:00:00.007	1.172161	1.297436	1.293773
00:00:00.008	1.192674	1.312821	1.302564
00:00:00.008	1.258608	1.291575	1.293773
00:00:00.008	1.317216	1.293773	1.315018
00:00:00.009	1.369963	1.279121	1.317949
00:00:00.009	1.421978	1.257143	1.317216
00:00:00.009	1.428571	1.269597	1.320147
00:00:00.011	1.323810	1.282784	1.308425
00:00:00.043	1.317216	1.317216	1.304762
00:00:00.043	1.296703	1.342125	1.304762
00:00:00.043	1.370696	1.330403	1.289377
00:00:00.043	1.409524	1.329670	1.300366
00:00:00.043	1.337729	1.309158	1.295238
00:00:00.047	1.260073	1.309890	1.309158
00:00:00.047	1.202930	1.297436	1.298168
00:00:00.047	1.218315	1.281319	1.290110
00:00:00.047	1.287912	1.288645	1.304029
00:00:00.047	1.308425	1.286447	1.290110
00:00:00.047	1.307692	1.300366	1.311355
00:00:00.047	1.344322	1.292308	1.319414
00:00:00.047	1.331868	1.283516	1.311355
00:00:00.047	1.303297	1.300366	1.322344
00:00:00.047	1.271062	1.320147	1.303297
00:00:00.047	1.218315	1.320147	1.311355
00:00:00.049	1.230037	1.308425	1.304762
00:00:00.049	1.270330	1.297436	1.303297
00:00:00.049	1.315018	1.314286	1.308425
00:00:00.049	1.317216	1.297436	1.283516
00:00:00.049	1.338462	1.294505	1.287912
00:00:00.049	1.433700	1.312088	1.299634
00:00:00.051	1.378022	1.290110	1.285714
00:00:00.051	1.336996	1.302564	1.303297
00:00:00.051	1.317949	1.301832	1.297436
00:00:00.052	1.320879	1.314286	1.306227
00:00:00.052	1.315018	1.327473	1.304029
00:00:00.052	1.315751	1.329670	1.309890
00:00:00.052	1.323810	1.321612	1.314286
00:00:00.052	1.312088	1.300366	1.322344
00:00:00.053	1.300366	1.286447	1.312088
00:00:00.053	1.304762	1.282051	1.315751
00:00:00.053	1.295971	1.278388	1.309158
00:00:00.054	1.292308	1.290842	1.312088
00:00:00.054	1.298901	1.304029	1.304762
00:00:00.054	1.307692	1.315018	1.299634
00:00:00.055	1.332601	1.350916	1.305495
00:00:00.055	1.320147	1.369963	1.296703
00:00:00.055	1.300366	1.390476	1.293773
00:00:00.056	1.302564	1.349451	1.298168
00:00:00.056	1.310623	1.296703	1.296703
00:00:00.057	1.305495	1.260806	1.302564
00:00:00.057	1.309158	1.259341	1.305495
00:00:00.057	1.301832	1.238828	1.295971
00:00:00.058	1.312088	1.219780	1.294505
00:00:00.058	1.312088	1.230037	1.309158
00:00:00.058	1.300366	1.242491	1.313553
00:00:00.059	1.307692	1.304029	1.320879
00:00:00.059	1.305495	1.320879	1.300366
00:00:00.059	1.295971	1.309890	1.304762
00:00:00.092	1.295971	1.326740	1.310623
00:00:00.092	1.295971	1.325275	1.291575
00:00:00.092	1.301832	1.306227	1.295971
00:00:00.093	1.325275	1.292308	1.295238
00:00:00.093	1.326007	1.295238	1.289377
00:00:00.093	1.323077	1.315018	1.295238
00:00:00.094	1.307692	1.325275	1.291575
00:00:00.094	1.306227	1.339194	1.293773
00:00:00.094	1.328205	1.344322	1.308425
00:00:00.095	1.323810	1.342857	1.315018
00:00:00.095	1.319414	1.334066	1.314286
00:00:00.096	1.325275	1.324542	1.317216
00:00:00.097	1.320879	1.306960	1.316484
00:00:00.097	1.306960	1.284982	1.320879
00:00:00.097	1.306227	1.279121	1.320879
00:00:00.097	1.306227	1.287912	1.316484
00:00:00.097	1.306227	1.292308	1.300366
00:00:00.098	1.331136	1.312088	1.316484
00:00:00.098	1.334066	1.311355	1.294505
00:00:00.098	1.353846	1.321612	1.304029
00:00:00.099	1.332601	1.320879	1.300366
00:00:00.099	1.294505	1.306227	1.290110
00:00:00.099	1.274725	1.295238	1.276923
00:00:00.100	1.276923	1.312088	1.286447
00:00:00.100	1.290842	1.331868	1.300366
00:00:00.101	1.284249	1.320879	1.306960
00:00:00.101	1.246886	1.288645	1.300366
00:00:00.101	1.258608	1.321612	1.300366
00:00:00.102	1.271062	1.300366	1.304762
00:00:00.102	1.295971	1.288645	1.312821
00:00:00.102	1.317949	1.280586	1.322344
00:00:00.103	1.294505	1.283516	1.325275
00:00:00.103	1.223443	1.287179	1.312821
00:00:00.103	1.261538	1.290110	1.309890
00:00:00.104	1.358974	1.278388	1.298901
00:00:00.104	1.419780	1.279121	1.287912
00:00:00.105	1.469597	1.310623	1.298901
00:00:00.105	1.388278	1.319414	1.296703
00:00:00.105	1.311355	1.345055	1.302564
00:00:00.106	1.269597	1.353846	1.301832
00:00:00.106	1.288645	1.345055	1.303297
00:00:00.106	1.326740	1.337729	1.300366
00:00:00.108	1.323810	1.312821	1.299634
00:00:00.108	1.293040	1.331136	1.307692
00:00:00.108	1.238828	1.339194	1.315751
00:00:00.108	1.252015	1.301099	1.306960
00:00:00.108	1.293040	1.302564	1.320879
00:00:00.108	1.304762	1.285714	1.306227
00:00:00.112	1.335531	1.272527	1.313553
00:00:00.112	1.347253	1.267399	1.317949
00:00:00.144	1.329670	1.291575	1.309158
00:00:00.144	1.347253	1.382418	1.309890
00:00:00.144	1.326007	1.342125	1.292308
00:00:00.144	1.308425	1.292308	1.298901
00:00:00.144	1.312088	1.258608	1.307692
00:00:00.144	1.290842	1.230769	1.295238
00:00:00.144	1.297436	1.242491	1.297436
00:00:00.144	1.290110	1.248352	1.300366
00:00:00.144	1.297436	1.251282	1.300366
00:00:00.147	1.287179	1.249817	1.297436
00:00:00.147	1.298901	1.295971	1.296703
00:00:00.147	1.314286	1.304762	1.302564
00:00:00.147	1.314286	1.320879	1.308425
00:00:00.147	1.314286	1.330403	1.315018
00:00:00.147	1.317949	1.342125	1.323810
00:00:00.147	1.309890	1.342125	1.317216
00:00:00.147	1.295971	1.296703	1.295971
00:00:00.147	1.312088	1.307692	1.312088
00:00:00.149	1.314286	1.315751	1.306960
00:00:00.149	1.295238	1.298901	1.292308
00:00:00.149	1.322344	1.326007	1.304762
00:00:00.149	1.315751	1.293773	1.291575
00:00:00.149	1.325275	1.285714	1.298168
00:00:00.151	1.309890	1.300366	1.298901
00:00:00.151	1.302564	1.358242	1.293773
00:00:00.151	1.306960	1.380220	1.300366
00:00:00.151	1.334799	1.364835	1.295238
00:00:00.151	1.348718	1.334066	1.307692
00:00:00.151	1.342125	1.289377	1.300366
00:00:00.152	1.346520	1.285714	1.313553
00:00:00.152	1.326740	1.287912	1.320147
00:00:00.152	1.302564	1.281319	1.309890
00:00:00.153	1.284982	1.279853	1.313553
00:00:00.153	1.274725	1.274725	1.312088
00:00:00.154	1.273993	1.311355	1.312088
00:00:00.154	1.282784	1.358242	1.309158
00:00:00.154	1.266667	1.367766	1.298901
00:00:00.155	1.287912	1.365568	1.298168
00:00:00.155	1.312088	1.353846	1.293040
00:00:00.155	1.320879	1.323077	1.307692
00:00:00.156	1.326740	1.284249	1.304762
00:00:00.156	1.319414	1.267399	1.297436
00:00:00.156	1.326007	1.280586	1.306227
00:00:00.157	1.321612	1.263736	1.300366
00:00:00.157	1.310623	1.251282	1.296703
00:00:00.157	1.312821	1.283516	1.300366
00:00:00.158	1.309158	1.293040	1.315018
00:00:00.158	1.306960	1.269597	1.318681
00:00:00.159	1.294505	1.260806	1.311355
00:00:00.159	1.309158	1.283516	1.311355
00:00:00.191	1.326007	1.323077	1.314286
00:00:00.191	1.331136	1.345055	1.312088
00:00:00.192	1.306227	1.370696	1.310623
00:00:00.192	1.326007	1.356777	1.304029
00:00:00.193	1.315751	1.306227	1.286447
00:00:00.193	1.321612	1.263736	1.294505
00:00:00.193	1.313553	1.238095	1.290110
00:00:00.194	1.314286	1.306960	1.294505
00:00:00.194	1.333333	1.322344	1.303297
00:00:00.194	1.321612	1.255678	1.293773
00:00:00.195	1.310623	1.220513	1.300366
00:00:00.195	1.312821	1.243956	1.302564
00:00:00.195	1.306227	1.263004	1.309158
00:00:00.196	1.293040	1.296703	1.308425
00:00:00.196	1.297436	1.317216	1.313553
00:00:00.196	1.297436	1.339194	1.326740
00:00:00.197	1.301099	1.328205	1.305495
00:00:00.197	1.284982	1.353114	1.314286
00:00:00.198	1.240293	1.346520	1.315751
00:00:00.198	1.276923	1.325275	1.299634
00:00:00.198	1.353846	1.328205	1.302564
00:00:00.199	1.413187	1.340659	1.293773
00:00:00.199	1.424176	1.354579	1.293773
00:00:00.199	1.322344	1.366300	1.303297
00:00:00.200	1.227106	1.343590	1.304029
00:00:00.201	1.126740	1.279853	1.294505
00:00:00.201	1.214652	1.279853	1.299634
00:00:00.201	1.345055	1.290110	1.304029
00:00:00.201	1.449817	1.332601	1.315018
00:00:00.201	1.441026	1.363370	1.313553
00:00:00.202	1.345055	1.323077	1.306227
00:00:00.202	1.287179	1.309890	1.323077
00:00:00.203	1.209524	1.269597	1.321612
00:00:00.203	1.249817	1.250549	1.306227
00:00:00.203	1.317216	1.255678	1.300366
00:00:00.204	1.347253	1.257143	1.298168
00:00:00.204	1.388278	1.287912	1.307692
00:00:00.204	1.334799	1.312088	1.289377
00:00:00.205	1.290110	1.318681	1.300366
00:00:00.205	1.236630	1.315018	1.297436
00:00:00.205	1.252747	1.293773	1.289377
00:00:00.207	1.293773	1.292308	1.305495
00:00:00.207	1.295971	1.270330	1.298901
00:00:00.207	1.276923	1.282784	1.305495
00:00:00.207	1.298168	1.308425	1.311355
00:00:00.207	1.312821	1.327473	1.305495
00:00:00.208	1.317949	1.323077	1.313553
00:00:00.208	1.317949	1.334066	1.309890
00:00:00.208	1.304762	1.349451	1.319414
00:00:00.210	1.320147	1.356044	1.326007
00:00:00.242	1.311355	1.312821	1.310623
00:00:00.242	1.307692	1.282051	1.299634
00:00:00.242	1.315751	1.288645	1.304762
00:00:00.242	1.326740	1.323077	1.298168
00:00:00.242	1.344322	1.323810	1.294505
00:00:00.244	1.347253	1.295971	1.289377
00:00:00.244	1.331868	1.295238	1.295971
00:00:00.244	1.304762	1.285714	1.295238
00:00:00.244	1.309890	1.298168	1.305495
00:00:00.244	1.304029	1.320879	1.307692
00:00:00.244	1.303297	1.309158	1.300366
00:00:00.245	1.316484	1.297436	1.311355
00:00:00.245	1.312088	1.306227	1.312088
00:00:00.245	1.314286	1.318681	1.313553
00:00:00.246	1.303297	1.306227	1.312088
00:00:00.246	1.351648	1.314286	1.317949
00:00:00.247	1.328938	1.279121	1.298901
00:00:00.247	1.312088	1.276923	1.303297
00:00:00.247	1.295971	1.292308	1.304029
00:00:00.248	1.287912	1.268864	1.297436
00:00:00.248	1.276190	1.230769	1.286447
00:00:00.248	1.268132	1.301832	1.295238
00:00:00.249	1.273993	1.344322	1.297436
00:00:00.249	1.275458	1.342125	1.297436
00:00:00.249	1.308425	1.306227	1.293040
00:00:00.250	1.312821	1.333333	1.295971
00:00:00.250	1.329670	1.365568	1.308425
00:00:00.250	1.323810	1.324542	1.309158
00:00:00.251	1.315018	1.312088	1.306960
00:00:00.251	1.304762	1.241026	1.305495
00:00:00.252	1.301099	1.259341	1.307692
00:00:00.252	1.326740	1.334799	1.322344
00:00:00.253	1.306227	1.282784	1.315018
00:00:00.253	1.297436	1.246154	1.312821
00:00:00.253	1.315018	1.263004	1.313553
00:00:00.253	1.306227	1.263736	1.300366
00:00:00.254	1.315751	1.295238	1.303297
00:00:00.254	1.315751	1.279853	1.294505
00:00:00.254	1.320147	1.273993	1.289377
00:00:00.255	1.319414	1.312821	1.287912
00:00:00.255	1.296703	1.329670	1.276923
00:00:00.255	1.311355	1.350183	1.290842
00:00:00.256	1.309890	1.359707	1.293040
00:00:00.256	1.298901	1.347985	1.298168
00:00:00.257	1.308425	1.313553	1.300366
00:00:00.257	1.310623	1.308425	1.317949
00:00:00.257	1.306227	1.304762	1.307692
00:00:00.258	1.290110	1.299634	1.317216
00:00:00.258	1.295971	1.306227	1.317949
00:00:00.258	1.309158	1.287912	1.320147
00:00:00.291	1.310623	1.270330	1.314286
00:00:00.291	1.305495	1.283516	1.304762
00:00:00.291	1.316484	1.315018	1.305495
00:00:00.292	1.318681	1.327473	1.303297
00:00:00.292	1.315018	1.334066	1.302564
00:00:00.292	1.326007	1.338462	1.299634
00:00:00.293	1.320147	1.349451	1.291575
00:00:00.293	1.317216	1.334066	1.291575
00:00:00.293	1.314286	1.317216	1.304029
00:00:00.294	1.300366	1.295238	1.300366
00:00:00.294	1.295238	1.342857	1.308425
00:00:00.294	1.290110	1.395604	1.309890
00:00:00.295	1.293773	1.330403	1.304029
00:00:00.295	1.310623	1.289377	1.316484
00:00:00.296	1.315018	1.246154	1.308425
00:00:00.296	1.320147	1.260806	1.315018
00:00:00.296	1.321612	1.240293	1.312088
00:00:00.297	1.312821	1.213919	1.315751
00:00:00.297	1.279121	1.213919	1.305495
00:00:00.297	1.280586	1.212454	1.305495
00:00:00.298	1.329670	1.249084	1.290110
00:00:00.298	1.288645	1.278388	1.295971
00:00:00.298	1.337729	1.304762	1.285714
00:00:00.299	1.394139	1.368498	1.293773
00:00:00.299	1.419048	1.361905	1.282051
00:00:00.299	1.410256	1.364103	1.296703
00:00:00.300	1.312821	1.350183	1.306227
00:00:00.300	1.223443	1.331136	1.302564
00:00:00.302	1.210989	1.315018	1.306960
00:00:00.302	1.232967	1.299634	1.307692
00:00:00.302	1.250549	1.279121	1.295238
00:00:00.302	1.283516	1.313553	1.313553
00:00:00.302	1.293040	1.310623	1.311355
00:00:00.302	1.316484	1.306227	1.316484
00:00:00.304	1.326740	1.309890	1.312088
00:00:00.304	1.321612	1.317216	1.308425
00:00:00.304	1.322344	1.332601	1.308425
00:00:00.304	1.315018	1.324542	1.300366
00:00:00.304	1.309890	1.313553	1.298168
00:00:00.307	1.315751	1.320879	1.296703
00:00:00.307	1.329670	1.335531	1.304029
00:00:00.307	1.331868	1.310623	1.309158
00:00:00.307	1.274725	1.260073	1.293773
00:00:00.307	1.300366	1.257143	1.296703
00:00:00.307	1.318681	1.244689	1.300366
00:00:00.307	1.305495	1.238828	1.302564
00:00:00.307	1.300366	1.281319	1.313553
00:00:00.307	1.296703	1.299634	1.313553
00:00:00.308	1.330403	1.304029	1.317949
00:00:00.308	1.330403	1.314286	1.323810
00:00:00.340	1.333333	1.328938	1.313553
00:00:00.341	1.321612	1.309158	1.291575
00:00:00.341	1.319414	1.320879	1.311355
00:00:00.341	1.301099	1.318681	1.287912
00:00:00.342	1.298168	1.330403	1.304029
00:00:00.342	1.306960	1.328938	1.287179
00:00:00.342	1.300366	1.312821	1.270330
00:00:00.343	1.315751	1.323077	1.302564
00:00:00.343	1.317949	1.320147	1.311355
00:00:00.343	1.320879	1.307692	1.303297
00:00:00.344	1.331136	1.301099	1.300366
00:00:00.344	1.335531	1.291575	1.300366
00:00:00.345	1.309158	1.306227	1.306960
00:00:00.345	1.296703	1.312821	1.313553
00:00:00.345	1.285714	1.290110	1.299634
00:00:00.346	1.306960	1.334799	1.313553
00:00:00.346	1.307692	1.368498	1.312821
00:00:00.346	1.310623	1.366300	1.313553
00:00:00.347	1.304762	1.325275	1.298168
00:00:00.347	1.301099	1.272527	1.304029
00:00:00.347	1.297436	1.221245	1.293040
00:00:00.348	1.307692	1.234432	1.295971
00:00:00.348	1.301832	1.246154	1.294505
00:00:00.348	1.313553	1.252015	1.303297
00:00:00.349	1.303297	1.283516	1.292308
00:00:00.349	1.323810	1.315751	1.292308
00:00:00.350	1.310623	1.331868	1.285714
00:00:00.350	1.313553	1.348718	1.299634
00:00:00.350	1.317216	1.345055	1.309890
00:00:00.351	1.309158	1.323810	1.304762
00:00:00.351	1.311355	1.298168	1.312821
00:00:00.351	1.306960	1.282051	1.312088
00:00:00.352	1.309158	1.295971	1.315751
00:00:00.352	1.309158	1.306227	1.309890
00:00:00.352	1.304762	1.312088	1.306227
00:00:00.353	1.308425	1.314286	1.312821
00:00:00.353	1.306227	1.315751	1.305495
00:00:00.354	1.305495	1.315751	1.295971
00:00:00.354	1.320147	1.323077	1.301832
00:00:00.354	1.316484	1.330403	1.293773
00:00:00.355	1.317216	1.370696	1.300366
00:00:00.355	1.306227	1.377289	1.293040
00:00:00.355	1.303297	1.351648	1.299634
00:00:00.356	1.291575	1.339927	1.297436
00:00:00.356	1.311355	1.301832	1.295238
00:00:00.356	1.320147	1.260073	1.308425
00:00:00.358	1.320147	1.241026	1.317216
00:00:00.358	1.308425	1.197070	1.300366
00:00:00.358	1.297436	1.201465	1.298168
00:00:00.358	1.308425	1.276190	1.300366
00:00:00.390	1.309890	1.328938	1.312821
00:00:00.390	1.315751	1.350916	1.306960
00:00:00.391	1.320879	1.306227	1.300366
00:00:00.391	1.329670	1.247619	1.297436
00:00:00.391	1.307692	1.219048	1.290110
00:00:00.392	1.326007	1.260806	1.307692
00:00:00.392	1.300366	1.281319	1.300366
00:00:00.392	1.280586	1.271062	1.284249
00:00:00.393	1.295971	1.264469	1.284249
00:00:00.393	1.256410	1.315018	1.288645
00:00:00.394	1.282051	1.368498	1.309890
00:00:00.394	1.295971	1.357509	1.298901
00:00:00.394	1.309890	1.345788	1.312088
00:00:00.395	1.348718	1.336264	1.315018
00:00:00.395	1.353114	1.312821	1.317949
00:00:00.395	1.352381	1.313553	1.316484
00:00:00.396	1.303297	1.308425	1.320879
00:00:00.396	1.236630	1.334799	1.319414
00:00:00.396	1.282784	1.340659	1.317949
00:00:00.398	1.358242	1.295238	1.302564
00:00:00.398	1.407326	1.278388	1.293773
00:00:00.399	1.339194	1.298901	1.283516
00:00:00.399	1.295971	1.378022	1.294505
00:00:00.399	1.263004	1.431502	1.293773
00:00:00.400	1.232967	1.372894	1.296703
00:00:00.400	1.276923	1.290842	1.299634
00:00:00.400	1.323077	1.265934	1.300366
00:00:00.400	1.323810	1.288645	1.304029
00:00:00.400	1.325275	1.304762	1.305495
00:00:00.400	1.306960	1.227106	1.300366
00:00:00.403	1.310623	1.153846	1.300366
00:00:00.403	1.313553	1.176557	1.309158
00:00:00.403	1.310623	1.255678	1.306960
00:00:00.403	1.319414	1.299634	1.300366
00:00:00.403	1.293040	1.336264	1.315018
00:00:00.403	1.287912	1.345055	1.310623
00:00:00.403	1.309158	1.346520	1.308425
00:00:00.403	1.326007	1.334066	1.297436
00:00:00.404	1.301832	1.333333	1.308425
00:00:00.404	1.235897	1.335531	1.297436
00:00:00.404	1.257875	1.337729	1.285714
00:00:00.405	1.347253	1.361905	1.300366
00:00:00.405	1.402198	1.366300	1.300366
00:00:00.405	1.392674	1.342125	1.300366
00:00:00.406	1.417582	1.287912	1.299634
00:00:00.406	1.375824	1.284982	1.293773
00:00:00.406	1.304762	1.277656	1.302564
00:00:00.407	1.285714	1.264469	1.308425
00:00:00.407	1.286447	1.266667	1.317949
00:00:00.408	1.287912	1.267399	1.318681
00:00:00.440	1.279853	1.267399	1.321612
00:00:00.440	1.252747	1.296703	1.314286
00:00:00.440	1.237363	1.312821	1.307692
00:00:00.442	1.269597	1.312821	1.306227
00:00:00.442	1.289377	1.298168	1.291575
00:00:00.442	1.279853	1.295971	1.300366
00:00:00.442	1.316484	1.298901	1.292308
00:00:00.442	1.327473	1.330403	1.296703
00:00:00.443	1.324542	1.338462	1.290842
00:00:00.443	1.305495	1.317216	1.293040
00:00:00.443	1.311355	1.315018	1.292308
00:00:00.444	1.298901	1.295238	1.293040
00:00:00.444	1.320879	1.315751	1.295238
00:00:00.444	1.332601	1.320879	1.308425
00:00:00.445	1.320147	1.314286	1.311355
00:00:00.445	1.341392	1.338462	1.326740
00:00:00.445	1.307692	1.309158	1.317216
00:00:00.446	1.296703	1.275458	1.312088
00:00:00.446	1.312088	1.273260	1.310623
00:00:00.447	1.315751	1.275458	1.308425
00:00:00.447	1.311355	1.265201	1.303297
00:00:00.447	1.315751	1.292308	1.303297
00:00:00.448	1.316484	1.333333	1.300366
00:00:00.448	1.319414	1.350916	1.295238
00:00:00.448	1.322344	1.349451	1.288645
00:00:00.449	1.311355	1.347985	1.296703
00:00:00.449	1.331868	1.333333	1.301832
00:00:00.449	1.335531	1.315018	1.300366
00:00:00.450	1.283516	1.308425	1.308425
00:00:00.450	1.266667	1.302564	1.304029
00:00:00.450	1.290842	1.296703	1.290842
00:00:00.451	1.317949	1.289377	1.317949
00:00:00.451	1.312088	1.299634	1.316484
00:00:00.452	1.306960	1.282051	1.293773
00:00:00.452	1.309158	1.299634	1.304762
00:00:00.452	1.300366	1.308425	1.293773
00:00:00.453	1.309158	1.359707	1.293773
00:00:00.453	1.304762	1.375092	1.299634
00:00:00.453	1.301832	1.354579	1.300366
00:00:00.454	1.309158	1.380952	1.300366
00:00:00.454	1.318681	1.393407	1.293040
00:00:00.454	1.312088	1.306960	1.285714
00:00:00.455	1.318681	1.250549	1.302564
00:00:00.455	1.312088	1.237363	1.307692
00:00:00.455	1.250549	1.204396	1.306227
00:00:00.456	1.284249	1.201465	1.315751
00:00:00.456	1.320147	1.161905	1.309158
00:00:00.457	1.328938	1.167033	1.306227
00:00:00.457	1.340659	1.227839	1.305495
00:00:00.457	1.361905	1.303297	1.320879
00:00:00.489	1.337729	1.353114	1.310623
00:00:00.490	1.297436	1.371429	1.306227
00:00:00.490	1.277656	1.365568	1.306960
00:00:00.491	1.256410	1.352381	1.307692
00:00:00.491	1.315751	1.329670	1.300366
00:00:00.491	1.398535	1.320147	1.300366
00:00:00.492	1.304029	1.309890	1.287179
00:00:00.492	1.272527	1.325275	1.293773
00:00:00.492	1.314286	1.312088	1.290110
00:00:00.494	1.271062	1.328938	1.296703
00:00:00.496	1.268132	1.312088	1.286447
00:00:00.496	1.351648	1.302564	1.292308
00:00:00.496	1.329670	1.290110	1.307692
00:00:00.496	1.284982	1.281319	1.315751
00:00:00.496	1.284249	1.284982	1.303297
00:00:00.496	1.283516	1.273260	1.302564
00:00:00.496	1.298168	1.274725	1.311355
00:00:00.496	1.335531	1.280586	1.318681
00:00:00.496	1.326740	1.284982	1.321612
00:00:00.496	1.319414	1.287912	1.320147
00:00:00.499	1.331136	1.320147	1.315018
00:00:00.499	1.303297	1.334066	1.296703
00:00:00.499	1.313553	1.355311	1.298168
00:00:00.499	1.309890	1.358242	1.298168
00:00:00.499	1.293040	1.367033	1.287912
00:00:00.499	1.292308	1.362637	1.293773
00:00:00.499	1.294505	1.350183	1.286447
00:00:00.499	1.286447	1.330403	1.296703
00:00:00.499	1.282784	1.323810	1.306227
00:00:00.500	1.296703	1.326007	1.303297
00:00:00.500	1.299634	1.320879	1.304029
00:00:00.501	1.345788	1.309890	1.301832
00:00:00.501	1.430037	1.313553	1.315018
00:00:00.501	1.335531	1.320147	1.329670
00:00:00.502	1.317216	1.328938	1.323077
00:00:00.502	1.296703	1.325275	1.317949
00:00:00.502	1.246886	1.319414	1.315018
00:00:00.503	1.253480	1.331868	1.309890
00:00:00.503	1.260806	1.323810	1.303297
00:00:00.503	1.221978	1.306227	1.308425
00:00:00.504	1.342857	1.325275	1.304762
00:00:00.504	1.312088	1.326007	1.290842
00:00:00.504	1.291575	1.318681	1.313553
00:00:00.505	1.484982	1.309158	1.298168
00:00:00.505	1.461538	1.296703	1.272527
00:00:00.506	1.270330	1.290110	1.287912
00:00:00.506	1.227839	1.268864	1.267399
00:00:00.506	1.250549	1.253480	1.250549
00:00:00.507	1.233700	1.279121	1.284249
00:00:00.507	1.390476	1.285714	1.306960
00:00:00.539	1.353114	1.290110	1.315751
00:00:00.540	1.293040	1.290110	1.305495
00:00:00.540	1.273260	1.284982	1.307692
00:00:00.540	1.263736	1.301832	1.319414
00:00:00.541	1.323810	1.298901	1.320147
00:00:00.541	1.442491	1.284249	1.319414
00:00:00.541	1.316484	1.283516	1.309890
00:00:00.542	1.240293	1.289377	1.292308
00:00:00.542	1.267399	1.295238	1.304762
00:00:00.542	1.284249	1.282051	1.294505
00:00:00.543	1.287912	1.273993	1.286447
00:00:00.543	1.272527	1.283516	1.306227
00:00:00.543	1.276923	1.285714	1.303297
00:00:00.544	1.283516	1.298168	1.306960
00:00:00.544	1.325275	1.334066	1.315751
00:00:00.545	1.426374	1.346520	1.326740
00:00:00.545	1.376557	1.317949	1.308425
00:00:00.546	1.382418	1.293040	1.302564
00:00:00.546	1.408059	1.259341	1.315018
00:00:00.546	1.326740	1.248352	1.322344
00:00:00.546	1.267399	1.252747	1.306960
00:00:00.547	1.265201	1.298901	1.300366
00:00:00.547	1.243956	1.355311	1.309890
00:00:00.547	1.238095	1.378022	1.315018
00:00:00.548	1.260073	1.361905	1.304762
00:00:00.548	1.257143	1.318681	1.296703
00:00:00.548	1.252015	1.276923	1.279853
00:00:00.549	1.297436	1.244689	1.285714
00:00:00.549	1.367033	1.230037	1.287179
00:00:00.550	1.315751	1.232234	1.289377
00:00:00.550	1.347253	1.279853	1.310623
00:00:00.550	1.475458	1.309158	1.311355
00:00:00.551	1.470330	1.353846	1.317949
00:00:00.551	1.281319	1.386081	1.304762
00:00:00.551	1.171429	1.336996	1.293773
00:00:00.552	1.194872	1.304762	1.287912
00:00:00.552	1.325275	1.302564	1.301832
00:00:00.552	1.318681	1.263736	1.314286
00:00:00.553	1.307692	1.226374	1.298901
00:00:00.553	1.285714	1.227839	1.289377
00:00:00.553	1.356777	1.237363	1.286447
00:00:00.554	1.405861	1.331868	1.294505
00:00:00.554	1.345055	1.398535	1.310623
00:00:00.555	1.295238	1.384615	1.312821
00:00:00.555	1.308425	1.348718	1.306227
00:00:00.555	1.323810	1.342857	1.299634
00:00:00.556	1.317949	1.309158	1.309158
00:00:00.556	1.318681	1.282784	1.306960
00:00:00.556	1.261538	1.243956	1.327473
00:00:00.558	1.224176	1.244689	1.333333
00:00:00.589	1.273260	1.302564	1.317216
00:00:00.589	1.278388	1.370696	1.334066
00:00:00.591	1.259341	1.367033	1.323810
00:00:00.591	1.362637	1.301832	1.309158
00:00:00.591	1.329670	1.281319	1.303297
00:00:00.592	1.320147	1.262271	1.295971
00:00:00.592	1.323810	1.290842	1.275458
00:00:00.592	1.353114	1.320147	1.290110
00:00:00.592	1.374359	1.369231	1.291575
00:00:00.592	1.347253	1.355311	1.293040
00:00:00.592	1.357509	1.354579	1.298901
00:00:00.596	1.335531	1.343590	1.291575
00:00:00.596	1.313553	1.327473	1.293040
00:00:00.596	1.213187	1.335531	1.297436
00:00:00.596	1.156777	1.329670	1.295971
00:00:00.596	1.219780	1.265201	1.313553
00:00:00.596	1.291575	1.183883	1.313553
00:00:00.596	1.297436	1.214652	1.323810
00:00:00.596	1.315751	1.235165	1.323810
00:00:00.596	1.347253	1.221978	1.309890
00:00:00.596	1.351648	1.216117	1.295238
00:00:00.596	1.319414	1.234432	1.279853
00:00:00.598	1.310623	1.265201	1.289377
00:00:00.598	1.321612	1.293040	1.290110
00:00:00.598	1.319414	1.300366	1.297436
00:00:00.598	1.326007	1.352381	1.295971
00:00:00.598	1.323810	1.387546	1.298168
00:00:00.599	1.323810	1.471062	1.318681
00:00:00.599	1.314286	1.504029	1.322344
00:00:00.599	1.320879	1.471062	1.320879
00:00:00.600	1.320147	1.401465	1.317949
00:00:00.600	1.315018	1.358974	1.323810
00:00:00.600	1.313553	1.325275	1.315751
00:00:00.601	1.304762	1.306960	1.322344
00:00:00.601	1.310623	1.255678	1.313553
00:00:00.601	1.306227	1.191209	1.300366
00:00:00.602	1.307692	1.178022	1.295971
00:00:00.602	1.295971	1.227839	1.284982
00:00:00.602	1.300366	1.280586	1.280586
00:00:00.603	1.306227	1.328205	1.296703
00:00:00.603	1.314286	1.339194	1.297436
00:00:00.604	1.312088	1.290110	1.282051
00:00:00.604	1.315751	1.259341	1.292308
00:00:00.604	1.315018	1.250549	1.283516
00:00:00.605	1.309890	1.246886	1.292308
00:00:00.605	1.318681	1.253480	1.304762
00:00:00.605	1.304029	1.227106	1.293040
00:00:00.606	1.305495	1.205861	1.302564
00:00:00.606	1.310623	1.216850	1.309890
00:00:00.606	1.312821	1.271062	1.308425
00:00:00.639	1.322344	1.354579	1.329670
00:00:00.639	1.309890	1.378755	1.328205
00:00:00.639	1.295238	1.367033	1.315018
00:00:00.640	1.293040	1.332601	1.299634
00:00:00.640	1.295971	1.317216	1.300366
00:00:00.640	1.302564	1.294505	1.300366
00:00:00.641	1.314286	1.294505	1.295238
00:00:00.641	1.315018	1.308425	1.300366
00:00:00.641	1.320879	1.330403	1.298901
00:00:00.642	1.306227	1.323810	1.296703
00:00:00.642	1.326740	1.321612	1.305495
00:00:00.643	1.311355	1.309890	1.297436
00:00:00.643	1.315751	1.334799	1.306960
00:00:00.643	1.320147	1.331868	1.304762
00:00:00.644	1.314286	1.325275	1.311355
00:00:00.644	1.308425	1.326007	1.314286
00:00:00.644	1.306227	1.364835	1.312088
00:00:00.645	1.311355	1.354579	1.313553
00:00:00.645	1.313553	1.375824	1.306227
00:00:00.645	1.315751	1.372161	1.310623
00:00:00.646	1.301832	1.322344	1.304029
00:00:00.646	1.306227	1.313553	1.300366
00:00:00.646	1.312088	1.268864	1.298168
00:00:00.647	1.314286	1.223443	1.290842
00:00:00.647	1.304029	1.201465	1.297436
00:00:00.648	1.295238	1.186813	1.284249
00:00:00.648	1.295238	1.240293	1.287912
00:00:00.648	1.312821	1.270330	1.293040
00:00:00.649	1.315018	1.276923	1.293040
00:00:00.649	1.317949	1.317216	1.300366
00:00:00.650	1.315018	1.323077	1.305495
00:00:00.650	1.309890	1.325275	1.313553
00:00:00.650	1.313553	1.315751	1.320879
00:00:00.650	1.316484	1.298168	1.323810
00:00:00.651	1.312821	1.278388	1.313553
00:00:00.651	1.309158	1.287179	1.317949
00:00:00.651	1.308425	1.307692	1.306960
00:00:00.653	1.297436	1.331868	1.297436
00:00:00.653	1.290842	1.346520	1.294505
00:00:00.653	1.306227	1.351648	1.297436
00:00:00.653	1.303297	1.347985	1.296703
00:00:00.653	1.317949	1.340659	1.290842
00:00:00.654	1.315751	1.315018	1.290110
00:00:00.654	1.308425	1.265934	1.289377
00:00:00.654	1.313553	1.263004	1.290842
00:00:00.655	1.313553	1.306227	1.287912
00:00:00.655	1.307692	1.333333	1.307692
00:00:00.655	1.308425	1.322344	1.311355
00:00:00.658	1.307692	1.302564	1.317949
00:00:00.658	1.304029	1.302564	1.318681
00:00:00.688	1.297436	1.285714	1.309890
00:00:00.691	1.312088	1.304029	1.320879
00:00:00.691	1.313553	1.304029	1.314286
00:00:00.691	1.320147	1.340659	1.309158
00:00:00.691	1.310623	1.319414	1.308425
00:00:00.691	1.314286	1.293773	1.301832
00:00:00.691	1.309890	1.312821	1.293040
00:00:00.691	1.303297	1.316484	1.292308
00:00:00.691	1.304029	1.343590	1.288645
00:00:00.692	1.316484	1.322344	1.294505
00:00:00.692	1.323810	1.309158	1.295238
00:00:00.692	1.309158	1.287912	1.296703
00:00:00.693	1.311355	1.295238	1.300366
00:00:00.693	1.297436	1.252015	1.306960
00:00:00.693	1.290842	1.223443	1.304762
00:00:00.694	1.302564	1.197802	1.303297
00:00:00.694	1.311355	1.217582	1.323810
00:00:00.694	1.307692	1.282051	1.304762
00:00:00.695	1.320147	1.358242	1.318681
00:00:00.695	1.307692	1.388278	1.320879
00:00:00.696	1.282051	1.366300	1.304762
00:00:00.696	1.313553	1.365568	1.300366
00:00:00.696	1.315018	1.342857	1.303297
00:00:00.697	1.306960	1.300366	1.299634
00:00:00.697	1.317216	1.363370	1.293040
00:00:00.697	1.318681	1.413919	1.293040
00:00:00.698	1.318681	1.395604	1.298901
00:00:00.698	1.316484	1.383883	1.299634
00:00:00.698	1.317216	1.317949	1.312821
00:00:00.699	1.318681	1.276923	1.306227
00:00:00.699	1.315018	1.248352	1.303297
00:00:00.699	1.312088	1.217582	1.312821
00:00:00.700	1.301099	1.144322	1.304762
00:00:00.700	1.311355	1.139927	1.318681
00:00:00.701	1.306227	1.210989	1.320879
00:00:00.701	1.308425	1.285714	1.314286
00:00:00.701	1.308425	1.376557	1.305495
00:00:00.703	1.309890	1.385348	1.311355
00:00:00.703	1.319414	1.393407	1.312821
00:00:00.703	1.310623	1.455678	1.298901
00:00:00.703	1.310623	1.414652	1.296703
00:00:00.703	1.309158	1.361905	1.293040
00:00:00.703	1.317216	1.323077	1.285714
00:00:00.704	1.325275	1.274725	1.300366
00:00:00.704	1.316484	1.206593	1.293773
00:00:00.704	1.310623	1.196337	1.299634
00:00:00.705	1.300366	1.260073	1.297436
00:00:00.705	1.288645	1.208791	1.287179
00:00:00.706	1.309890	1.219048	1.311355
00:00:00.706	1.312088	1.271795	1.309890
00:00:00.738	1.285714	1.276923	1.309890
00:00:00.738	1.312821	1.298168	1.312088
00:00:00.739	1.297436	1.296703	1.308425
00:00:00.739	1.303297	1.309890	1.299634
00:00:00.739	1.309158	1.297436	1.299634
00:00:00.740	1.297436	1.287912	1.283516
00:00:00.740	1.315751	1.343590	1.305495
00:00:00.741	1.312088	1.365568	1.299634
00:00:00.741	1.306960	1.355311	1.296703
00:00:00.741	1.322344	1.362637	1.302564
00:00:00.742	1.309890	1.367033	1.304762
00:00:00.742	1.320147	1.408791	1.314286
00:00:00.742	1.309158	1.400733	1.310623
00:00:00.743	1.314286	1.402198	1.318681
00:00:00.743	1.320879	1.335531	1.317216
00:00:00.743	1.312088	1.286447	1.317216
00:00:00.744	1.314286	1.252747	1.321612
00:00:00.744	1.309158	1.228571	1.315751
00:00:00.745	1.309158	1.215385	1.311355
00:00:00.745	1.304762	1.237363	1.291575
00:00:00.745	1.306227	1.309890	1.299634
00:00:00.746	1.309890	1.304029	1.303297
00:00:00.746	1.312821	1.308425	1.297436
00:00:00.746	1.315751	1.306960	1.298901
00:00:00.747	1.315018	1.310623	1.288645
00:00:00.747	1.321612	1.323077	1.289377
00:00:00.747	1.320879	1.310623	1.298168
00:00:00.748	1.312088	1.289377	1.283516
00:00:00.748	1.310623	1.304029	1.304029
00:00:00.748	1.304762	1.346520	1.314286
00:00:00.749	1.300366	1.372894	1.316484
00:00:00.749	1.305495	1.339194	1.306227
00:00:00.751	1.306227	1.304029	1.315018
00:00:00.751	1.304762	1.281319	1.314286
00:00:00.751	1.305495	1.276923	1.309158
00:00:00.752	1.304029	1.275458	1.306960
00:00:00.752	1.312821	1.273993	1.308425
00:00:00.752	1.309158	1.243956	1.293040
00:00:00.752	1.293040	1.227839	1.295971
00:00:00.752	1.304762	1.287179	1.294505
00:00:00.752	1.295971	1.328938	1.298168
00:00:00.756	1.293040	1.355311	1.284982
00:00:00.756	1.310623	1.357509	1.292308
00:00:00.756	1.309158	1.331136	1.284982
00:00:00.756	1.309158	1.284249	1.292308
00:00:00.756	1.314286	1.284249	1.304029
00:00:00.756	1.312821	1.290842	1.299634
00:00:00.756	1.331136	1.351648	1.316484
00:00:00.756	1.324542	1.352381	1.314286
00:00:00.756	1.316484	1.344322	1.322344
00:00:00.788	1.308425	1.301832	1.315751
00:00:00.788	1.313553	1.271795	1.310623
00:00:00.789	1.334066	1.272527	1.315018
00:00:00.789	1.328938	1.282051	1.300366
00:00:00.789	1.313553	1.298168	1.299634
00:00:00.790	1.317216	1.300366	1.300366
00:00:00.790	1.309890	1.289377	1.290842
00:00:00.790	1.312821	1.327473	1.298901
00:00:00.791	1.313553	1.377289	1.303297
00:00:00.791	1.294505	1.430037	1.297436
00:00:00.791	1.287912	1.391941	1.290842
00:00:00.792	1.279121	1.276923	1.279121
00:00:00.792	1.286447	1.212454	1.298168
00:00:00.792	1.282784	1.242491	1.304762
00:00:00.793	1.277656	1.252747	1.306227
00:00:00.793	1.300366	1.267399	1.312821
00:00:00.794	1.312088	1.188278	1.309890
00:00:00.794	1.298901	1.119414	1.306960
00:00:00.794	1.299634	1.205128	1.312821
00:00:00.795	1.298901	1.247619	1.313553
00:00:00.795	1.293040	1.255678	1.298168
00:00:00.795	1.306960	1.336264	1.296703
00:00:00.796	1.315018	1.386813	1.299634
00:00:00.796	1.320147	1.380220	1.297436
00:00:00.796	1.330403	1.387546	1.303297
00:00:00.797	1.328205	1.386813	1.305495
00:00:00.797	1.315018	1.368498	1.290110
00:00:00.797	1.328938	1.375092	1.307692
00:00:00.798	1.317949	1.352381	1.304029
00:00:00.798	1.317949	1.340659	1.294505
00:00:00.799	1.326740	1.391941	1.313553
00:00:00.799	1.317216	1.436630	1.304029
00:00:00.799	1.320879	1.377289	1.318681
00:00:00.800	1.315018	1.275458	1.320879
00:00:00.800	1.309158	1.206593	1.315751
00:00:00.800	1.305495	1.175092	1.317949
00:00:00.801	1.316484	1.198535	1.311355
00:00:00.801	1.310623	1.216117	1.291575
00:00:00.801	1.315751	1.232234	1.290842
00:00:00.802	1.304029	1.254945	1.279853
00:00:00.802	1.300366	1.317949	1.282784
00:00:00.802	1.309890	1.364103	1.295971
00:00:00.803	1.313553	1.387546	1.293040
00:00:00.803	1.311355	1.371429	1.300366
00:00:00.804	1.306227	1.295971	1.300366
00:00:00.804	1.306960	1.239560	1.284249
00:00:00.804	1.304029	1.268132	1.311355
00:00:00.805	1.290842	1.294505	1.304029
00:00:00.805	1.302564	1.357509	1.300366
00:00:00.805	1.326007	1.309890	1.310623
00:00:00.838	1.308425	1.284982	1.317949
00:00:00.839	1.313553	1.280586	1.323077
00:00:00.839	1.323077	1.281319	1.323077
00:00:00.839	1.302564	1.301099	1.306960
00:00:00.839	1.293040	1.293773	1.293773
00:00:00.839	1.303297	1.297436	1.298901
00:00:00.840	1.306960	1.282784	1.302564
00:00:00.840	1.305495	1.310623	1.287912
00:00:00.840	1.308425	1.356777	1.291575
00:00:00.841	1.315018	1.360440	1.291575
00:00:00.841	1.312088	1.353846	1.295971
00:00:00.841	1.306227	1.333333	1.295971
00:00:00.842	1.312088	1.336264	1.303297
00:00:00.842	1.310623	1.328938	1.318681
00:00:00.843	1.310623	1.307692	1.315018
00:00:00.843	1.310623	1.293773	1.309890
00:00:00.843	1.313553	1.290842	1.307692
00:00:00.844	1.315018	1.294505	1.320147
00:00:00.844	1.320879	1.293773	1.318681
00:00:00.844	1.319414	1.296703	1.327473
00:00:00.846	1.312088	1.302564	1.315751
00:00:00.846	1.317949	1.317949	1.312088
00:00:00.846	1.336996	1.350183	1.312088
00:00:00.846	1.320879	1.397802	1.302564
00:00:00.846	1.315751	1.383150	1.282051
00:00:00.847	1.321612	1.376557	1.298168
00:00:00.848	1.329670	1.311355	1.295238
00:00:00.848	1.322344	1.221978	1.293040
00:00:00.848	1.314286	1.219048	1.291575
00:00:00.848	1.304762	1.188278	1.286447
00:00:00.848	1.273993	1.183883	1.273260
00:00:00.849	1.279853	1.283516	1.296703
00:00:00.849	1.295971	1.297436	1.305495
00:00:00.849	1.293040	1.293773	1.310623
00:00:00.852	1.298901	1.305495	1.320147
00:00:00.852	1.298901	1.290842	1.312821
00:00:00.852	1.271062	1.268132	1.307692
00:00:00.852	1.250549	1.293773	1.308425
00:00:00.852	1.268132	1.346520	1.304029
00:00:00.852	1.313553	1.337729	1.306227
00:00:00.852	1.325275	1.330403	1.294505
00:00:00.852	1.328938	1.339194	1.302564
00:00:00.853	1.333333	1.347253	1.304762
00:00:00.853	1.326740	1.337729	1.298168
00:00:00.853	1.331868	1.331136	1.303297
00:00:00.854	1.330403	1.324542	1.300366
00:00:00.854	1.323810	1.318681	1.300366
00:00:00.854	1.317949	1.320147	1.308425
00:00:00.855	1.254945	1.308425	1.310623
00:00:00.855	1.298168	1.299634	1.299634
00:00:00.887	1.339927	1.292308	1.295238
00:00:00.888	1.375824	1.295971	1.303297
00:00:00.888	1.414652	1.308425	1.325275
00:00:00.888	1.410989	1.305495	1.323077
00:00:00.889	1.356777	1.306960	1.303297
00:00:00.889	1.300366	1.310623	1.304762
00:00:00.889	1.249084	1.304762	1.299634
00:00:00.890	1.217582	1.301832	1.298901
00:00:00.891	1.241758	1.323810	1.334799
00:00:00.891	1.244689	1.329670	1.287912
00:00:00.891	1.263004	1.331136	1.280586
00:00:00.891	1.287912	1.336996	1.297436
00:00:00.892	1.293040	1.336264	1.295238
00:00:00.892	1.285714	1.298901	1.287179
00:00:00.892	1.297436	1.295971	1.295238
00:00:00.893	1.303297	1.295238	1.303297
00:00:00.893	1.292308	1.291575	1.300366
00:00:00.893	1.297436	1.277656	1.311355
00:00:00.894	1.330403	1.278388	1.320147
00:00:00.894	1.345055	1.296703	1.321612
00:00:00.894	1.334066	1.293040	1.312821
