timestamp	ch1	ch2	ch3
00:00:00.000	1.315018	1.329670	1.296703
00:00:00.000	1.315018	1.335531	1.296703
00:00:00.000	1.313553	1.334799	1.298168
00:00:00.002	1.306227	1.339194	1.288645
00:00:00.002	1.298168	1.317216	1.282051
00:00:00.002	1.301832	1.313553	1.293040
00:00:00.003	1.311355	1.303297	1.306960
00:00:00.003	1.315018	1.299634	1.309158
00:00:00.003	1.315751	1.285714	1.302564
00:00:00.003	1.315018	1.279853	1.318681
00:00:00.003	1.304029	1.284249	1.318681
00:00:00.004	1.307692	1.273993	1.311355
00:00:00.004	1.296703	1.274725	1.304762
00:00:00.004	1.295971	1.284249	1.295971
00:00:00.005	1.312088	1.310623	1.306227
00:00:00.005	1.308425	1.299634	1.300366
00:00:00.005	1.313553	1.317216	1.293040
00:00:00.006	1.317949	1.327473	1.298168
00:00:00.006	1.305495	1.318681	1.281319
00:00:00.007	1.321612	1.333333	1.295238
00:00:00.007	1.310623	1.322344	1.293773
00:00:00.007	1.314286	1.309158	1.287912
00:00:00.008	1.312821	1.306960	1.301832
00:00:00.008	1.310623	1.294505	1.300366
00:00:00.008	1.306960	1.293040	1.311355
00:00:00.009	1.310623	1.292308	1.314286
00:00:00.009	1.309890	1.287179	1.313553
00:00:00.009	1.309158	1.290842	1.323077
00:00:00.010	1.310623	1.286447	1.309890
00:00:00.010	1.312821	1.298168	1.310623
00:00:00.010	1.307692	1.299634	1.311355
00:00:00.011	1.305495	1.311355	1.300366
00:00:00.011	1.298168	1.306227	1.295971
00:00:00.012	1.307692	1.312821	1.295238
00:00:00.012	1.307692	1.321612	1.293040
00:00:00.012	1.312088	1.322344	1.290842
00:00:00.013	1.312088	1.320879	1.282784
00:00:00.013	1.320147	1.326740	1.296703
00:00:00.013	1.312821	1.320147	1.292308
00:00:00.014	1.311355	1.315018	1.298901
00:00:00.014	1.298901	1.301099	1.305495
00:00:00.014	1.301099	1.289377	1.312088
00:00:00.015	1.301832	1.283516	1.317216
00:00:00.015	1.296703	1.281319	1.319414
00:00:00.015	1.297436	1.272527	1.315751
00:00:00.016	1.308425	1.280586	1.315751
00:00:00.016	1.311355	1.284982	1.302564
00:00:00.017	1.317949	1.303297	1.305495
00:00:00.017	1.313553	1.333333	1.304029
00:00:00.017	1.314286	1.342857	1.294505
00:00:00.049	1.307692	1.329670	1.284982
00:00:00.050	1.305495	1.311355	1.284982
00:00:00.050	1.311355	1.293040	1.291575
00:00:00.051	1.314286	1.289377	1.289377
00:00:00.051	1.315018	1.296703	1.298901
00:00:00.051	1.309158	1.290842	1.295238
00:00:00.052	1.315751	1.293040	1.304029
00:00:00.052	1.307692	1.297436	1.306227
00:00:00.052	1.309158	1.309158	1.317216
00:00:00.053	1.303297	1.291575	1.315018
00:00:00.053	1.300366	1.297436	1.314286
00:00:00.053	1.296703	1.300366	1.317216
00:00:00.054	1.292308	1.279853	1.303297
00:00:00.054	1.307692	1.299634	1.308425
00:00:00.054	1.304762	1.304029	1.304762
00:00:00.055	1.316484	1.306960	1.299634
00:00:00.055	1.306227	1.291575	1.287179
00:00:00.056	1.312088	1.316484	1.287912
00:00:00.056	1.320147	1.334066	1.290842
00:00:00.056	1.324542	1.344322	1.297436
00:00:00.057	1.314286	1.329670	1.287179
00:00:00.057	1.308425	1.318681	1.299634
00:00:00.058	1.309890	1.312088	1.305495
00:00:00.058	1.304029	1.298168	1.311355
00:00:00.058	1.310623	1.290110	1.309890
00:00:00.058	1.303297	1.293773	1.313553
00:00:00.059	1.304029	1.288645	1.318681
00:00:00.059	1.307692	1.293040	1.315751
00:00:00.059	1.314286	1.295238	1.314286
00:00:00.061	1.310623	1.297436	1.313553
00:00:00.061	1.311355	1.312088	1.305495
00:00:00.061	1.309158	1.308425	1.300366
00:00:00.061	1.311355	1.309158	1.294505
00:00:00.061	1.307692	1.306227	1.292308
00:00:00.062	1.314286	1.323810	1.296703
00:00:00.062	1.306960	1.325275	1.295238
00:00:00.062	1.315751	1.340659	1.292308
00:00:00.064	1.307692	1.322344	1.292308
00:00:00.064	1.311355	1.308425	1.290842
00:00:00.064	1.317216	1.316484	1.308425
00:00:00.064	1.309890	1.294505	1.306227
00:00:00.064	1.312821	1.287179	1.306960
00:00:00.064	1.312821	1.276190	1.313553
00:00:00.066	1.315018	1.274725	1.323810
00:00:00.066	1.312088	1.279853	1.320147
00:00:00.066	1.310623	1.276923	1.311355
00:00:00.066	1.315018	1.289377	1.306227
00:00:00.066	1.308425	1.297436	1.300366
00:00:00.067	1.311355	1.306960	1.300366
00:00:00.067	1.313553	1.331868	1.304029
00:00:00.099	1.319414	1.347253	1.301832
00:00:00.100	1.309890	1.342125	1.276923
00:00:00.100	1.308425	1.347253	1.289377
00:00:00.100	1.307692	1.331868	1.289377
00:00:00.101	1.306227	1.309890	1.288645
00:00:00.101	1.311355	1.312821	1.300366
00:00:00.101	1.310623	1.300366	1.310623
00:00:00.102	1.302564	1.259341	1.300366
00:00:00.102	1.305495	1.264469	1.305495
00:00:00.102	1.300366	1.263004	1.305495
00:00:00.103	1.308425	1.277656	1.313553
00:00:00.103	1.307692	1.294505	1.320879
00:00:00.103	1.310623	1.298901	1.312821
00:00:00.104	1.320147	1.297436	1.314286
00:00:00.104	1.306227	1.295238	1.294505
00:00:00.105	1.309890	1.308425	1.295238
00:00:00.105	1.312088	1.318681	1.299634
00:00:00.105	1.315751	1.326007	1.291575
00:00:00.106	1.314286	1.323810	1.285714
00:00:00.106	1.302564	1.313553	1.291575
00:00:00.106	1.316484	1.321612	1.300366
00:00:00.107	1.299634	1.309890	1.292308
00:00:00.107	1.311355	1.317949	1.300366
00:00:00.107	1.316484	1.314286	1.305495
00:00:00.108	1.304762	1.298168	1.302564
00:00:00.108	1.315018	1.300366	1.312088
00:00:00.108	1.312821	1.286447	1.315018
00:00:00.109	1.308425	1.285714	1.311355
00:00:00.109	1.315751	1.290842	1.316484
00:00:00.110	1.307692	1.295238	1.314286
00:00:00.110	1.306227	1.302564	1.306227
00:00:00.110	1.300366	1.310623	1.293773
00:00:00.111	1.306960	1.322344	1.297436
00:00:00.111	1.312821	1.315751	1.282784
00:00:00.111	1.315018	1.342125	1.294505
00:00:00.112	1.323077	1.356044	1.290842
00:00:00.113	1.299634	1.335531	1.287912
00:00:00.113	1.311355	1.316484	1.295238
00:00:00.113	1.316484	1.282051	1.304029
00:00:00.113	1.311355	1.269597	1.297436
00:00:00.113	1.314286	1.277656	1.309158
00:00:00.114	1.299634	1.271795	1.315018
00:00:00.114	1.302564	1.272527	1.317949
00:00:00.115	1.301099	1.289377	1.320147
00:00:00.115	1.308425	1.317949	1.320879
00:00:00.115	1.306227	1.316484	1.315018
00:00:00.116	1.310623	1.296703	1.315018
00:00:00.116	1.310623	1.299634	1.305495
00:00:00.116	1.312088	1.300366	1.300366
00:00:00.117	1.312821	1.314286	1.299634
00:00:00.149	1.315751	1.315018	1.292308
00:00:00.149	1.315018	1.329670	1.297436
00:00:00.150	1.311355	1.327473	1.288645
00:00:00.150	1.312088	1.322344	1.286447
00:00:00.150	1.318681	1.323810	1.296703
00:00:00.151	1.309890	1.322344	1.299634
00:00:00.151	1.298168	1.314286	1.300366
00:00:00.151	1.311355	1.314286	1.311355
00:00:00.152	1.308425	1.299634	1.300366
00:00:00.152	1.311355	1.293773	1.315018
00:00:00.152	1.306960	1.285714	1.317949
00:00:00.153	1.300366	1.268132	1.300366
00:00:00.153	1.313553	1.288645	1.312088
00:00:00.154	1.307692	1.289377	1.307692
00:00:00.154	1.300366	1.293773	1.310623
00:00:00.154	1.312821	1.298901	1.302564
00:00:00.155	1.312088	1.311355	1.300366
00:00:00.155	1.320147	1.321612	1.298901
00:00:00.155	1.318681	1.328205	1.290110
00:00:00.157	1.306227	1.327473	1.290842
00:00:00.157	1.315751	1.335531	1.295238
00:00:00.157	1.308425	1.324542	1.290110
00:00:00.157	1.308425	1.319414	1.298168
00:00:00.157	1.306960	1.307692	1.312821
00:00:00.157	1.303297	1.298168	1.306960
00:00:00.159	1.314286	1.312821	1.314286
00:00:00.159	1.301832	1.301099	1.310623
00:00:00.159	1.310623	1.297436	1.315751
00:00:00.159	1.304762	1.278388	1.315018
00:00:00.159	1.300366	1.256410	1.306960
00:00:00.160	1.309890	1.276190	1.306960
00:00:00.160	1.310623	1.299634	1.298901
00:00:00.160	1.303297	1.313553	1.302564
00:00:00.161	1.308425	1.318681	1.293773
00:00:00.161	1.295238	1.309158	1.287179
00:00:00.161	1.311355	1.326007	1.288645
00:00:00.162	1.320147	1.342857	1.299634
00:00:00.162	1.318681	1.324542	1.286447
00:00:00.163	1.326740	1.308425	1.300366
00:00:00.163	1.310623	1.260073	1.292308
00:00:00.163	1.307692	1.271062	1.312088
00:00:00.164	1.305495	1.283516	1.309158
00:00:00.164	1.295238	1.280586	1.300366
00:00:00.165	1.301832	1.290842	1.307692
00:00:00.165	1.313553	1.298168	1.317216
00:00:00.165	1.314286	1.306960	1.316484
00:00:00.165	1.299634	1.293773	1.317949
00:00:00.166	1.296703	1.295238	1.308425
00:00:00.166	1.306960	1.307692	1.304762
00:00:00.166	1.310623	1.317949	1.298901
00:00:00.199	1.312088	1.318681	1.285714
00:00:00.199	1.312088	1.321612	1.291575
00:00:00.199	1.304762	1.320147	1.282051
00:00:00.200	1.305495	1.316484	1.293040
00:00:00.200	1.310623	1.317216	1.289377
00:00:00.200	1.309890	1.309158	1.290842
00:00:00.201	1.314286	1.306227	1.301832
00:00:00.201	1.314286	1.303297	1.306227
00:00:00.201	1.309890	1.301832	1.307692
00:00:00.202	1.309158	1.306960	1.315018
00:00:00.202	1.315018	1.304762	1.319414
00:00:00.203	1.314286	1.304762	1.322344
00:00:00.203	1.299634	1.287912	1.309890
00:00:00.203	1.291575	1.288645	1.306227
00:00:00.204	1.296703	1.293040	1.303297
00:00:00.204	1.299634	1.288645	1.300366
00:00:00.204	1.321612	1.292308	1.298168
00:00:00.205	1.310623	1.293773	1.285714
00:00:00.205	1.316484	1.314286	1.293040
00:00:00.205	1.320879	1.328205	1.295238
00:00:00.206	1.304029	1.330403	1.284982
00:00:00.206	1.309890	1.338462	1.293773
00:00:00.206	1.313553	1.332601	1.304762
00:00:00.207	1.319414	1.321612	1.304762
00:00:00.207	1.315018	1.298901	1.309890
00:00:00.208	1.304762	1.289377	1.305495
00:00:00.208	1.309890	1.293773	1.318681
00:00:00.208	1.301099	1.280586	1.315018
00:00:00.209	1.310623	1.278388	1.317949
00:00:00.209	1.306960	1.279853	1.309890
00:00:00.209	1.308425	1.292308	1.310623
00:00:00.210	1.307692	1.312088	1.304762
00:00:00.210	1.309890	1.342857	1.306227
00:00:00.210	1.315018	1.341392	1.304029
00:00:00.211	1.307692	1.319414	1.287912
00:00:00.211	1.320147	1.304762	1.298168
00:00:00.212	1.310623	1.286447	1.288645
00:00:00.212	1.310623	1.298901	1.293773
00:00:00.212	1.313553	1.309890	1.292308
00:00:00.213	1.317216	1.305495	1.293040
00:00:00.213	1.300366	1.298168	1.301832
00:00:00.213	1.315751	1.301832	1.307692
00:00:00.214	1.309158	1.289377	1.298168
00:00:00.214	1.304762	1.293040	1.318681
00:00:00.214	1.304029	1.282051	1.312821
00:00:00.215	1.307692	1.299634	1.309890
00:00:00.215	1.312821	1.306227	1.314286
00:00:00.215	1.312088	1.303297	1.308425
00:00:00.216	1.310623	1.304029	1.309158
00:00:00.216	1.307692	1.298901	1.297436
00:00:00.248	1.303297	1.294505	1.287179
00:00:00.249	1.313553	1.309890	1.296703
00:00:00.249	1.317949	1.319414	1.289377
00:00:00.249	1.318681	1.331136	1.299634
00:00:00.250	1.315751	1.326740	1.290842
00:00:00.250	1.312088	1.328205	1.302564
00:00:00.250	1.308425	1.312088	1.298168
00:00:00.253	1.309158	1.301099	1.304029
00:00:00.253	1.306227	1.292308	1.305495
00:00:00.253	1.312821	1.294505	1.312821
00:00:00.253	1.311355	1.299634	1.317949
00:00:00.253	1.310623	1.288645	1.316484
00:00:00.253	1.314286	1.291575	1.317216
00:00:00.253	1.305495	1.296703	1.311355
00:00:00.253	1.306227	1.301099	1.310623
00:00:00.254	1.295971	1.301099	1.304029
00:00:00.254	1.309158	1.331868	1.306227
00:00:00.254	1.307692	1.328205	1.300366
00:00:00.256	1.312821	1.326740	1.299634
00:00:00.256	1.315018	1.326007	1.289377
00:00:00.256	1.305495	1.311355	1.276190
00:00:00.256	1.320879	1.341392	1.299634
00:00:00.256	1.319414	1.333333	1.297436
00:00:00.257	1.304029	1.301832	1.298901
00:00:00.257	1.315018	1.295971	1.310623
00:00:00.257	1.309890	1.275458	1.309890
00:00:00.258	1.309890	1.272527	1.312088
00:00:00.258	1.304762	1.279121	1.320147
00:00:00.258	1.306960	1.273993	1.314286
00:00:00.259	1.312088	1.308425	1.317949
00:00:00.259	1.309158	1.328938	1.311355
00:00:00.259	1.307692	1.342125	1.309158
00:00:00.260	1.312088	1.326007	1.304029
00:00:00.260	1.305495	1.293040	1.279853
00:00:00.261	1.317216	1.300366	1.299634
00:00:00.261	1.306227	1.293773	1.288645
00:00:00.261	1.297436	1.285714	1.288645
00:00:00.262	1.312088	1.303297	1.291575
00:00:00.262	1.309158	1.306227	1.292308
00:00:00.262	1.317949	1.320147	1.305495
00:00:00.263	1.311355	1.309890	1.303297
00:00:00.263	1.301832	1.317216	1.300366
00:00:00.263	1.309158	1.295238	1.315751
00:00:00.264	1.309890	1.266667	1.317216
00:00:00.264	1.297436	1.256410	1.316484
00:00:00.264	1.300366	1.268132	1.309158
00:00:00.265	1.298901	1.293773	1.299634
00:00:00.265	1.309158	1.301099	1.309158
00:00:00.266	1.309890	1.340659	1.304029
00:00:00.266	1.304762	1.335531	1.300366
00:00:00.298	1.303297	1.315018	1.286447
00:00:00.298	1.323810	1.334799	1.298168
00:00:00.299	1.328205	1.307692	1.283516
00:00:00.299	1.341392	1.318681	1.284982
00:00:00.299	1.329670	1.318681	1.282784
00:00:00.300	1.265934	1.301099	1.306227
00:00:00.301	1.271062	1.282784	1.303297
00:00:00.301	1.289377	1.290842	1.312821
00:00:00.301	1.298901	1.300366	1.315751
00:00:00.301	1.285714	1.306960	1.307692
00:00:00.302	1.295238	1.306227	1.320879
00:00:00.302	1.284249	1.281319	1.321612
00:00:00.302	1.280586	1.287179	1.318681
00:00:00.303	1.284249	1.286447	1.306960
00:00:00.303	1.320879	1.305495	1.312088
00:00:00.303	1.386813	1.314286	1.315018
00:00:00.304	1.350183	1.317949	1.301832
00:00:00.304	1.294505	1.309158	1.284982
00:00:00.305	1.312088	1.308425	1.288645
00:00:00.305	1.387546	1.297436	1.291575
00:00:00.305	1.395604	1.284249	1.290110
00:00:00.306	1.301832	1.309158	1.298168
00:00:00.306	1.272527	1.311355	1.298168
00:00:00.306	1.279853	1.336264	1.300366
00:00:00.307	1.334066	1.350183	1.307692
00:00:00.307	1.340659	1.331868	1.295971
00:00:00.307	1.318681	1.326740	1.311355
00:00:00.308	1.268864	1.297436	1.320147
00:00:00.308	1.265201	1.282051	1.318681
00:00:00.308	1.293773	1.287179	1.315751
00:00:00.309	1.301832	1.272527	1.300366
00:00:00.309	1.313553	1.273260	1.311355
00:00:00.310	1.307692	1.287912	1.306960
00:00:00.310	1.302564	1.298901	1.287179
00:00:00.310	1.300366	1.306960	1.295971
00:00:00.311	1.315018	1.306227	1.289377
00:00:00.311	1.311355	1.326007	1.280586
00:00:00.311	1.322344	1.355311	1.297436
00:00:00.312	1.315018	1.338462	1.298168
00:00:00.312	1.300366	1.331868	1.300366
00:00:00.312	1.286447	1.294505	1.300366
00:00:00.314	1.290842	1.250549	1.292308
00:00:00.314	1.320879	1.232234	1.310623
00:00:00.314	1.312821	1.228571	1.312088
00:00:00.314	1.334066	1.230037	1.316484
00:00:00.314	1.347253	1.257143	1.317216
00:00:00.315	1.348718	1.287912	1.308425
00:00:00.315	1.331136	1.360440	1.314286
00:00:00.315	1.308425	1.367033	1.309890
00:00:00.317	1.291575	1.303297	1.301832
00:00:00.349	1.291575	1.335531	1.305495
00:00:00.349	1.241026	1.364103	1.287179
00:00:00.349	1.230037	1.332601	1.286447
00:00:00.349	1.262271	1.352381	1.290110
00:00:00.349	1.249084	1.332601	1.291575
00:00:00.351	1.284249	1.325275	1.286447
00:00:00.351	1.329670	1.348718	1.288645
00:00:00.351	1.383883	1.353114	1.304762
00:00:00.351	1.347253	1.317949	1.314286
00:00:00.351	1.328205	1.273260	1.309890
00:00:00.351	1.358974	1.254945	1.312821
00:00:00.353	1.324542	1.248352	1.305495
00:00:00.353	1.288645	1.254212	1.323077
00:00:00.353	1.265201	1.257143	1.306227
00:00:00.353	1.273260	1.289377	1.310623
00:00:00.353	1.282784	1.312821	1.306960
00:00:00.354	1.306227	1.298168	1.302564
00:00:00.354	1.317949	1.297436	1.304762
00:00:00.354	1.335531	1.315751	1.295238
00:00:00.355	1.417582	1.320879	1.287912
00:00:00.355	1.391209	1.317949	1.283516
00:00:00.355	1.317949	1.296703	1.287179
00:00:00.356	1.286447	1.294505	1.297436
00:00:00.356	1.276923	1.296703	1.309158
00:00:00.356	1.284249	1.287912	1.309890
00:00:00.357	1.268132	1.292308	1.309158
00:00:00.357	1.262271	1.289377	1.306227
00:00:00.357	1.262271	1.286447	1.300366
00:00:00.358	1.276923	1.275458	1.322344
00:00:00.358	1.312088	1.278388	1.307692
00:00:00.359	1.392674	1.279121	1.309158
00:00:00.359	1.337729	1.303297	1.316484
00:00:00.359	1.347253	1.317216	1.304029
00:00:00.360	1.402930	1.353846	1.309158
00:00:00.360	1.426374	1.354579	1.308425
00:00:00.360	1.326740	1.345788	1.290110
00:00:00.361	1.315018	1.322344	1.284982
00:00:00.361	1.292308	1.323810	1.258608
00:00:00.361	1.262271	1.323810	1.271795
00:00:00.362	1.286447	1.322344	1.271062
00:00:00.362	1.307692	1.331136	1.297436
00:00:00.362	1.293773	1.331868	1.334799
00:00:00.363	1.333333	1.312821	1.308425
00:00:00.363	1.267399	1.302564	1.323077
00:00:00.364	1.204396	1.273993	1.318681
00:00:00.364	1.235897	1.243956	1.323077
00:00:00.364	1.249084	1.265201	1.343590
00:00:00.365	1.257143	1.283516	1.324542
00:00:00.365	1.312088	1.311355	1.319414
00:00:00.365	1.373626	1.314286	1.299634
00:00:00.398	1.362637	1.317216	1.260806
00:00:00.398	1.328938	1.316484	1.260806
00:00:00.398	1.308425	1.319414	1.272527
00:00:00.399	1.299634	1.320147	1.276190
00:00:00.399	1.326007	1.353114	1.312821
00:00:00.399	1.308425	1.381685	1.301832
00:00:00.400	1.285714	1.353846	1.306960
00:00:00.400	1.291575	1.294505	1.306227
00:00:00.400	1.302564	1.255678	1.306227
00:00:00.401	1.330403	1.263004	1.319414
00:00:00.401	1.305495	1.271795	1.299634
00:00:00.401	1.297436	1.280586	1.315751
00:00:00.402	1.281319	1.272527	1.318681
00:00:00.402	1.297436	1.276923	1.315751
00:00:00.403	1.304029	1.284982	1.305495
00:00:00.403	1.337729	1.291575	1.300366
00:00:00.403	1.437363	1.303297	1.311355
00:00:00.404	1.386081	1.290842	1.293773
00:00:00.404	1.331868	1.320879	1.302564
00:00:00.404	1.306960	1.332601	1.295971
00:00:00.406	1.283516	1.330403	1.292308
00:00:00.406	1.268864	1.327473	1.285714
00:00:00.406	1.264469	1.322344	1.290110
00:00:00.406	1.279853	1.318681	1.298901
00:00:00.406	1.285714	1.306227	1.309158
00:00:00.406	1.309158	1.277656	1.315751
00:00:00.407	1.312088	1.249084	1.314286
00:00:00.407	1.346520	1.258608	1.320147
00:00:00.408	1.361905	1.273993	1.319414
00:00:00.408	1.319414	1.294505	1.315018
00:00:00.408	1.299634	1.298901	1.323810
00:00:00.409	1.300366	1.316484	1.315751
00:00:00.409	1.285714	1.324542	1.302564
00:00:00.409	1.306227	1.365568	1.301832
00:00:00.410	1.298168	1.358974	1.289377
00:00:00.410	1.316484	1.328205	1.298901
00:00:00.410	1.307692	1.274725	1.289377
00:00:00.413	1.309158	1.245421	1.287179
00:00:00.413	1.308425	1.239560	1.292308
00:00:00.413	1.309890	1.256410	1.293040
00:00:00.413	1.307692	1.306960	1.298168
00:00:00.413	1.304762	1.353846	1.302564
00:00:00.413	1.306227	1.377289	1.306960
00:00:00.413	1.308425	1.371429	1.317949
00:00:00.413	1.312821	1.335531	1.320147
00:00:00.416	1.313553	1.300366	1.321612
00:00:00.416	1.320879	1.279853	1.318681
00:00:00.416	1.317216	1.302564	1.311355
00:00:00.416	1.309890	1.304029	1.302564
00:00:00.416	1.316484	1.305495	1.304762
00:00:00.448	1.307692	1.313553	1.285714
00:00:00.448	1.311355	1.350183	1.289377
00:00:00.448	1.314286	1.372894	1.291575
00:00:00.448	1.303297	1.361905	1.293773
00:00:00.449	1.320879	1.339927	1.300366
00:00:00.449	1.323810	1.323810	1.284982
00:00:00.449	1.323810	1.320879	1.302564
00:00:00.450	1.299634	1.282784	1.297436
00:00:00.450	1.258608	1.260806	1.317216
00:00:00.450	1.287179	1.246154	1.308425
00:00:00.451	1.298901	1.221245	1.310623
00:00:00.451	1.309158	1.229304	1.320147
00:00:00.452	1.309890	1.241026	1.309158
00:00:00.452	1.306227	1.263004	1.312088
00:00:00.452	1.307692	1.295238	1.314286
00:00:00.453	1.304762	1.305495	1.293773
00:00:00.453	1.311355	1.327473	1.299634
00:00:00.453	1.320879	1.342125	1.299634
00:00:00.454	1.311355	1.343590	1.297436
00:00:00.454	1.320879	1.306227	1.296703
00:00:00.454	1.312088	1.270330	1.291575
00:00:00.455	1.304029	1.266667	1.289377
00:00:00.455	1.286447	1.247619	1.284982
00:00:00.455	1.304029	1.253480	1.306960
00:00:00.456	1.328205	1.276190	1.317949
00:00:00.456	1.325275	1.283516	1.315018
00:00:00.457	1.327473	1.331136	1.315018
00:00:00.458	1.341392	1.361905	1.298901
00:00:00.458	1.291575	1.356777	1.295971
00:00:00.458	1.302564	1.365568	1.312088
00:00:00.458	1.308425	1.369963	1.303297
00:00:00.458	1.296703	1.389744	1.298901
00:00:00.459	1.323810	1.378755	1.306960
00:00:00.459	1.322344	1.339194	1.309890
00:00:00.459	1.310623	1.296703	1.293773
00:00:00.460	1.290842	1.295238	1.293773
00:00:00.460	1.284982	1.305495	1.291575
00:00:00.461	1.300366	1.303297	1.287912
00:00:00.461	1.317216	1.290110	1.303297
00:00:00.461	1.311355	1.279121	1.306227
00:00:00.462	1.306960	1.273260	1.305495
00:00:00.462	1.323077	1.297436	1.321612
00:00:00.462	1.312821	1.284982	1.312088
00:00:00.463	1.308425	1.285714	1.310623
00:00:00.463	1.309890	1.282051	1.312821
00:00:00.463	1.297436	1.268864	1.309890
00:00:00.464	1.315751	1.298168	1.315751
00:00:00.464	1.316484	1.303297	1.293773
00:00:00.464	1.315018	1.294505	1.303297
00:00:00.465	1.327473	1.297436	1.303297
00:00:00.497	1.315751	1.301832	1.295238
00:00:00.497	1.314286	1.315018	1.305495
00:00:00.498	1.304029	1.306960	1.295238
00:00:00.498	1.314286	1.323077	1.297436
00:00:00.498	1.316484	1.319414	1.296703
00:00:00.499	1.304029	1.297436	1.284249
00:00:00.499	1.300366	1.311355	1.298901
00:00:00.499	1.300366	1.312821	1.298901
00:00:00.500	1.288645	1.306227	1.299634
00:00:00.500	1.282051	1.298901	1.302564
00:00:00.501	1.291575	1.290110	1.298168
00:00:00.501	1.294505	1.304762	1.309158
00:00:00.501	1.297436	1.308425	1.323810
00:00:00.502	1.315751	1.305495	1.323810
00:00:00.502	1.312088	1.286447	1.310623
00:00:00.502	1.305495	1.298901	1.311355
00:00:00.503	1.302564	1.306960	1.311355
00:00:00.503	1.308425	1.295971	1.302564
00:00:00.503	1.317216	1.290842	1.293773
00:00:00.504	1.331868	1.301832	1.298168
00:00:00.504	1.334066	1.310623	1.292308
00:00:00.505	1.317949	1.317216	1.293040
00:00:00.505	1.309890	1.318681	1.297436
00:00:00.505	1.303297	1.306960	1.286447
00:00:00.506	1.227106	1.307692	1.300366
00:00:00.506	1.203663	1.290842	1.292308
00:00:00.506	1.232967	1.291575	1.306227
00:00:00.508	1.274725	1.284249	1.304029
00:00:00.508	1.380952	1.280586	1.315751
00:00:00.508	1.461538	1.286447	1.315018
00:00:00.508	1.506960	1.315018	1.305495
00:00:00.508	1.464469	1.301099	1.286447
00:00:00.508	1.400000	1.316484	1.279121
00:00:00.510	1.312821	1.337729	1.302564
00:00:00.510	1.208791	1.342125	1.339927
00:00:00.510	1.153114	1.326740	1.311355
00:00:00.510	1.165568	1.322344	1.307692
00:00:00.510	1.215385	1.318681	1.311355
00:00:00.512	1.271062	1.310623	1.306227
00:00:00.512	1.342857	1.336264	1.299634
00:00:00.512	1.372161	1.329670	1.307692
00:00:00.512	1.389011	1.326740	1.300366
00:00:00.512	1.378022	1.333333	1.303297
00:00:00.512	1.334799	1.323077	1.297436
00:00:00.513	1.300366	1.312821	1.309158
00:00:00.513	1.267399	1.310623	1.319414
00:00:00.513	1.328205	1.314286	1.326740
00:00:00.515	1.356777	1.288645	1.315018
00:00:00.515	1.313553	1.266667	1.304029
00:00:00.516	1.272527	1.259341	1.302564
00:00:00.547	1.235897	1.247619	1.294505
00:00:00.547	1.233700	1.250549	1.294505
00:00:00.547	1.263004	1.270330	1.287179
00:00:00.548	1.285714	1.289377	1.288645
00:00:00.548	1.311355	1.298901	1.304029
00:00:00.549	1.241026	1.305495	1.287912
00:00:00.549	1.260806	1.339194	1.297436
00:00:00.549	1.182418	1.341392	1.299634
00:00:00.550	1.266667	1.344322	1.292308
00:00:00.550	1.433700	1.351648	1.309890
00:00:00.550	1.544322	1.373626	1.313553
00:00:00.551	1.582418	1.363370	1.323810
00:00:00.551	1.545788	1.394139	1.331868
00:00:00.551	1.425641	1.321612	1.310623
00:00:00.552	1.294505	1.239560	1.304029
00:00:00.552	1.197070	1.230037	1.285714
00:00:00.552	1.163370	1.224176	1.260806
00:00:00.553	1.157509	1.230769	1.246154
00:00:00.553	1.210989	1.240293	1.276190
00:00:00.554	1.271062	1.251282	1.342125
00:00:00.554	1.295971	1.249084	1.339194
00:00:00.554	1.308425	1.265934	1.332601
00:00:00.555	1.312088	1.426374	1.306960
00:00:00.555	1.377289	1.443223	1.315018
00:00:00.555	1.421978	1.383150	1.322344
00:00:00.556	1.367033	1.353114	1.349451
00:00:00.556	1.290842	1.345788	1.369231
00:00:00.556	1.282051	1.309890	1.325275
00:00:00.557	1.310623	1.284249	1.321612
00:00:00.557	1.285714	1.295238	1.314286
00:00:00.557	1.221245	1.240293	1.300366
00:00:00.558	1.200733	1.160440	1.264469
00:00:00.558	1.228571	1.221978	1.276923
00:00:00.559	1.303297	1.308425	1.293773
00:00:00.559	1.336996	1.361905	1.300366
00:00:00.559	1.339194	1.426374	1.295238
00:00:00.560	1.373626	1.393407	1.286447
00:00:00.560	1.358974	1.312821	1.287179
00:00:00.560	1.297436	1.239560	1.283516
00:00:00.561	1.299634	1.257875	1.283516
00:00:00.561	1.313553	1.300366	1.290110
00:00:00.562	1.342857	1.341392	1.293773
00:00:00.562	1.389011	1.327473	1.311355
00:00:00.562	1.408791	1.246154	1.313553
00:00:00.562	1.339194	1.257875	1.304762
00:00:00.563	1.175824	1.316484	1.305495
00:00:00.563	1.146520	1.310623	1.306960
00:00:00.564	1.157509	1.334066	1.304029
00:00:00.564	1.287179	1.321612	1.304762
00:00:00.564	1.447619	1.339194	1.321612
00:00:00.596	1.505495	1.325275	1.330403
00:00:00.597	1.349451	1.280586	1.329670
00:00:00.597	1.278388	1.234432	1.317949
00:00:00.598	1.264469	1.219048	1.292308
00:00:00.598	1.298168	1.354579	1.249084
00:00:00.598	1.358974	1.402930	1.247619
00:00:00.599	1.419780	1.358242	1.250549
00:00:00.599	1.391941	1.300366	1.279121
00:00:00.599	1.280586	1.248352	1.342857
00:00:00.600	1.201465	1.312821	1.347253
00:00:00.600	1.202198	1.353114	1.365568
00:00:00.600	1.264469	1.406593	1.328205
00:00:00.602	1.343590	1.296703	1.317216
00:00:00.602	1.303297	1.205861	1.276923
00:00:00.602	1.208059	1.229304	1.273993
00:00:00.602	1.229304	1.284982	1.290110
00:00:00.602	1.316484	1.255678	1.302564
00:00:00.603	1.393407	1.171429	1.306227
00:00:00.604	1.397802	1.153114	1.309890
00:00:00.604	1.376557	1.203663	1.323810
00:00:00.606	1.321612	1.268864	1.335531
00:00:00.606	1.277656	1.306227	1.352381
00:00:00.606	1.312088	1.348718	1.328938
00:00:00.606	1.327473	1.298168	1.246154
00:00:00.606	1.319414	1.305495	1.248352
00:00:00.606	1.312088	1.354579	1.285714
00:00:00.606	1.309158	1.405861	1.302564
00:00:00.606	1.292308	1.413187	1.299634
00:00:00.606	1.283516	1.361905	1.300366
00:00:00.609	1.275458	1.324542	1.310623
00:00:00.609	1.288645	1.275458	1.300366
00:00:00.609	1.311355	1.240293	1.305495
00:00:00.609	1.323077	1.231502	1.300366
00:00:00.609	1.375824	1.194139	1.308425
00:00:00.609	1.356044	1.183150	1.290842
00:00:00.609	1.317949	1.249817	1.300366
00:00:00.609	1.291575	1.297436	1.287179
00:00:00.610	1.292308	1.395604	1.282051
00:00:00.610	1.319414	1.457875	1.300366
00:00:00.610	1.328205	1.424908	1.297436
00:00:00.611	1.321612	1.354579	1.286447
00:00:00.611	1.295971	1.342125	1.298168
00:00:00.611	1.262271	1.424176	1.308425
00:00:00.612	1.216117	1.404396	1.308425
00:00:00.612	1.284982	1.293773	1.306227
00:00:00.613	1.326007	1.204396	1.317216
00:00:00.613	1.323810	1.245421	1.327473
00:00:00.613	1.329670	1.301832	1.332601
00:00:00.614	1.330403	1.341392	1.323810
00:00:00.614	1.320879	1.323077	1.309158
00:00:00.646	1.312088	1.271062	1.300366
00:00:00.647	1.322344	1.285714	1.315018
00:00:00.647	1.312088	1.265934	1.304762
00:00:00.647	1.317216	1.307692	1.309890
00:00:00.648	1.328205	1.349451	1.304029
00:00:00.648	1.316484	1.376557	1.298901
00:00:00.648	1.306227	1.416117	1.298901
00:00:00.649	1.306227	1.421978	1.293773
00:00:00.649	1.302564	1.412454	1.290110
00:00:00.649	1.314286	1.384615	1.309890
00:00:00.650	1.315751	1.338462	1.320879
00:00:00.650	1.303297	1.266667	1.310623
00:00:00.650	1.303297	1.240293	1.323810
00:00:00.651	1.304029	1.209524	1.313553
00:00:00.651	1.299634	1.226374	1.315751
00:00:00.652	1.316484	1.247619	1.304762
00:00:00.652	1.317949	1.269597	1.307692
00:00:00.652	1.302564	1.279121	1.306960
00:00:00.653	1.317216	1.272527	1.295238
00:00:00.653	1.306227	1.304762	1.299634
00:00:00.653	1.265201	1.365568	1.293773
00:00:00.654	1.287179	1.393407	1.282784
00:00:00.654	1.368498	1.414652	1.310623
00:00:00.654	1.379487	1.353114	1.299634
00:00:00.655	1.404396	1.304762	1.300366
00:00:00.655	1.335531	1.274725	1.287912
00:00:00.655	1.260806	1.256410	1.287179
00:00:00.656	1.224908	1.244689	1.297436
00:00:00.656	1.243956	1.264469	1.318681
00:00:00.657	1.275458	1.274725	1.315751
00:00:00.657	1.320147	1.283516	1.319414
00:00:00.657	1.319414	1.267399	1.307692
00:00:00.658	1.323810	1.282051	1.298901
00:00:00.658	1.320879	1.293040	1.304029
00:00:00.658	1.314286	1.326740	1.302564
00:00:00.659	1.366300	1.353114	1.308425
00:00:00.659	1.401465	1.365568	1.305495
00:00:00.659	1.390476	1.342125	1.302564
00:00:00.660	1.323810	1.306960	1.299634
00:00:00.660	1.280586	1.282051	1.293040
00:00:00.660	1.244689	1.259341	1.302564
00:00:00.661	1.204396	1.286447	1.298901
00:00:00.661	1.172161	1.297436	1.293773
00:00:00.662	1.192674	1.312821	1.302564
00:00:00.662	1.258608	1.291575	1.293773
00:00:00.662	1.317216	1.293773	1.315018
00:00:00.663	1.369963	1.279121	1.317949
00:00:00.663	1.421978	1.257143	1.317216
00:00:00.663	1.428571	1.269597	1.320147
00:00:00.665	1.323810	1.282784	1.308425
00:00:00.697	1.317216	1.317216	1.304762
00:00:00.697	1.296703	1.342125	1.304762
00:00:00.697	1.370696	1.330403	1.289377
00:00:00.697	1.409524	1.329670	1.300366
00:00:00.697	1.337729	1.309158	1.295238
00:00:00.701	1.260073	1.309890	1.309158
00:00:00.701	1.202930	1.297436	1.298168
00:00:00.701	1.218315	1.281319	1.290110
00:00:00.701	1.287912	1.288645	1.304029
00:00:00.701	1.308425	1.286447	1.290110
00:00:00.701	1.307692	1.300366	1.311355
00:00:00.701	1.344322	1.292308	1.319414
00:00:00.701	1.331868	1.283516	1.311355
00:00:00.701	1.303297	1.300366	1.322344
00:00:00.701	1.271062	1.320147	1.303297
00:00:00.701	1.218315	1.320147	1.311355
00:00:00.703	1.230037	1.308425	1.304762
00:00:00.703	1.270330	1.297436	1.303297
00:00:00.703	1.315018	1.314286	1.308425
00:00:00.703	1.317216	1.297436	1.283516
00:00:00.703	1.338462	1.294505	1.287912
00:00:00.703	1.433700	1.312088	1.299634
00:00:00.705	1.378022	1.290110	1.285714
00:00:00.705	1.336996	1.302564	1.303297
00:00:00.705	1.317949	1.301832	1.297436
00:00:00.706	1.320879	1.314286	1.306227
00:00:00.706	1.315018	1.327473	1.304029
00:00:00.706	1.315751	1.329670	1.309890
00:00:00.706	1.323810	1.321612	1.314286
00:00:00.706	1.312088	1.300366	1.322344
00:00:00.707	1.300366	1.286447	1.312088
00:00:00.707	1.304762	1.282051	1.315751
00:00:00.707	1.295971	1.278388	1.309158
00:00:00.708	1.292308	1.290842	1.312088
00:00:00.708	1.298901	1.304029	1.304762
00:00:00.708	1.307692	1.315018	1.299634
00:00:00.709	1.332601	1.350916	1.305495
00:00:00.709	1.320147	1.369963	1.296703
00:00:00.709	1.300366	1.390476	1.293773
00:00:00.710	1.302564	1.349451	1.298168
00:00:00.710	1.310623	1.296703	1.296703
00:00:00.711	1.305495	1.260806	1.302564
00:00:00.711	1.309158	1.259341	1.305495
00:00:00.711	1.301832	1.238828	1.295971
00:00:00.712	1.312088	1.219780	1.294505
00:00:00.712	1.312088	1.230037	1.309158
00:00:00.712	1.300366	1.242491	1.313553
00:00:00.713	1.307692	1.304029	1.320879
00:00:00.713	1.305495	1.320879	1.300366
00:00:00.713	1.295971	1.309890	1.304762
00:00:00.746	1.295971	1.326740	1.310623
00:00:00.746	1.295971	1.325275	1.291575
00:00:00.746	1.301832	1.306227	1.295971
00:00:00.747	1.325275	1.292308	1.295238
00:00:00.747	1.326007	1.295238	1.289377
00:00:00.747	1.323077	1.315018	1.295238
00:00:00.748	1.307692	1.325275	1.291575
00:00:00.748	1.306227	1.339194	1.293773
00:00:00.748	1.328205	1.344322	1.308425
00:00:00.749	1.323810	1.342857	1.315018
00:00:00.749	1.319414	1.334066	1.314286
00:00:00.750	1.325275	1.324542	1.317216
00:00:00.751	1.320879	1.306960	1.316484
00:00:00.751	1.306960	1.284982	1.320879
00:00:00.751	1.306227	1.279121	1.320879
00:00:00.751	1.306227	1.287912	1.316484
00:00:00.751	1.306227	1.292308	1.300366
00:00:00.752	1.331136	1.312088	1.316484
00:00:00.752	1.334066	1.311355	1.294505
00:00:00.752	1.353846	1.321612	1.304029
00:00:00.753	1.332601	1.320879	1.300366
00:00:00.753	1.294505	1.306227	1.290110
00:00:00.753	1.274725	1.295238	1.276923
00:00:00.754	1.276923	1.312088	1.286447
00:00:00.754	1.290842	1.331868	1.300366
00:00:00.755	1.284249	1.320879	1.306960
00:00:00.755	1.246886	1.288645	1.300366
00:00:00.755	1.258608	1.321612	1.300366
00:00:00.756	1.271062	1.300366	1.304762
00:00:00.756	1.295971	1.288645	1.312821
00:00:00.756	1.317949	1.280586	1.322344
00:00:00.757	1.294505	1.283516	1.325275
00:00:00.757	1.223443	1.287179	1.312821
00:00:00.757	1.261538	1.290110	1.309890
00:00:00.758	1.358974	1.278388	1.298901
00:00:00.758	1.419780	1.279121	1.287912
00:00:00.759	1.469597	1.310623	1.298901
00:00:00.759	1.388278	1.319414	1.296703
00:00:00.759	1.311355	1.345055	1.302564
00:00:00.760	1.269597	1.353846	1.301832
00:00:00.760	1.288645	1.345055	1.303297
00:00:00.760	1.326740	1.337729	1.300366
00:00:00.762	1.323810	1.312821	1.299634
00:00:00.762	1.293040	1.331136	1.307692
00:00:00.762	1.238828	1.339194	1.315751
00:00:00.762	1.252015	1.301099	1.306960
00:00:00.762	1.293040	1.302564	1.320879
00:00:00.762	1.304762	1.285714	1.306227
00:00:00.766	1.335531	1.272527	1.313553
00:00:00.766	1.347253	1.267399	1.317949
00:00:00.798	1.329670	1.291575	1.309158
00:00:00.798	1.347253	1.382418	1.309890
00:00:00.798	1.326007	1.342125	1.292308
00:00:00.798	1.308425	1.292308	1.298901
00:00:00.798	1.312088	1.258608	1.307692
00:00:00.798	1.290842	1.230769	1.295238
00:00:00.798	1.297436	1.242491	1.297436
00:00:00.798	1.290110	1.248352	1.300366
00:00:00.798	1.297436	1.251282	1.300366
00:00:00.801	1.287179	1.249817	1.297436
00:00:00.801	1.298901	1.295971	1.296703
00:00:00.801	1.314286	1.304762	1.302564
00:00:00.801	1.314286	1.320879	1.308425
00:00:00.801	1.314286	1.330403	1.315018
00:00:00.801	1.317949	1.342125	1.323810
00:00:00.801	1.309890	1.342125	1.317216
00:00:00.801	1.295971	1.296703	1.295971
00:00:00.801	1.312088	1.307692	1.312088
00:00:00.803	1.314286	1.315751	1.306960
00:00:00.803	1.295238	1.298901	1.292308
00:00:00.803	1.322344	1.326007	1.304762
00:00:00.803	1.315751	1.293773	1.291575
00:00:00.803	1.325275	1.285714	1.298168
00:00:00.805	1.309890	1.300366	1.298901
00:00:00.805	1.302564	1.358242	1.293773
00:00:00.805	1.306960	1.380220	1.300366
00:00:00.805	1.334799	1.364835	1.295238
00:00:00.805	1.348718	1.334066	1.307692
00:00:00.805	1.342125	1.289377	1.300366
00:00:00.806	1.346520	1.285714	1.313553
00:00:00.806	1.326740	1.287912	1.320147
00:00:00.806	1.302564	1.281319	1.309890
00:00:00.807	1.284982	1.279853	1.313553
00:00:00.807	1.274725	1.274725	1.312088
00:00:00.808	1.273993	1.311355	1.312088
00:00:00.808	1.282784	1.358242	1.309158
00:00:00.808	1.266667	1.367766	1.298901
00:00:00.809	1.287912	1.365568	1.298168
00:00:00.809	1.312088	1.353846	1.293040
00:00:00.809	1.320879	1.323077	1.307692
00:00:00.810	1.326740	1.284249	1.304762
00:00:00.810	1.319414	1.267399	1.297436
00:00:00.810	1.326007	1.280586	1.306227
00:00:00.811	1.321612	1.263736	1.300366
00:00:00.811	1.310623	1.251282	1.296703
00:00:00.811	1.312821	1.283516	1.300366
00:00:00.812	1.309158	1.293040	1.315018
00:00:00.812	1.306960	1.269597	1.318681
00:00:00.813	1.294505	1.260806	1.311355
00:00:00.813	1.309158	1.283516	1.311355
00:00:00.845	1.326007	1.323077	1.314286
00:00:00.845	1.331136	1.345055	1.312088
00:00:00.846	1.306227	1.370696	1.310623
00:00:00.846	1.326007	1.356777	1.304029
00:00:00.847	1.315751	1.306227	1.286447
00:00:00.847	1.321612	1.263736	1.294505
00:00:00.847	1.313553	1.238095	1.290110
00:00:00.848	1.314286	1.306960	1.294505
00:00:00.848	1.333333	1.322344	1.303297
00:00:00.848	1.321612	1.255678	1.293773
00:00:00.849	1.310623	1.220513	1.300366
00:00:00.849	1.312821	1.243956	1.302564
00:00:00.849	1.306227	1.263004	1.309158
00:00:00.850	1.293040	1.296703	1.308425
00:00:00.850	1.297436	1.317216	1.313553
00:00:00.850	1.297436	1.339194	1.326740
00:00:00.851	1.301099	1.328205	1.305495
00:00:00.851	1.284982	1.353114	1.314286
00:00:00.852	1.240293	1.346520	1.315751
00:00:00.852	1.276923	1.325275	1.299634
00:00:00.852	1.353846	1.328205	1.302564
00:00:00.853	1.413187	1.340659	1.293773
00:00:00.853	1.424176	1.354579	1.293773
00:00:00.853	1.322344	1.366300	1.303297
00:00:00.854	1.227106	1.343590	1.304029
00:00:00.855	1.126740	1.279853	1.294505
00:00:00.855	1.214652	1.279853	1.299634
00:00:00.855	1.345055	1.290110	1.304029
00:00:00.855	1.449817	1.332601	1.315018
00:00:00.855	1.441026	1.363370	1.313553
00:00:00.856	1.345055	1.323077	1.306227
00:00:00.856	1.287179	1.309890	1.323077
00:00:00.857	1.209524	1.269597	1.321612
00:00:00.857	1.249817	1.250549	1.306227
00:00:00.857	1.317216	1.255678	1.300366
00:00:00.858	1.347253	1.257143	1.298168
00:00:00.858	1.388278	1.287912	1.307692
00:00:00.858	1.334799	1.312088	1.289377
00:00:00.859	1.290110	1.318681	1.300366
00:00:00.859	1.236630	1.315018	1.297436
00:00:00.859	1.252747	1.293773	1.289377
00:00:00.861	1.293773	1.292308	1.305495
00:00:00.861	1.295971	1.270330	1.298901
00:00:00.861	1.276923	1.282784	1.305495
00:00:00.861	1.298168	1.308425	1.311355
00:00:00.861	1.312821	1.327473	1.305495
00:00:00.862	1.317949	1.323077	1.313553
00:00:00.862	1.317949	1.334066	1.309890
00:00:00.862	1.304762	1.349451	1.319414
00:00:00.864	1.320147	1.356044	1.326007
00:00:00.896	1.311355	1.312821	1.310623
00:00:00.896	1.307692	1.282051	1.299634
00:00:00.896	1.315751	1.288645	1.304762
00:00:00.896	1.326740	1.323077	1.298168
00:00:00.896	1.344322	1.323810	1.294505
00:00:00.898	1.347253	1.295971	1.289377
00:00:00.898	1.331868	1.295238	1.295971
00:00:00.898	1.304762	1.285714	1.295238
00:00:00.898	1.309890	1.298168	1.305495
00:00:00.898	1.304029	1.320879	1.307692
00:00:00.898	1.303297	1.309158	1.300366
00:00:00.899	1.316484	1.297436	1.311355
00:00:00.899	1.312088	1.306227	1.312088
00:00:00.899	1.314286	1.318681	1.313553
00:00:00.900	1.303297	1.306227	1.312088
00:00:00.900	1.351648	1.314286	1.317949
00:00:00.901	1.328938	1.279121	1.298901
00:00:00.901	1.312088	1.276923	1.303297
00:00:00.901	1.295971	1.292308	1.304029
00:00:00.902	1.287912	1.268864	1.297436
00:00:00.902	1.276190	1.230769	1.286447
00:00:00.902	1.268132	1.301832	1.295238
00:00:00.903	1.273993	1.344322	1.297436
00:00:00.903	1.275458	1.342125	1.297436
00:00:00.903	1.308425	1.306227	1.293040
00:00:00.904	1.312821	1.333333	1.295971
00:00:00.904	1.329670	1.365568	1.308425
00:00:00.904	1.323810	1.324542	1.309158
00:00:00.905	1.315018	1.312088	1.306960
00:00:00.905	1.304762	1.241026	1.305495
00:00:00.906	1.301099	1.259341	1.307692
00:00:00.906	1.326740	1.334799	1.322344
00:00:00.907	1.306227	1.282784	1.315018
00:00:00.907	1.297436	1.246154	1.312821
00:00:00.907	1.315018	1.263004	1.313553
00:00:00.907	1.306227	1.263736	1.300366
00:00:00.908	1.315751	1.295238	1.303297
00:00:00.908	1.315751	1.279853	1.294505
00:00:00.908	1.320147	1.273993	1.289377
00:00:00.909	1.319414	1.312821	1.287912
00:00:00.909	1.296703	1.329670	1.276923
00:00:00.909	1.311355	1.350183	1.290842
00:00:00.910	1.309890	1.359707	1.293040
00:00:00.910	1.298901	1.347985	1.298168
00:00:00.911	1.308425	1.313553	1.300366
00:00:00.911	1.310623	1.308425	1.317949
00:00:00.911	1.306227	1.304762	1.307692
00:00:00.912	1.290110	1.299634	1.317216
00:00:00.912	1.295971	1.306227	1.317949
00:00:00.912	1.309158	1.287912	1.320147
00:00:00.945	1.310623	1.270330	1.314286
00:00:00.945	1.305495	1.283516	1.304762
00:00:00.945	1.316484	1.315018	1.305495
00:00:00.946	1.318681	1.327473	1.303297
00:00:00.946	1.315018	1.334066	1.302564
00:00:00.946	1.326007	1.338462	1.299634
00:00:00.947	1.320147	1.349451	1.291575
00:00:00.947	1.317216	1.334066	1.291575
00:00:00.947	1.314286	1.317216	1.304029
00:00:00.948	1.300366	1.295238	1.300366
00:00:00.948	1.295238	1.342857	1.308425
00:00:00.948	1.290110	1.395604	1.309890
00:00:00.949	1.293773	1.330403	1.304029
00:00:00.949	1.310623	1.289377	1.316484
00:00:00.950	1.315018	1.246154	1.308425
00:00:00.950	1.320147	1.260806	1.315018
00:00:00.950	1.321612	1.240293	1.312088
00:00:00.951	1.312821	1.213919	1.315751
00:00:00.951	1.279121	1.213919	1.305495
00:00:00.951	1.280586	1.212454	1.305495
00:00:00.952	1.329670	1.249084	1.290110
00:00:00.952	1.288645	1.278388	1.295971
00:00:00.952	1.337729	1.304762	1.285714
00:00:00.953	1.394139	1.368498	1.293773
00:00:00.953	1.419048	1.361905	1.282051
00:00:00.953	1.410256	1.364103	1.296703
00:00:00.954	1.312821	1.350183	1.306227
00:00:00.954	1.223443	1.331136	1.302564
00:00:00.956	1.210989	1.315018	1.306960
00:00:00.956	1.232967	1.299634	1.307692
00:00:00.956	1.250549	1.279121	1.295238
00:00:00.957	1.283516	1.313553	1.313553
00:00:00.957	1.293040	1.310623	1.311355
00:00:00.957	1.316484	1.306227	1.316484
00:00:00.958	1.326740	1.309890	1.312088
00:00:00.958	1.321612	1.317216	1.308425
00:00:00.958	1.322344	1.332601	1.308425
00:00:00.958	1.315018	1.324542	1.300366
00:00:00.958	1.309890	1.313553	1.298168
00:00:00.961	1.315751	1.320879	1.296703
00:00:00.961	1.329670	1.335531	1.304029
00:00:00.961	1.331868	1.310623	1.309158
00:00:00.961	1.274725	1.260073	1.293773
00:00:00.961	1.300366	1.257143	1.296703
00:00:00.961	1.318681	1.244689	1.300366
00:00:00.961	1.305495	1.238828	1.302564
00:00:00.961	1.300366	1.281319	1.313553
00:00:00.961	1.296703	1.299634	1.313553
00:00:00.962	1.330403	1.304029	1.317949
00:00:00.962	1.330403	1.314286	1.323810
