timestamp	ch1	ch2	ch3
00:00:00.000	1.242491	1.367766	1.303297
00:00:00.000	1.259341	1.326007	1.308425
00:00:00.001	1.240293	1.301099	1.295971
00:00:00.001	1.206593	1.249817	1.288645
00:00:00.001	1.238095	1.223443	1.300366
00:00:00.002	1.394139	1.221245	1.300366
00:00:00.034	1.361905	1.252015	1.300366
00:00:00.034	1.400000	1.337729	1.315018
00:00:00.035	1.438095	1.419780	1.311355
00:00:00.035	1.389011	1.372161	1.311355
00:00:00.035	1.332601	1.269597	1.305495
00:00:00.036	1.311355	1.194872	1.312088
00:00:00.036	1.302564	1.225641	1.311355
00:00:00.036	1.290842	1.287912	1.300366
00:00:00.037	1.283516	1.327473	1.309158
00:00:00.037	1.273993	1.334799	1.314286
00:00:00.040	1.271062	1.323077	1.323810
00:00:00.040	1.287179	1.298168	1.338462
00:00:00.040	1.295971	1.284982	1.323077
00:00:00.040	1.300366	1.341392	1.315018
00:00:00.040	1.317949	1.356777	1.331868
00:00:00.040	1.322344	1.328938	1.265201
00:00:00.042	1.320879	1.341392	1.299634
00:00:00.042	1.314286	1.347985	1.334799
00:00:00.042	1.311355	1.318681	1.183150
00:00:00.042	1.303297	1.295238	1.202930
00:00:00.042	1.315018	1.296703	1.304762
00:00:00.042	1.321612	1.300366	1.262271
00:00:00.042	1.310623	1.371429	1.260806
00:00:00.042	1.315018	1.363370	1.317949
00:00:00.046	1.315018	1.317216	1.323810
00:00:00.046	1.303297	1.254945	1.320147
00:00:00.046	1.307692	1.215385	1.309158
00:00:00.046	1.315751	1.228571	1.325275
00:00:00.046	1.307692	1.268864	1.316484
00:00:00.046	1.304029	1.301099	1.309158
00:00:00.046	1.315018	1.352381	1.311355
00:00:00.046	1.320879	1.359707	1.317949
00:00:00.046	1.305495	1.345055	1.331136
00:00:00.046	1.308425	1.342857	1.347253
00:00:00.046	1.303297	1.326740	1.325275
00:00:00.046	1.313553	1.290842	1.288645
00:00:00.047	1.308425	1.262271	1.282784
00:00:00.047	1.300366	1.263736	1.337729
00:00:00.048	1.317949	1.288645	1.323810
00:00:00.048	1.302564	1.308425	1.292308
00:00:00.048	1.314286	1.355311	1.244689
00:00:00.049	1.306960	1.358974	1.273260
00:00:00.049	1.312821	1.329670	1.307692
00:00:00.049	1.313553	1.312821	1.328205
00:00:00.050	1.312088	1.296703	1.316484
00:00:00.050	1.319414	1.311355	1.310623
00:00:00.050	1.307692	1.308425	1.304029
00:00:00.051	1.309890	1.322344	1.304029
00:00:00.051	1.307692	1.326007	1.297436
00:00:00.051	1.312088	1.329670	1.319414
00:00:00.084	1.307692	1.321612	1.303297
00:00:00.084	1.312088	1.313553	1.309158
00:00:00.084	1.315018	1.314286	1.312088
00:00:00.085	1.315751	1.297436	1.312821
00:00:00.085	1.316484	1.273993	1.298901
00:00:00.085	1.316484	1.262271	1.303297
00:00:00.086	1.317216	1.271062	1.304762
00:00:00.086	1.310623	1.285714	1.312821
00:00:00.087	1.313553	1.278388	1.309158
00:00:00.087	1.315751	1.345055	1.308425
00:00:00.087	1.311355	1.351648	1.309158
00:00:00.088	1.309158	1.305495	1.309890
00:00:00.088	1.310623	1.304762	1.303297
00:00:00.088	1.315018	1.340659	1.304029
00:00:00.089	1.309890	1.334066	1.304029
00:00:00.089	1.303297	1.297436	1.294505
00:00:00.089	1.309890	1.268132	1.303297
00:00:00.091	1.315751	1.278388	1.312821
00:00:00.091	1.312088	1.260806	1.305495
00:00:00.091	1.314286	1.209524	1.304762
00:00:00.091	1.320147	1.224908	1.307692
00:00:00.091	1.315751	1.282784	1.312088
00:00:00.092	1.319414	1.315751	1.306960
00:00:00.092	1.308425	1.295238	1.309158
00:00:00.092	1.312088	1.295238	1.300366
00:00:00.093	1.297436	1.315018	1.297436
00:00:00.093	1.318681	1.338462	1.314286
00:00:00.093	1.312088	1.344322	1.306227
00:00:00.094	1.312821	1.358974	1.305495
00:00:00.094	1.304762	1.361172	1.293773
00:00:00.094	1.313553	1.380952	1.312088
00:00:00.095	1.306960	1.385348	1.315751
00:00:00.095	1.310623	1.370696	1.311355
00:00:00.095	1.309890	1.334066	1.294505
00:00:00.096	1.315751	1.302564	1.311355
00:00:00.096	1.308425	1.232234	1.300366
00:00:00.097	1.301099	1.228571	1.286447
00:00:00.097	1.308425	1.244689	1.300366
00:00:00.097	1.311355	1.312821	1.302564
00:00:00.099	1.313553	1.361172	1.308425
00:00:00.099	1.306227	1.323077	1.298168
00:00:00.099	1.316484	1.282784	1.307692
00:00:00.099	1.315751	1.276190	1.303297
00:00:00.099	1.318681	1.295238	1.311355
00:00:00.099	1.309890	1.290110	1.306227
00:00:00.100	1.300366	1.265934	1.298168
00:00:00.100	1.314286	1.315018	1.299634
00:00:00.100	1.301832	1.332601	1.299634
00:00:00.101	1.306227	1.333333	1.303297
00:00:00.101	1.312088	1.329670	1.304029
00:00:00.133	1.315751	1.331136	1.306960
00:00:00.134	1.309158	1.342125	1.314286
00:00:00.134	1.314286	1.327473	1.306960
00:00:00.134	1.321612	1.322344	1.309890
00:00:00.135	1.310623	1.307692	1.298901
00:00:00.135	1.317216	1.306227	1.309158
00:00:00.136	1.308425	1.271062	1.298901
00:00:00.136	1.298168	1.243223	1.289377
00:00:00.136	1.309158	1.251282	1.306227
00:00:00.138	1.304762	1.272527	1.306227
00:00:00.138	1.309890	1.296703	1.296703
00:00:00.138	1.308425	1.322344	1.301832
00:00:00.138	1.312088	1.353114	1.304029
00:00:00.138	1.312088	1.359707	1.303297
00:00:00.138	1.312088	1.338462	1.306227
00:00:00.142	1.311355	1.336264	1.308425
00:00:00.142	1.309890	1.326007	1.304029
00:00:00.142	1.312088	1.308425	1.306227
00:00:00.142	1.310623	1.304762	1.304762
00:00:00.142	1.315018	1.302564	1.304762
00:00:00.142	1.316484	1.300366	1.311355
00:00:00.142	1.313553	1.292308	1.303297
00:00:00.142	1.321612	1.291575	1.307692
00:00:00.142	1.318681	1.293040	1.309158
00:00:00.143	1.315751	1.301832	1.297436
00:00:00.143	1.311355	1.311355	1.305495
00:00:00.143	1.310623	1.308425	1.300366
00:00:00.143	1.304762	1.293773	1.292308
00:00:00.143	1.313553	1.312088	1.305495
00:00:00.144	1.307692	1.312821	1.303297
00:00:00.144	1.297436	1.301832	1.295971
00:00:00.144	1.306227	1.287912	1.307692
00:00:00.145	1.314286	1.309890	1.312821
00:00:00.145	1.300366	1.301832	1.300366
00:00:00.146	1.312821	1.321612	1.311355
00:00:00.146	1.319414	1.334066	1.314286
00:00:00.146	1.310623	1.322344	1.309158
00:00:00.147	1.312088	1.309890	1.306227
00:00:00.147	1.304029	1.295238	1.294505
00:00:00.147	1.306960	1.311355	1.297436
00:00:00.148	1.304762	1.285714	1.297436
00:00:00.148	1.317949	1.283516	1.299634
00:00:00.148	1.308425	1.285714	1.294505
00:00:00.149	1.315018	1.307692	1.312088
00:00:00.149	1.308425	1.295238	1.309158
00:00:00.149	1.315018	1.285714	1.304762
00:00:00.150	1.304762	1.283516	1.307692
00:00:00.150	1.315751	1.303297	1.312088
00:00:00.151	1.304762	1.317216	1.307692
00:00:00.151	1.309158	1.313553	1.308425
00:00:00.183	1.315018	1.315751	1.313553
00:00:00.183	1.314286	1.317949	1.302564
00:00:00.184	1.301832	1.312088	1.304762
00:00:00.184	1.312088	1.306227	1.308425
00:00:00.185	1.315751	1.301832	1.307692
00:00:00.185	1.302564	1.292308	1.295971
00:00:00.185	1.318681	1.311355	1.312088
00:00:00.186	1.315751	1.314286	1.306227
00:00:00.186	1.312088	1.309158	1.300366
00:00:00.186	1.306227	1.309158	1.294505
00:00:00.187	1.306960	1.310623	1.298168
00:00:00.187	1.306227	1.312821	1.303297
00:00:00.187	1.309890	1.323810	1.308425
00:00:00.188	1.315018	1.323810	1.308425
00:00:00.188	1.311355	1.313553	1.305495
00:00:00.188	1.312821	1.306227	1.305495
00:00:00.189	1.300366	1.299634	1.298168
00:00:00.189	1.313553	1.315018	1.308425
00:00:00.190	1.312088	1.313553	1.300366
00:00:00.190	1.305495	1.296703	1.306960
00:00:00.190	1.315018	1.282051	1.308425
00:00:00.191	1.316484	1.298901	1.305495
00:00:00.191	1.312088	1.296703	1.309158
00:00:00.191	1.308425	1.289377	1.306227
00:00:00.192	1.316484	1.290110	1.312821
00:00:00.192	1.309890	1.298901	1.300366
00:00:00.192	1.315018	1.311355	1.304762
00:00:00.193	1.316484	1.317949	1.305495
00:00:00.193	1.313553	1.320147	1.311355
00:00:00.193	1.312088	1.312821	1.302564
00:00:00.194	1.297436	1.309890	1.293040
00:00:00.195	1.314286	1.321612	1.310623
00:00:00.195	1.306227	1.331136	1.304029
00:00:00.195	1.312088	1.340659	1.306227
00:00:00.195	1.300366	1.331868	1.309158
00:00:00.196	1.304029	1.315018	1.304029
00:00:00.196	1.312088	1.306960	1.306960
00:00:00.196	1.304762	1.274725	1.293773
00:00:00.197	1.307692	1.256410	1.298901
00:00:00.198	1.317949	1.276923	1.307692
00:00:00.198	1.315018	1.288645	1.303297
00:00:00.200	1.306227	1.291575	1.295971
00:00:00.200	1.312821	1.304762	1.309890
00:00:00.200	1.302564	1.304029	1.304029
00:00:00.200	1.304029	1.312088	1.298168
00:00:00.200	1.312088	1.323077	1.307692
00:00:00.200	1.309890	1.327473	1.304029
00:00:00.200	1.312088	1.324542	1.310623
00:00:00.200	1.306227	1.306960	1.308425
00:00:00.202	1.309890	1.290110	1.296703
00:00:00.233	1.315018	1.304029	1.312088
00:00:00.233	1.304762	1.306227	1.306227
00:00:00.237	1.318681	1.308425	1.309158
00:00:00.237	1.318681	1.309158	1.306960
00:00:00.237	1.312821	1.301099	1.308425
00:00:00.237	1.306960	1.300366	1.297436
00:00:00.237	1.321612	1.312821	1.306960
00:00:00.237	1.312088	1.280586	1.295238
00:00:00.237	1.314286	1.282784	1.306227
00:00:00.237	1.296703	1.288645	1.298168
00:00:00.237	1.298901	1.299634	1.298168
00:00:00.237	1.315018	1.323077	1.305495
00:00:00.237	1.312088	1.326740	1.300366
00:00:00.237	1.314286	1.336264	1.310623
00:00:00.239	1.310623	1.331868	1.303297
00:00:00.239	1.312088	1.334799	1.302564
00:00:00.239	1.316484	1.328205	1.315751
00:00:00.239	1.309890	1.329670	1.303297
00:00:00.239	1.299634	1.315018	1.302564
00:00:00.240	1.312821	1.309890	1.303297
00:00:00.240	1.314286	1.287912	1.307692
00:00:00.240	1.315018	1.282051	1.315751
00:00:00.241	1.314286	1.288645	1.312821
00:00:00.241	1.310623	1.301099	1.308425
00:00:00.241	1.313553	1.300366	1.295238
00:00:00.242	1.314286	1.299634	1.300366
00:00:00.242	1.319414	1.306960	1.309158
00:00:00.242	1.310623	1.287912	1.295971
00:00:00.243	1.311355	1.282051	1.308425
00:00:00.243	1.301832	1.300366	1.299634
00:00:00.244	1.312088	1.332601	1.306960
00:00:00.244	1.311355	1.333333	1.305495
00:00:00.244	1.301099	1.312088	1.304029
00:00:00.245	1.307692	1.315751	1.311355
00:00:00.245	1.299634	1.308425	1.294505
00:00:00.245	1.305495	1.306960	1.293773
00:00:00.246	1.315751	1.320147	1.309890
00:00:00.246	1.312088	1.305495	1.304029
00:00:00.247	1.300366	1.293773	1.298168
00:00:00.247	1.313553	1.312088	1.305495
00:00:00.247	1.320147	1.320879	1.304762
00:00:00.247	1.306960	1.307692	1.299634
00:00:00.248	1.317216	1.317949	1.309158
00:00:00.248	1.315018	1.306960	1.311355
00:00:00.249	1.309158	1.309890	1.311355
00:00:00.249	1.302564	1.295238	1.307692
00:00:00.249	1.306960	1.285714	1.291575
00:00:00.250	1.304029	1.286447	1.306227
00:00:00.250	1.312088	1.294505	1.297436
00:00:00.250	1.304029	1.290842	1.304029
00:00:00.283	1.309890	1.309890	1.307692
00:00:00.283	1.312088	1.304762	1.299634
00:00:00.283	1.312821	1.306227	1.306960
00:00:00.284	1.312088	1.300366	1.299634
00:00:00.284	1.320147	1.300366	1.304762
00:00:00.284	1.311355	1.298901	1.300366
00:00:00.285	1.307692	1.298901	1.300366
00:00:00.285	1.312088	1.305495	1.306227
00:00:00.285	1.314286	1.296703	1.291575
00:00:00.286	1.315018	1.310623	1.306227
00:00:00.286	1.319414	1.315751	1.304029
00:00:00.286	1.312821	1.318681	1.304762
00:00:00.287	1.316484	1.332601	1.309890
00:00:00.287	1.309158	1.345788	1.306227
00:00:00.288	1.311355	1.350183	1.304762
00:00:00.288	1.312088	1.348718	1.310623
00:00:00.288	1.313553	1.318681	1.307692
00:00:00.289	1.306960	1.297436	1.307692
00:00:00.289	1.307692	1.254945	1.299634
00:00:00.289	1.321612	1.245421	1.315018
00:00:00.290	1.309158	1.239560	1.295971
00:00:00.290	1.299634	1.267399	1.299634
00:00:00.290	1.316484	1.311355	1.304762
00:00:00.291	1.314286	1.308425	1.298901
00:00:00.291	1.312088	1.301832	1.309158
00:00:00.291	1.317216	1.311355	1.304762
00:00:00.292	1.298901	1.306960	1.300366
00:00:00.292	1.319414	1.325275	1.309890
00:00:00.293	1.312088	1.315018	1.297436
00:00:00.293	1.309890	1.347253	1.306960
00:00:00.293	1.312088	1.340659	1.304029
00:00:00.295	1.309158	1.327473	1.306227
00:00:00.295	1.312088	1.325275	1.304029
00:00:00.295	1.309158	1.320879	1.302564
00:00:00.295	1.298901	1.316484	1.297436
00:00:00.295	1.315018	1.315751	1.302564
00:00:00.295	1.306227	1.297436	1.294505
00:00:00.297	1.311355	1.295238	1.306960
00:00:00.297	1.312088	1.295238	1.307692
00:00:00.297	1.311355	1.300366	1.306227
00:00:00.297	1.317216	1.299634	1.303297
00:00:00.297	1.316484	1.285714	1.304029
00:00:00.298	1.309158	1.298168	1.300366
00:00:00.301	1.308425	1.305495	1.307692
