timestamp	ch1	ch2	ch3
00:00:00.000	1.312821	1.307692	1.311355
00:00:00.001	1.304029	1.297436	1.300366
00:00:00.001	1.310623	1.318681	1.309890
00:00:00.001	1.301832	1.317216	1.312821
00:00:00.002	1.297436	1.364103	1.309158
00:00:00.002	1.306960	1.395604	1.313553
00:00:00.002	1.295971	1.358242	1.298901
00:00:00.003	1.304029	1.319414	1.309158
00:00:00.003	1.309158	1.291575	1.307692
00:00:00.004	1.321612	1.276190	1.308425
00:00:00.004	1.318681	1.269597	1.306227
00:00:00.004	1.315018	1.252015	1.299634
00:00:00.004	1.307692	1.282051	1.290110
00:00:00.005	1.320147	1.311355	1.307692
00:00:00.005	1.320147	1.308425	1.295971
00:00:00.006	1.312088	1.314286	1.306227
00:00:00.006	1.312821	1.317949	1.306227
00:00:00.006	1.300366	1.318681	1.297436
00:00:00.007	1.310623	1.376557	1.306227
00:00:00.007	1.308425	1.391941	1.312088
00:00:00.007	1.308425	1.382418	1.307692
00:00:00.008	1.313553	1.341392	1.304762
00:00:00.008	1.312821	1.293040	1.311355
00:00:00.008	1.305495	1.313553	1.310623
00:00:00.009	1.311355	1.351648	1.312088
00:00:00.009	1.304762	1.298901	1.304762
00:00:00.009	1.303297	1.264469	1.306960
00:00:00.010	1.313553	1.213919	1.310623
00:00:00.010	1.325275	1.204396	1.307692
00:00:00.011	1.317949	1.178022	1.292308
00:00:00.011	1.306227	1.137729	1.282051
00:00:00.011	1.315018	1.219048	1.292308
00:00:00.012	1.312088	1.300366	1.300366
00:00:00.012	1.314286	1.336264	1.308425
00:00:00.012	1.315751	1.329670	1.308425
00:00:00.013	1.304762	1.349451	1.304029
00:00:00.013	1.304029	1.372894	1.304029
00:00:00.013	1.297436	1.367033	1.300366
00:00:00.014	1.310623	1.393407	1.309158
00:00:00.014	1.321612	1.394872	1.302564
00:00:00.015	1.308425	1.370696	1.317949
00:00:00.015	1.309890	1.350183	1.312088
00:00:00.016	1.312088	1.323077	1.308425
00:00:00.016	1.311355	1.299634	1.309890
00:00:00.016	1.313553	1.255678	1.306960
00:00:00.016	1.315751	1.269597	1.304029
00:00:00.017	1.309890	1.238828	1.290842
00:00:00.017	1.322344	1.234432	1.300366
00:00:00.017	1.314286	1.251282	1.298901
00:00:00.018	1.317216	1.293040	1.303297
00:00:00.054	1.315018	1.323810	1.308425
00:00:00.054	1.308425	1.326007	1.300366
00:00:00.054	1.306960	1.328205	1.304762
00:00:00.054	1.298901	1.332601	1.298168
00:00:00.054	1.295238	1.337729	1.300366
00:00:00.054	1.307692	1.350916	1.314286
00:00:00.054	1.311355	1.334799	1.305495
00:00:00.054	1.290842	1.315018	1.303297
00:00:00.054	1.313553	1.314286	1.305495
00:00:00.054	1.308425	1.306227	1.298168
00:00:00.054	1.313553	1.290842	1.301832
00:00:00.054	1.316484	1.284982	1.310623
00:00:00.054	1.315018	1.282784	1.295971
00:00:00.057	1.315018	1.290842	1.315018
00:00:00.057	1.320147	1.301832	1.304762
00:00:00.057	1.313553	1.301099	1.308425
00:00:00.057	1.318681	1.306227	1.312821
00:00:00.057	1.311355	1.304762	1.299634
00:00:00.057	1.299634	1.310623	1.297436
00:00:00.057	1.306227	1.324542	1.306960
00:00:00.057	1.301832	1.312088	1.287912
00:00:00.057	1.309158	1.322344	1.304762
00:00:00.058	1.311355	1.323810	1.306227
00:00:00.058	1.312088	1.320147	1.304762
00:00:00.058	1.313553	1.316484	1.309158
00:00:00.059	1.311355	1.312088	1.298901
00:00:00.059	1.318681	1.306227	1.304029
00:00:00.060	1.317216	1.312821	1.304029
00:00:00.060	1.310623	1.323810	1.305495
00:00:00.060	1.309890	1.340659	1.312088
00:00:00.061	1.319414	1.341392	1.312821
00:00:00.061	1.305495	1.308425	1.300366
00:00:00.061	1.317216	1.294505	1.310623
00:00:00.062	1.320147	1.283516	1.306960
00:00:00.062	1.317216	1.267399	1.308425
00:00:00.062	1.312088	1.267399	1.300366
00:00:00.063	1.307692	1.284249	1.304029
00:00:00.063	1.303297	1.329670	1.298901
00:00:00.064	1.292308	1.361172	1.299634
00:00:00.064	1.312088	1.348718	1.304762
00:00:00.064	1.309890	1.312821	1.306227
00:00:00.065	1.320147	1.260073	1.306227
00:00:00.065	1.318681	1.271795	1.312821
00:00:00.065	1.317216	1.259341	1.306960
00:00:00.066	1.316484	1.254945	1.311355
00:00:00.066	1.312088	1.297436	1.309890
00:00:00.066	1.309890	1.285714	1.306227
00:00:00.067	1.302564	1.286447	1.308425
00:00:00.067	1.290842	1.328938	1.299634
00:00:00.067	1.320879	1.379487	1.311355
00:00:00.100	1.316484	1.391941	1.304029
00:00:00.100	1.308425	1.362637	1.311355
00:00:00.100	1.312088	1.323810	1.306960
00:00:00.101	1.312821	1.286447	1.312821
00:00:00.101	1.306960	1.239560	1.294505
00:00:00.101	1.309890	1.194872	1.306960
00:00:00.102	1.306960	1.218315	1.306227
00:00:00.102	1.304762	1.282784	1.293773
00:00:00.102	1.309158	1.336996	1.305495
00:00:00.103	1.305495	1.343590	1.314286
00:00:00.103	1.326007	1.344322	1.308425
00:00:00.104	1.313553	1.382418	1.307692
00:00:00.104	1.331136	1.393407	1.309158
00:00:00.104	1.315751	1.336264	1.300366
00:00:00.105	1.304762	1.297436	1.304029
00:00:00.105	1.306227	1.267399	1.306227
00:00:00.105	1.300366	1.228571	1.302564
00:00:00.106	1.310623	1.236630	1.309890
00:00:00.106	1.306960	1.285714	1.300366
00:00:00.106	1.301832	1.356777	1.306227
00:00:00.107	1.311355	1.375824	1.306227
00:00:00.107	1.311355	1.358974	1.308425
00:00:00.107	1.306960	1.332601	1.299634
00:00:00.109	1.324542	1.313553	1.304762
00:00:00.109	1.313553	1.280586	1.309158
00:00:00.109	1.308425	1.280586	1.306227
00:00:00.109	1.312821	1.262271	1.303297
00:00:00.109	1.295971	1.273260	1.294505
00:00:00.110	1.315751	1.370696	1.311355
00:00:00.110	1.316484	1.400733	1.304762
00:00:00.110	1.310623	1.353846	1.309158
00:00:00.111	1.318681	1.302564	1.312088
00:00:00.111	1.314286	1.242491	1.304762
00:00:00.111	1.317949	1.183150	1.309158
00:00:00.112	1.312821	1.208059	1.304029
00:00:00.112	1.307692	1.283516	1.307692
00:00:00.113	1.311355	1.335531	1.309158
00:00:00.113	1.306960	1.356777	1.303297
00:00:00.113	1.294505	1.323810	1.300366
00:00:00.114	1.309158	1.315018	1.301832
00:00:00.114	1.308425	1.312821	1.307692
00:00:00.114	1.312088	1.320147	1.317216
00:00:00.115	1.315018	1.325275	1.309158
00:00:00.117	1.317216	1.329670	1.303297
00:00:00.117	1.320879	1.325275	1.315018
00:00:00.117	1.298168	1.304762	1.302564
00:00:00.117	1.302564	1.305495	1.300366
00:00:00.117	1.323810	1.303297	1.310623
00:00:00.117	1.317216	1.306227	1.306227
00:00:00.117	1.315018	1.314286	1.309890
00:00:00.150	1.314286	1.321612	1.309158
00:00:00.150	1.305495	1.306960	1.298168
00:00:00.150	1.312088	1.306227	1.303297
00:00:00.150	1.306960	1.308425	1.304029
00:00:00.154	1.308425	1.319414	1.307692
00:00:00.154	1.302564	1.315751	1.301832
00:00:00.154	1.307692	1.326007	1.304762
00:00:00.154	1.306960	1.323077	1.300366
00:00:00.154	1.303297	1.320147	1.304029
00:00:00.154	1.305495	1.308425	1.304762
00:00:00.154	1.313553	1.290110	1.303297
00:00:00.154	1.311355	1.276923	1.304762
00:00:00.154	1.317216	1.282051	1.302564
00:00:00.154	1.315018	1.278388	1.312821
00:00:00.154	1.319414	1.284982	1.306960
00:00:00.155	1.316484	1.312088	1.304029
00:00:00.155	1.306227	1.315018	1.298168
00:00:00.155	1.320879	1.336264	1.307692
00:00:00.156	1.309158	1.312088	1.300366
00:00:00.156	1.300366	1.312821	1.308425
00:00:00.157	1.309890	1.318681	1.309158
00:00:00.157	1.310623	1.324542	1.308425
00:00:00.157	1.307692	1.323077	1.312821
00:00:00.158	1.302564	1.320879	1.307692
00:00:00.158	1.306960	1.315018	1.309890
00:00:00.158	1.306960	1.316484	1.309158
00:00:00.159	1.308425	1.300366	1.308425
00:00:00.159	1.308425	1.307692	1.303297
00:00:00.159	1.309890	1.312821	1.304762
00:00:00.161	1.311355	1.309890	1.303297
00:00:00.161	1.314286	1.300366	1.294505
00:00:00.161	1.320147	1.301099	1.312821
00:00:00.161	1.314286	1.274725	1.295971
00:00:00.161	1.328938	1.288645	1.313553
00:00:00.162	1.320879	1.275458	1.305495
00:00:00.162	1.310623	1.259341	1.307692
00:00:00.162	1.311355	1.267399	1.305495
00:00:00.163	1.309158	1.299634	1.307692
00:00:00.163	1.306227	1.323810	1.311355
00:00:00.163	1.289377	1.361172	1.315018
00:00:00.164	1.300366	1.361172	1.296703
00:00:00.164	1.318681	1.353114	1.312088
00:00:00.164	1.315018	1.334799	1.314286
00:00:00.165	1.304762	1.308425	1.306227
00:00:00.165	1.309890	1.295238	1.306227
00:00:00.165	1.306960	1.276190	1.300366
00:00:00.166	1.320147	1.292308	1.309158
00:00:00.166	1.315751	1.295971	1.300366
00:00:00.167	1.319414	1.297436	1.302564
00:00:00.167	1.311355	1.293040	1.292308
00:00:00.199	1.314286	1.315751	1.308425
00:00:00.199	1.309158	1.334066	1.304762
00:00:00.200	1.312088	1.336264	1.304762
00:00:00.200	1.309890	1.310623	1.298168
00:00:00.200	1.306227	1.293040	1.309158
00:00:00.201	1.302564	1.284982	1.300366
00:00:00.201	1.301099	1.282051	1.306227
00:00:00.202	1.312088	1.268864	1.295238
00:00:00.202	1.312088	1.297436	1.312821
00:00:00.202	1.314286	1.336264	1.305495
00:00:00.203	1.316484	1.345055	1.307692
00:00:00.203	1.303297	1.304029	1.298901
00:00:00.203	1.309890	1.298901	1.307692
00:00:00.204	1.315018	1.295238	1.306227
00:00:00.204	1.312088	1.295238	1.298168
00:00:00.204	1.318681	1.293040	1.309890
00:00:00.205	1.315018	1.280586	1.306227
00:00:00.205	1.312088	1.285714	1.307692
00:00:00.206	1.310623	1.310623	1.309158
00:00:00.206	1.314286	1.309158	1.304029
00:00:00.206	1.328205	1.302564	1.306960
00:00:00.207	1.311355	1.328205	1.306227
00:00:00.207	1.307692	1.347985	1.300366
00:00:00.207	1.309890	1.356777	1.309158
00:00:00.208	1.312821	1.342857	1.312088
00:00:00.208	1.300366	1.309158	1.304029
00:00:00.208	1.301832	1.312821	1.304762
00:00:00.209	1.304029	1.301099	1.304029
00:00:00.209	1.309158	1.300366	1.294505
00:00:00.209	1.316484	1.300366	1.302564
00:00:00.210	1.320147	1.296703	1.308425
00:00:00.210	1.322344	1.293040	1.296703
00:00:00.212	1.322344	1.297436	1.306960
00:00:00.212	1.315018	1.293040	1.310623
00:00:00.212	1.315018	1.297436	1.300366
00:00:00.213	1.310623	1.308425	1.312821
00:00:00.213	1.304029	1.295238	1.298168
00:00:00.213	1.301832	1.301099	1.297436
00:00:00.213	1.304029	1.317216	1.306227
00:00:00.213	1.304029	1.320879	1.305495
00:00:00.213	1.307692	1.332601	1.304762
00:00:00.215	1.304762	1.334066	1.305495
00:00:00.215	1.295238	1.319414	1.305495
00:00:00.215	1.307692	1.328205	1.310623
00:00:00.215	1.315018	1.321612	1.304029
00:00:00.215	1.315018	1.300366	1.306227
00:00:00.218	1.316484	1.290110	1.303297
00:00:00.218	1.305495	1.281319	1.308425
00:00:00.218	1.316484	1.283516	1.309158
00:00:00.218	1.313553	1.264469	1.299634
00:00:00.250	1.299634	1.250549	1.299634
00:00:00.250	1.315751	1.298168	1.309158
00:00:00.250	1.308425	1.316484	1.302564
00:00:00.250	1.302564	1.318681	1.312088
00:00:00.250	1.303297	1.322344	1.304762
00:00:00.251	1.303297	1.317216	1.307692
00:00:00.251	1.312088	1.323077	1.308425
00:00:00.251	1.305495	1.317949	1.296703
00:00:00.252	1.308425	1.321612	1.304029
00:00:00.252	1.324542	1.323810	1.312088
00:00:00.252	1.301832	1.297436	1.300366
00:00:00.253	1.316484	1.311355	1.310623
00:00:00.253	1.315018	1.298168	1.306227
00:00:00.253	1.326740	1.281319	1.306960
00:00:00.254	1.317216	1.294505	1.309158
00:00:00.254	1.311355	1.294505	1.300366
00:00:00.255	1.306960	1.290110	1.310623
00:00:00.255	1.322344	1.290110	1.311355
00:00:00.255	1.315751	1.296703	1.309890
00:00:00.256	1.303297	1.304762	1.307692
00:00:00.256	1.310623	1.304029	1.309158
00:00:00.256	1.304029	1.312821	1.292308
00:00:00.257	1.290110	1.314286	1.298168
00:00:00.257	1.297436	1.325275	1.293040
00:00:00.257	1.294505	1.323810	1.305495
00:00:00.258	1.306227	1.329670	1.312821
00:00:00.258	1.296703	1.290110	1.292308
00:00:00.258	1.315018	1.310623	1.308425
00:00:00.259	1.318681	1.333333	1.311355
00:00:00.259	1.317949	1.323810	1.309890
00:00:00.260	1.325275	1.296703	1.306960
00:00:00.260	1.327473	1.283516	1.309158
00:00:00.260	1.314286	1.282051	1.306227
00:00:00.261	1.315751	1.312088	1.314286
00:00:00.261	1.317949	1.319414	1.304029
00:00:00.261	1.317949	1.335531	1.308425
00:00:00.262	1.314286	1.341392	1.309890
00:00:00.262	1.303297	1.320879	1.303297
00:00:00.262	1.305495	1.312821	1.314286
00:00:00.263	1.303297	1.305495	1.305495
00:00:00.263	1.315751	1.320879	1.309158
00:00:00.263	1.319414	1.327473	1.311355
00:00:00.264	1.317949	1.332601	1.310623
00:00:00.265	1.306227	1.309158	1.296703
00:00:00.265	1.314286	1.308425	1.312821
00:00:00.265	1.314286	1.291575	1.304762
00:00:00.265	1.310623	1.276923	1.302564
00:00:00.266	1.304029	1.266667	1.300366
00:00:00.266	1.324542	1.276190	1.312088
00:00:00.266	1.308425	1.281319	1.303297
00:00:00.299	1.311355	1.302564	1.307692
00:00:00.299	1.301832	1.304029	1.302564
00:00:00.299	1.300366	1.301832	1.298168
00:00:00.300	1.309158	1.317949	1.310623
00:00:00.300	1.308425	1.313553	1.304029
00:00:00.300	1.288645	1.295971	1.290842
00:00:00.301	1.296703	1.317949	1.306227
00:00:00.301	1.312088	1.321612	1.303297
00:00:00.301	1.303297	1.336996	1.307692
00:00:00.302	1.314286	1.320879	1.309890
00:00:00.302	1.305495	1.296703	1.300366
00:00:00.302	1.313553	1.295238	1.307692
00:00:00.303	1.315018	1.281319	1.305495
00:00:00.303	1.313553	1.276190	1.306960
00:00:00.304	1.332601	1.291575	1.306227
00:00:00.304	1.323077	1.317216	1.305495
00:00:00.304	1.328205	1.329670	1.309890
00:00:00.305	1.313553	1.311355	1.309158
00:00:00.305	1.306960	1.304762	1.304029
00:00:00.305	1.294505	1.304029	1.306227
00:00:00.306	1.290842	1.306227	1.305495
00:00:00.306	1.297436	1.308425	1.304762
00:00:00.306	1.288645	1.300366	1.298168
00:00:00.307	1.301099	1.314286	1.312088
00:00:00.307	1.296703	1.302564	1.303297
00:00:00.307	1.312821	1.316484	1.308425
00:00:00.308	1.315751	1.311355	1.306960
00:00:00.308	1.306960	1.295238	1.299634
00:00:00.311	1.317216	1.306960	1.307692
00:00:00.311	1.320147	1.293040	1.304029
00:00:00.311	1.316484	1.293773	1.306227
00:00:00.311	1.320147	1.295238	1.308425
00:00:00.311	1.311355	1.282784	1.290110
00:00:00.311	1.334066	1.309158	1.312821
00:00:00.311	1.294505	1.309890	1.306227
00:00:00.311	1.287912	1.317216	1.304029
00:00:00.311	1.276190	1.329670	1.307692
00:00:00.315	1.276190	1.317949	1.304029
00:00:00.315	1.266667	1.321612	1.303297
00:00:00.315	1.279853	1.324542	1.310623
00:00:00.315	1.417582	1.311355	1.307692
00:00:00.315	1.398535	1.303297	1.309890
00:00:00.315	1.390476	1.304029	1.304762
00:00:00.315	1.357509	1.300366	1.306960
00:00:00.315	1.361905	1.309158	1.302564
00:00:00.315	1.346520	1.306227	1.304762
00:00:00.315	1.295971	1.301832	1.302564
00:00:00.315	1.295238	1.293773	1.300366
00:00:00.316	1.268132	1.286447	1.311355
00:00:00.316	1.214652	1.273993	1.290110
00:00:00.349	1.230037	1.298168	1.309158
00:00:00.349	1.200733	1.295971	1.309158
00:00:00.349	1.163370	1.298901	1.315751
00:00:00.349	1.429304	1.316484	1.320879
00:00:00.350	1.378755	1.324542	1.319414
00:00:00.350	1.326007	1.308425	1.300366
00:00:00.350	1.295238	1.300366	1.301832
00:00:00.351	1.306960	1.318681	1.308425
00:00:00.351	1.313553	1.325275	1.306960
00:00:00.351	1.326007	1.318681	1.299634
00:00:00.352	1.337729	1.295238	1.291575
00:00:00.352	1.339194	1.304029	1.299634
00:00:00.353	1.340659	1.309158	1.294505
00:00:00.353	1.286447	1.300366	1.303297
00:00:00.353	1.311355	1.292308	1.305495
00:00:00.354	1.330403	1.289377	1.300366
00:00:00.354	1.312088	1.306227	1.311355
00:00:00.354	1.298168	1.306960	1.304762
00:00:00.355	1.297436	1.302564	1.301832
00:00:00.355	1.312088	1.315751	1.306960
00:00:00.355	1.308425	1.311355	1.305495
00:00:00.356	1.305495	1.312821	1.309158
00:00:00.356	1.299634	1.323077	1.304762
00:00:00.356	1.294505	1.307692	1.295971
00:00:00.357	1.306960	1.323077	1.310623
00:00:00.357	1.301832	1.302564	1.304029
00:00:00.358	1.304762	1.266667	1.298901
00:00:00.358	1.315018	1.282784	1.304762
00:00:00.358	1.319414	1.317216	1.302564
00:00:00.359	1.323077	1.339194	1.306960
00:00:00.359	1.324542	1.335531	1.306227
00:00:00.359	1.309890	1.312088	1.307692
00:00:00.360	1.311355	1.301832	1.298168
00:00:00.360	1.314286	1.301099	1.306227
00:00:00.360	1.319414	1.301832	1.306227
00:00:00.361	1.318681	1.302564	1.304029
00:00:00.361	1.295971	1.294505	1.300366
00:00:00.361	1.309158	1.315751	1.306227
00:00:00.362	1.298168	1.313553	1.300366
00:00:00.362	1.296703	1.309158	1.303297
00:00:00.363	1.292308	1.304762	1.300366
00:00:00.363	1.307692	1.313553	1.305495
00:00:00.363	1.305495	1.310623	1.306227
00:00:00.364	1.307692	1.299634	1.293773
00:00:00.364	1.310623	1.308425	1.310623
00:00:00.364	1.312821	1.298168	1.306227
00:00:00.365	1.308425	1.287912	1.295971
00:00:00.365	1.314286	1.295238	1.306227
00:00:00.365	1.323077	1.293040	1.304029
00:00:00.366	1.323077	1.301099	1.309890
00:00:00.398	1.320879	1.297436	1.306227
00:00:00.398	1.316484	1.269597	1.303297
00:00:00.399	1.312821	1.280586	1.306960
00:00:00.399	1.315018	1.270330	1.309158
00:00:00.399	1.299634	1.290842	1.293773
00:00:00.400	1.309158	1.350183	1.312088
00:00:00.400	1.299634	1.359707	1.292308
00:00:00.401	1.306227	1.363370	1.310623
00:00:00.401	1.303297	1.356044	1.304762
00:00:00.401	1.296703	1.323810	1.294505
00:00:00.402	1.311355	1.320879	1.295971
00:00:00.402	1.316484	1.316484	1.306960
00:00:00.402	1.318681	1.309158	1.307692
00:00:00.404	1.312821	1.301832	1.306227
00:00:00.404	1.306960	1.283516	1.298901
00:00:00.404	1.320147	1.277656	1.308425
00:00:00.404	1.316484	1.252747	1.303297
00:00:00.404	1.317216	1.270330	1.312821
00:00:00.404	1.314286	1.291575	1.308425
00:00:00.406	1.312821	1.304029	1.294505
00:00:00.406	1.312088	1.321612	1.311355
00:00:00.406	1.313553	1.328205	1.317949
00:00:00.406	1.307692	1.324542	1.304029
00:00:00.406	1.308425	1.321612	1.296703
00:00:00.407	1.301832	1.304029	1.293773
00:00:00.407	1.301099	1.301832	1.304029
00:00:00.407	1.309890	1.306960	1.308425
00:00:00.410	1.304029	1.303297	1.303297
00:00:00.410	1.309890	1.305495	1.300366
00:00:00.410	1.317216	1.296703	1.310623
00:00:00.410	1.305495	1.285714	1.298168
00:00:00.410	1.318681	1.303297	1.303297
00:00:00.410	1.320879	1.312088	1.300366
00:00:00.410	1.322344	1.311355	1.304029
00:00:00.410	1.313553	1.308425	1.309890
00:00:00.410	1.320147	1.312821	1.304029
00:00:00.411	1.312821	1.308425	1.304762
00:00:00.411	1.309158	1.316484	1.302564
00:00:00.412	1.309158	1.301099	1.294505
00:00:00.412	1.305495	1.299634	1.301832
00:00:00.412	1.299634	1.302564	1.297436
00:00:00.413	1.303297	1.322344	1.308425
00:00:00.413	1.306227	1.326007	1.304029
00:00:00.413	1.303297	1.320879	1.309890
00:00:00.414	1.311355	1.314286	1.308425
00:00:00.414	1.316484	1.305495	1.310623
00:00:00.414	1.317216	1.300366	1.300366
00:00:00.415	1.318681	1.288645	1.304762
00:00:00.415	1.320879	1.287912	1.308425
00:00:00.416	1.318681	1.292308	1.302564
00:00:00.448	1.310623	1.290842	1.291575
00:00:00.448	1.315018	1.301099	1.308425
00:00:00.448	1.303297	1.315018	1.300366
00:00:00.449	1.315018	1.330403	1.305495
00:00:00.449	1.298168	1.297436	1.298901
00:00:00.449	1.311355	1.309890	1.309158
00:00:00.450	1.309890	1.312088	1.312821
00:00:00.450	1.303297	1.309890	1.308425
00:00:00.451	1.304762	1.297436	1.306227
00:00:00.451	1.300366	1.281319	1.300366
00:00:00.451	1.309158	1.304029	1.312821
00:00:00.452	1.313553	1.312821	1.311355
00:00:00.452	1.308425	1.298168	1.308425
00:00:00.452	1.319414	1.299634	1.309158
00:00:00.453	1.320147	1.298168	1.309890
00:00:00.453	1.320879	1.306227	1.310623
00:00:00.453	1.311355	1.303297	1.295238
00:00:00.454	1.317949	1.317216	1.309890
00:00:00.454	1.317216	1.314286	1.304029
00:00:00.454	1.309158	1.312088	1.307692
00:00:00.455	1.307692	1.326740	1.304029
00:00:00.455	1.309890	1.337729	1.306960
00:00:00.456	1.310623	1.342125	1.309158
00:00:00.456	1.300366	1.320147	1.295971
00:00:00.456	1.305495	1.315751	1.301832
00:00:00.457	1.307692	1.293773	1.300366
00:00:00.457	1.306960	1.284982	1.305495
00:00:00.457	1.312088	1.285714	1.309890
00:00:00.458	1.304029	1.285714	1.301832
00:00:00.458	1.315018	1.303297	1.312088
00:00:00.458	1.318681	1.304762	1.304762
00:00:00.459	1.316484	1.304029	1.309158
00:00:00.459	1.319414	1.288645	1.309158
00:00:00.459	1.321612	1.294505	1.306227
00:00:00.460	1.316484	1.298901	1.308425
00:00:00.460	1.316484	1.293040	1.307692
00:00:00.461	1.314286	1.296703	1.309158
00:00:00.461	1.314286	1.304029	1.314286
00:00:00.461	1.312088	1.302564	1.305495
00:00:00.462	1.306960	1.301832	1.306227
00:00:00.462	1.300366	1.320147	1.304029
00:00:00.462	1.312088	1.339927	1.307692
00:00:00.463	1.312088	1.336264	1.308425
00:00:00.463	1.307692	1.326007	1.308425
00:00:00.463	1.310623	1.321612	1.300366
00:00:00.464	1.312088	1.300366	1.307692
00:00:00.464	1.312088	1.276190	1.300366
00:00:00.465	1.317216	1.290842	1.307692
00:00:00.465	1.310623	1.312821	1.304029
00:00:00.465	1.312821	1.311355	1.304762
00:00:00.497	1.320147	1.319414	1.313553
00:00:00.498	1.315751	1.292308	1.302564
00:00:00.498	1.315751	1.317216	1.309890
00:00:00.498	1.313553	1.331868	1.309890
00:00:00.501	1.302564	1.328938	1.306960
00:00:00.501	1.302564	1.316484	1.301099
00:00:00.501	1.295238	1.307692	1.300366
00:00:00.501	1.300366	1.315018	1.303297
00:00:00.501	1.298901	1.300366	1.290842
00:00:00.501	1.314286	1.309158	1.300366
00:00:00.501	1.306227	1.312821	1.302564
00:00:00.501	1.315751	1.290842	1.306227
00:00:00.502	1.316484	1.284982	1.299634
00:00:00.502	1.311355	1.289377	1.306227
00:00:00.502	1.315018	1.271062	1.303297
00:00:00.503	1.322344	1.261538	1.313553
00:00:00.503	1.312088	1.252747	1.305495
00:00:00.503	1.315751	1.273993	1.308425
00:00:00.507	1.310623	1.295238	1.300366
00:00:00.507	1.316484	1.279853	1.301832
00:00:00.507	1.310623	1.298168	1.309158
00:00:00.507	1.304029	1.315751	1.300366
00:00:00.507	1.304762	1.306960	1.303297
00:00:00.507	1.306227	1.312088	1.304029
00:00:00.507	1.308425	1.315018	1.309158
00:00:00.507	1.313553	1.326007	1.310623
00:00:00.507	1.310623	1.320147	1.302564
00:00:00.507	1.288645	1.320147	1.295238
00:00:00.507	1.313553	1.333333	1.304029
00:00:00.508	1.312088	1.328205	1.294505
00:00:00.508	1.316484	1.345055	1.298901
00:00:00.509	1.319414	1.326740	1.304029
00:00:00.509	1.306960	1.303297	1.293040
00:00:00.509	1.320147	1.312821	1.309158
00:00:00.510	1.312088	1.303297	1.295971
00:00:00.510	1.316484	1.292308	1.308425
00:00:00.510	1.306227	1.290110	1.308425
00:00:00.511	1.315018	1.302564	1.313553
00:00:00.511	1.306227	1.265201	1.309890
00:00:00.511	1.313553	1.249817	1.314286
00:00:00.512	1.293773	1.280586	1.309158
00:00:00.512	1.308425	1.315751	1.310623
00:00:00.512	1.304029	1.300366	1.304762
00:00:00.513	1.307692	1.295971	1.305495
00:00:00.513	1.312088	1.340659	1.307692
00:00:00.514	1.312088	1.341392	1.296703
00:00:00.514	1.315018	1.344322	1.297436
00:00:00.514	1.319414	1.336264	1.310623
00:00:00.515	1.309158	1.335531	1.304029
00:00:00.515	1.323810	1.334066	1.309158
00:00:00.547	1.318681	1.313553	1.306960
00:00:00.547	1.314286	1.296703	1.300366
00:00:00.548	1.314286	1.271062	1.305495
00:00:00.548	1.309890	1.250549	1.295238
00:00:00.549	1.315018	1.271062	1.305495
00:00:00.549	1.306227	1.297436	1.297436
00:00:00.549	1.314286	1.330403	1.312088
00:00:00.550	1.309158	1.369231	1.312821
00:00:00.550	1.299634	1.358242	1.316484
00:00:00.550	1.313553	1.323810	1.308425
00:00:00.551	1.309890	1.295238	1.310623
00:00:00.551	1.314286	1.312088	1.304762
00:00:00.551	1.319414	1.334799	1.308425
00:00:00.552	1.315751	1.306960	1.308425
00:00:00.552	1.309890	1.295238	1.309158
00:00:00.553	1.323077	1.292308	1.309890
00:00:00.553	1.304029	1.250549	1.291575
00:00:00.553	1.315751	1.262271	1.302564
00:00:00.554	1.316484	1.288645	1.304029
00:00:00.554	1.312088	1.278388	1.304029
00:00:00.554	1.306227	1.295971	1.292308
00:00:00.555	1.308425	1.334066	1.292308
00:00:00.555	1.313553	1.356777	1.310623
00:00:00.555	1.305495	1.337729	1.313553
00:00:00.556	1.305495	1.326740	1.307692
00:00:00.556	1.295971	1.344322	1.303297
00:00:00.556	1.311355	1.331868	1.292308
00:00:00.557	1.300366	1.265201	1.296703
00:00:00.558	1.307692	1.237363	1.303297
00:00:00.558	1.303297	1.229304	1.295971
00:00:00.558	1.311355	1.242491	1.290110
00:00:00.558	1.311355	1.284249	1.301099
00:00:00.559	1.314286	1.296703	1.304029
00:00:00.559	1.306227	1.276190	1.298901
00:00:00.560	1.316484	1.265934	1.309890
00:00:00.560	1.316484	1.273993	1.309158
00:00:00.560	1.321612	1.298168	1.316484
00:00:00.560	1.304029	1.324542	1.303297
00:00:00.561	1.303297	1.341392	1.295238
00:00:00.561	1.307692	1.367766	1.313553
00:00:00.561	1.308425	1.359707	1.306960
00:00:00.562	1.300366	1.345055	1.303297
00:00:00.562	1.296703	1.328205	1.295971
00:00:00.564	1.308425	1.339194	1.294505
00:00:00.564	1.315751	1.354579	1.309890
00:00:00.564	1.312088	1.331136	1.309890
00:00:00.567	1.315751	1.319414	1.306227
00:00:00.567	1.303297	1.303297	1.305495
00:00:00.567	1.314286	1.302564	1.312088
00:00:00.567	1.315018	1.307692	1.295971
00:00:00.598	1.322344	1.345788	1.312088
00:00:00.598	1.317949	1.330403	1.302564
00:00:00.599	1.316484	1.318681	1.309890
00:00:00.599	1.317216	1.319414	1.307692
00:00:00.599	1.312821	1.284982	1.303297
00:00:00.599	1.313553	1.254945	1.312088
00:00:00.599	1.306960	1.274725	1.305495
00:00:00.599	1.311355	1.277656	1.303297
00:00:00.603	1.307692	1.273260	1.315018
00:00:00.603	1.312088	1.287912	1.312088
00:00:00.603	1.307692	1.325275	1.296703
00:00:00.603	1.313553	1.350916	1.310623
00:00:00.603	1.312088	1.339927	1.309158
00:00:00.603	1.307692	1.310623	1.295971
00:00:00.603	1.318681	1.315751	1.310623
00:00:00.603	1.316484	1.299634	1.308425
00:00:00.603	1.317949	1.299634	1.309158
00:00:00.603	1.320147	1.296703	1.308425
00:00:00.603	1.317216	1.303297	1.305495
00:00:00.604	1.312088	1.312821	1.307692
00:00:00.604	1.307692	1.312088	1.304029
00:00:00.604	1.313553	1.319414	1.304762
00:00:00.605	1.297436	1.304762	1.296703
00:00:00.605	1.305495	1.314286	1.305495
00:00:00.605	1.291575	1.304762	1.303297
00:00:00.606	1.304762	1.322344	1.305495
00:00:00.606	1.302564	1.320879	1.295238
00:00:00.607	1.304762	1.319414	1.304029
00:00:00.607	1.308425	1.327473	1.310623
00:00:00.607	1.315018	1.330403	1.307692
00:00:00.608	1.314286	1.315018	1.302564
00:00:00.608	1.315751	1.305495	1.294505
00:00:00.608	1.316484	1.295238	1.301832
00:00:00.609	1.315751	1.293773	1.304029
00:00:00.609	1.317216	1.304762	1.312088
00:00:00.610	1.315018	1.295238	1.295971
00:00:00.610	1.314286	1.305495	1.308425
00:00:00.610	1.313553	1.300366	1.309158
00:00:00.610	1.310623	1.298901	1.305495
00:00:00.611	1.310623	1.312821	1.311355
00:00:00.611	1.308425	1.320147	1.315751
00:00:00.612	1.306227	1.321612	1.314286
00:00:00.612	1.307692	1.325275	1.315751
00:00:00.612	1.312088	1.330403	1.308425
00:00:00.613	1.313553	1.317216	1.310623
00:00:00.613	1.301832	1.299634	1.304029
00:00:00.613	1.310623	1.300366	1.309158
00:00:00.614	1.318681	1.293773	1.299634
00:00:00.614	1.324542	1.323810	1.302564
00:00:00.614	1.320879	1.347253	1.306960
00:00:00.647	1.320147	1.339927	1.297436
00:00:00.647	1.314286	1.309158	1.303297
00:00:00.647	1.315018	1.273993	1.300366
00:00:00.648	1.315018	1.219780	1.311355
00:00:00.648	1.314286	1.250549	1.312821
00:00:00.648	1.304029	1.301099	1.315751
00:00:00.649	1.309158	1.316484	1.311355
00:00:00.649	1.305495	1.321612	1.308425
00:00:00.649	1.305495	1.307692	1.310623
00:00:00.650	1.304029	1.317216	1.299634
00:00:00.650	1.299634	1.315751	1.300366
00:00:00.651	1.312088	1.328205	1.307692
00:00:00.651	1.308425	1.324542	1.306960
00:00:00.651	1.319414	1.326007	1.309890
00:00:00.652	1.315751	1.312821	1.303297
00:00:00.652	1.320879	1.305495	1.308425
00:00:00.652	1.319414	1.302564	1.300366
00:00:00.653	1.317949	1.295971	1.295238
00:00:00.653	1.325275	1.309890	1.312088
00:00:00.653	1.318681	1.302564	1.309890
00:00:00.654	1.309158	1.297436	1.294505
00:00:00.654	1.309890	1.330403	1.306960
00:00:00.654	1.305495	1.328205	1.300366
00:00:00.655	1.306227	1.339194	1.304029
00:00:00.656	1.306227	1.340659	1.304762
00:00:00.656	1.303297	1.358974	1.304029
00:00:00.656	1.301832	1.405128	1.308425
00:00:00.656	1.307692	1.441026	1.317216
00:00:00.657	1.309158	1.385348	1.315018
00:00:00.657	1.314286	1.330403	1.306960
00:00:00.657	1.314286	1.252015	1.315018
00:00:00.658	1.321612	1.170696	1.309890
00:00:00.658	1.322344	1.153114	1.309158
00:00:00.658	1.323810	1.136996	1.309890
00:00:00.660	1.316484	1.151648	1.293773
00:00:00.660	1.304762	1.212454	1.288645
00:00:00.660	1.318681	1.283516	1.300366
00:00:00.661	1.317949	1.313553	1.307692
00:00:00.661	1.303297	1.342857	1.307692
00:00:00.662	1.312821	1.365568	1.308425
00:00:00.662	1.312088	1.366300	1.304029
00:00:00.663	1.306227	1.360440	1.309158
00:00:00.663	1.307692	1.356777	1.312088
00:00:00.663	1.295238	1.344322	1.299634
00:00:00.663	1.306960	1.342125	1.306227
00:00:00.663	1.309158	1.326007	1.304029
00:00:00.663	1.314286	1.332601	1.313553
00:00:00.663	1.312821	1.309158	1.304029
00:00:00.664	1.312088	1.302564	1.310623
00:00:00.664	1.320879	1.298901	1.309158
00:00:00.700	1.316484	1.294505	1.308425
00:00:00.700	1.322344	1.307692	1.306960
00:00:00.700	1.321612	1.315018	1.309890
00:00:00.700	1.316484	1.324542	1.304762
00:00:00.700	1.309890	1.333333	1.309890
00:00:00.700	1.307692	1.313553	1.309890
00:00:00.700	1.311355	1.306227	1.304762
00:00:00.700	1.306227	1.333333	1.315751
00:00:00.700	1.306227	1.337729	1.300366
00:00:00.700	1.306227	1.329670	1.309890
00:00:00.700	1.309158	1.322344	1.306227
00:00:00.700	1.301099	1.298901	1.299634
00:00:00.701	1.309890	1.294505	1.304029
00:00:00.701	1.309890	1.282784	1.306227
00:00:00.701	1.312088	1.287179	1.309890
00:00:00.702	1.314286	1.293040	1.312088
00:00:00.702	1.313553	1.287912	1.304029
00:00:00.702	1.320147	1.293773	1.312088
00:00:00.703	1.315751	1.298901	1.309890
00:00:00.703	1.317216	1.303297	1.306227
00:00:00.703	1.304762	1.293773	1.300366
00:00:00.704	1.303297	1.293773	1.293040
00:00:00.704	1.309158	1.299634	1.292308
00:00:00.705	1.310623	1.316484	1.312821
00:00:00.705	1.306960	1.318681	1.307692
00:00:00.705	1.296703	1.317216	1.299634
00:00:00.706	1.302564	1.323810	1.306227
00:00:00.706	1.307692	1.323810	1.305495
00:00:00.706	1.309158	1.327473	1.313553
00:00:00.707	1.315751	1.317216	1.302564
00:00:00.707	1.315018	1.317949	1.309890
00:00:00.707	1.315751	1.304762	1.308425
00:00:00.708	1.321612	1.306227	1.306960
00:00:00.708	1.312088	1.298901	1.289377
00:00:00.708	1.303297	1.293040	1.304762
00:00:00.709	1.318681	1.275458	1.308425
00:00:00.709	1.307692	1.276923	1.297436
00:00:00.710	1.312088	1.298901	1.307692
00:00:00.710	1.312088	1.307692	1.306227
00:00:00.710	1.304762	1.297436	1.302564
00:00:00.711	1.303297	1.278388	1.302564
00:00:00.711	1.303297	1.301832	1.300366
00:00:00.711	1.295238	1.297436	1.304029
00:00:00.712	1.309158	1.312821	1.315018
00:00:00.712	1.312088	1.321612	1.312821
00:00:00.712	1.307692	1.326007	1.309890
00:00:00.713	1.314286	1.320147	1.304029
00:00:00.713	1.301832	1.311355	1.308425
00:00:00.714	1.314286	1.312088	1.300366
00:00:00.714	1.311355	1.320879	1.305495
00:00:00.746	1.314286	1.304762	1.311355
00:00:00.746	1.318681	1.302564	1.303297
00:00:00.747	1.319414	1.305495	1.308425
00:00:00.747	1.314286	1.304762	1.307692
00:00:00.747	1.315018	1.312821	1.309890
00:00:00.748	1.300366	1.304029	1.299634
00:00:00.748	1.317216	1.311355	1.312088
00:00:00.749	1.301099	1.314286	1.310623
00:00:00.749	1.301832	1.316484	1.312088
00:00:00.749	1.307692	1.309158	1.304029
00:00:00.750	1.300366	1.299634	1.300366
00:00:00.750	1.305495	1.323077	1.304762
00:00:00.750	1.313553	1.320147	1.304029
00:00:00.751	1.315018	1.315751	1.301832
00:00:00.751	1.318681	1.317216	1.302564
00:00:00.752	1.320147	1.312088	1.311355
00:00:00.752	1.315018	1.289377	1.308425
00:00:00.752	1.320879	1.277656	1.305495
00:00:00.752	1.314286	1.263736	1.304029
00:00:00.753	1.311355	1.267399	1.297436
00:00:00.753	1.316484	1.306227	1.300366
00:00:00.754	1.306227	1.320879	1.295238
00:00:00.754	1.312088	1.334066	1.309890
00:00:00.754	1.308425	1.324542	1.303297
00:00:00.756	1.310623	1.317216	1.308425
00:00:00.756	1.304762	1.297436	1.310623
00:00:00.756	1.306227	1.282784	1.298901
00:00:00.756	1.306227	1.312088	1.311355
00:00:00.756	1.309890	1.309158	1.305495
00:00:00.756	1.313553	1.311355	1.311355
00:00:00.759	1.320147	1.351648	1.315751
00:00:00.759	1.321612	1.339927	1.314286
00:00:00.759	1.312821	1.307692	1.315751
00:00:00.759	1.312088	1.292308	1.304029
00:00:00.759	1.317949	1.282784	1.306227
00:00:00.759	1.315018	1.266667	1.300366
00:00:00.759	1.320147	1.309158	1.312088
00:00:00.759	1.320879	1.317216	1.316484
00:00:00.763	1.317216	1.349451	1.312088
00:00:00.763	1.320147	1.364103	1.311355
00:00:00.763	1.309158	1.328205	1.309158
00:00:00.763	1.300366	1.287912	1.295971
00:00:00.763	1.296703	1.285714	1.303297
00:00:00.763	1.309890	1.293773	1.303297
00:00:00.763	1.298901	1.282051	1.295971
00:00:00.763	1.307692	1.288645	1.294505
00:00:00.763	1.306227	1.280586	1.298901
00:00:00.763	1.304762	1.278388	1.303297
00:00:00.763	1.304762	1.285714	1.307692
00:00:00.764	1.306227	1.293040	1.308425
