timestamp	ch1	ch2	ch3
00:00:00.000	1.309890	1.318681	1.304029
00:00:00.001	1.317949	1.328938	1.306227
00:00:00.001	1.309890	1.324542	1.300366
00:00:00.002	1.300366	1.309890	1.284982
00:00:00.002	1.306960	1.315018	1.300366
00:00:00.002	1.310623	1.309890	1.295971
00:00:00.003	1.301832	1.303297	1.304029
00:00:00.003	1.317949	1.312088	1.306227
00:00:00.003	1.325275	1.324542	1.298901
00:00:00.004	1.323810	1.339194	1.308425
00:00:00.004	1.317216	1.343590	1.309890
00:00:00.005	1.309158	1.321612	1.309890
00:00:00.005	1.303297	1.300366	1.312088
00:00:00.005	1.294505	1.277656	1.306227
00:00:00.005	1.302564	1.276923	1.305495
00:00:00.006	1.306227	1.280586	1.306227
00:00:00.006	1.317216	1.279121	1.300366
00:00:00.007	1.317216	1.286447	1.304762
00:00:00.007	1.308425	1.300366	1.307692
00:00:00.007	1.303297	1.299634	1.304029
00:00:00.008	1.317216	1.312821	1.304029
00:00:00.008	1.318681	1.316484	1.300366
00:00:00.008	1.315018	1.304029	1.298168
00:00:00.009	1.319414	1.298168	1.308425
00:00:00.009	1.306960	1.284982	1.292308
00:00:00.041	1.298901	1.296703	1.311355
00:00:00.042	1.295238	1.294505	1.308425
00:00:00.042	1.296703	1.309158	1.307692
00:00:00.042	1.291575	1.321612	1.299634
00:00:00.044	1.305495	1.328205	1.306227
00:00:00.044	1.310623	1.315018	1.310623
00:00:00.044	1.321612	1.310623	1.312088
00:00:00.046	1.317216	1.304029	1.309890
00:00:00.046	1.311355	1.309158	1.308425
00:00:00.046	1.318681	1.301832	1.304029
00:00:00.046	1.302564	1.297436	1.287912
00:00:00.046	1.316484	1.307692	1.299634
00:00:00.046	1.312821	1.314286	1.302564
00:00:00.046	1.295971	1.317949	1.295971
00:00:00.046	1.298168	1.336264	1.306960
00:00:00.049	1.292308	1.318681	1.300366
00:00:00.049	1.301832	1.288645	1.307692
00:00:00.049	1.315018	1.292308	1.315018
00:00:00.049	1.310623	1.263736	1.308425
00:00:00.049	1.312088	1.254212	1.295238
00:00:00.049	1.318681	1.260073	1.308425
00:00:00.049	1.293040	1.252015	1.292308
00:00:00.049	1.293040	1.272527	1.295971
00:00:00.049	1.315018	1.316484	1.303297
00:00:00.050	1.312821	1.328205	1.293773
00:00:00.050	1.327473	1.334799	1.306960
00:00:00.051	1.327473	1.318681	1.309890
00:00:00.051	1.298168	1.298168	1.289377
00:00:00.051	1.301099	1.317949	1.300366
00:00:00.052	1.303297	1.320147	1.295971
00:00:00.052	1.307692	1.312088	1.298168
00:00:00.052	1.309890	1.299634	1.304762
00:00:00.053	1.320147	1.283516	1.300366
00:00:00.053	1.309890	1.289377	1.292308
00:00:00.053	1.314286	1.319414	1.306227
00:00:00.054	1.323077	1.315751	1.308425
00:00:00.054	1.304762	1.296703	1.293773
00:00:00.054	1.305495	1.315751	1.306960
00:00:00.055	1.309158	1.316484	1.305495
00:00:00.055	1.306227	1.309890	1.306227
00:00:00.056	1.299634	1.310623	1.306960
00:00:00.056	1.306960	1.332601	1.306227
00:00:00.056	1.309158	1.342857	1.306227
00:00:00.057	1.320147	1.329670	1.304029
00:00:00.057	1.315751	1.310623	1.291575
00:00:00.057	1.304029	1.297436	1.300366
00:00:00.058	1.307692	1.284249	1.298901
00:00:00.058	1.310623	1.266667	1.300366
00:00:00.058	1.304029	1.267399	1.304762
00:00:00.059	1.307692	1.279121	1.300366
00:00:00.091	1.312088	1.293773	1.306227
00:00:00.091	1.314286	1.309158	1.312088
00:00:00.092	1.306227	1.314286	1.311355
00:00:00.092	1.311355	1.312821	1.304762
00:00:00.092	1.310623	1.311355	1.306960
00:00:00.093	1.306960	1.303297	1.300366
00:00:00.093	1.300366	1.312088	1.302564
00:00:00.093	1.306227	1.341392	1.304029
00:00:00.094	1.305495	1.335531	1.303297
00:00:00.094	1.316484	1.324542	1.306227
00:00:00.094	1.317949	1.315751	1.303297
00:00:00.095	1.321612	1.322344	1.312821
00:00:00.095	1.317216	1.312821	1.302564
00:00:00.096	1.315018	1.308425	1.295971
00:00:00.096	1.314286	1.318681	1.300366
00:00:00.096	1.307692	1.317216	1.304762
00:00:00.097	1.298901	1.320879	1.300366
00:00:00.097	1.312088	1.320147	1.313553
00:00:00.097	1.307692	1.277656	1.311355
00:00:00.098	1.312088	1.251282	1.305495
00:00:00.098	1.310623	1.235165	1.309890
00:00:00.098	1.312088	1.244689	1.300366
00:00:00.099	1.301832	1.256410	1.306227
00:00:00.099	1.306227	1.270330	1.309158
00:00:00.100	1.309158	1.290842	1.295238
00:00:00.100	1.315018	1.322344	1.298168
00:00:00.100	1.320147	1.326740	1.295971
00:00:00.101	1.317216	1.332601	1.293773
00:00:00.101	1.329670	1.351648	1.304029
00:00:00.101	1.317949	1.348718	1.300366
00:00:00.102	1.310623	1.328938	1.298168
00:00:00.102	1.312088	1.323077	1.306960
00:00:00.102	1.310623	1.315018	1.304029
00:00:00.103	1.305495	1.297436	1.307692
00:00:00.103	1.295971	1.294505	1.313553
00:00:00.103	1.304029	1.292308	1.315018
00:00:00.104	1.300366	1.269597	1.300366
00:00:00.104	1.299634	1.285714	1.314286
00:00:00.105	1.293040	1.305495	1.310623
00:00:00.105	1.293773	1.317216	1.300366
00:00:00.105	1.311355	1.320147	1.306960
00:00:00.106	1.312088	1.315751	1.300366
00:00:00.106	1.298168	1.320147	1.300366
00:00:00.106	1.301832	1.322344	1.302564
00:00:00.108	1.315018	1.293040	1.287912
00:00:00.108	1.323810	1.285714	1.300366
00:00:00.108	1.324542	1.274725	1.291575
00:00:00.109	1.313553	1.287912	1.283516
00:00:00.109	1.312088	1.327473	1.305495
00:00:00.109	1.307692	1.323810	1.303297
00:00:00.142	1.294505	1.298168	1.299634
00:00:00.142	1.307692	1.305495	1.313553
00:00:00.142	1.304762	1.306227	1.313553
00:00:00.142	1.292308	1.297436	1.306960
00:00:00.142	1.288645	1.298901	1.306227
00:00:00.142	1.301099	1.305495	1.309158
00:00:00.143	1.300366	1.301832	1.303297
00:00:00.143	1.316484	1.313553	1.308425
00:00:00.143	1.312088	1.333333	1.301832
00:00:00.146	1.305495	1.339194	1.300366
00:00:00.146	1.298901	1.331136	1.296703
00:00:00.146	1.309890	1.317216	1.293773
00:00:00.146	1.323810	1.313553	1.293040
00:00:00.146	1.318681	1.299634	1.301832
00:00:00.146	1.317216	1.289377	1.296703
00:00:00.146	1.306227	1.278388	1.295238
00:00:00.146	1.304029	1.288645	1.304762
00:00:00.147	1.312088	1.293773	1.308425
00:00:00.147	1.305495	1.282784	1.295238
00:00:00.147	1.311355	1.301832	1.309890
00:00:00.148	1.310623	1.298901	1.312821
00:00:00.148	1.301832	1.295238	1.317949
00:00:00.149	1.312088	1.303297	1.313553
00:00:00.149	1.317216	1.300366	1.311355
00:00:00.149	1.321612	1.298168	1.304029
00:00:00.150	1.315751	1.305495	1.308425
00:00:00.150	1.312821	1.313553	1.295971
00:00:00.150	1.309158	1.311355	1.293040
00:00:00.151	1.306227	1.314286	1.297436
00:00:00.151	1.308425	1.304029	1.287912
00:00:00.151	1.317949	1.309158	1.300366
00:00:00.152	1.311355	1.300366	1.296703
00:00:00.152	1.293773	1.301832	1.300366
00:00:00.152	1.303297	1.303297	1.300366
00:00:00.153	1.302564	1.295238	1.308425
00:00:00.153	1.310623	1.301099	1.313553
00:00:00.154	1.312821	1.305495	1.309158
00:00:00.154	1.321612	1.315018	1.309890
00:00:00.154	1.326740	1.309158	1.317949
00:00:00.155	1.301832	1.298168	1.311355
00:00:00.155	1.269597	1.291575	1.303297
00:00:00.155	1.297436	1.300366	1.298901
00:00:00.156	1.329670	1.291575	1.298901
00:00:00.156	1.349451	1.301099	1.297436
00:00:00.156	1.368498	1.312821	1.309890
00:00:00.157	1.342857	1.313553	1.304762
00:00:00.157	1.323077	1.317216	1.316484
00:00:00.157	1.283516	1.318681	1.310623
00:00:00.158	1.268132	1.290842	1.290842
00:00:00.158	1.283516	1.306227	1.304029
00:00:00.190	1.265201	1.310623	1.304029
00:00:00.191	1.282051	1.299634	1.303297
00:00:00.191	1.309158	1.323810	1.300366
00:00:00.191	1.300366	1.335531	1.300366
00:00:00.192	1.309158	1.344322	1.313553
00:00:00.192	1.319414	1.329670	1.308425
00:00:00.192	1.326740	1.292308	1.300366
00:00:00.194	1.320147	1.284982	1.299634
00:00:00.194	1.315018	1.290110	1.304029
00:00:00.194	1.320879	1.284982	1.300366
00:00:00.194	1.332601	1.282051	1.301832
00:00:00.194	1.314286	1.278388	1.300366
00:00:00.195	1.301099	1.276923	1.293773
00:00:00.195	1.287912	1.287179	1.298168
00:00:00.195	1.291575	1.301099	1.297436
00:00:00.196	1.295971	1.305495	1.301832
00:00:00.196	1.316484	1.308425	1.310623
00:00:00.196	1.312821	1.324542	1.303297
00:00:00.197	1.300366	1.309890	1.292308
00:00:00.197	1.305495	1.308425	1.310623
00:00:00.198	1.309890	1.307692	1.311355
00:00:00.198	1.305495	1.316484	1.313553
00:00:00.198	1.294505	1.314286	1.303297
00:00:00.199	1.309158	1.309890	1.301832
00:00:00.199	1.328205	1.315751	1.308425
00:00:00.199	1.317949	1.289377	1.308425
00:00:00.200	1.319414	1.265934	1.296703
00:00:00.200	1.326740	1.276190	1.300366
00:00:00.200	1.320147	1.293040	1.295238
00:00:00.201	1.307692	1.320879	1.300366
00:00:00.201	1.324542	1.336996	1.302564
00:00:00.201	1.317216	1.328205	1.285714
00:00:00.204	1.312088	1.342125	1.312821
00:00:00.204	1.295238	1.331136	1.304029
00:00:00.204	1.300366	1.326007	1.296703
00:00:00.204	1.306227	1.315018	1.305495
00:00:00.204	1.289377	1.302564	1.300366
00:00:00.204	1.289377	1.285714	1.305495
00:00:00.204	1.308425	1.272527	1.291575
00:00:00.204	1.309158	1.278388	1.295238
00:00:00.206	1.310623	1.290110	1.312821
00:00:00.206	1.298901	1.276923	1.298168
00:00:00.206	1.300366	1.281319	1.297436
00:00:00.206	1.309158	1.287179	1.287179
00:00:00.206	1.317216	1.305495	1.296703
00:00:00.206	1.333333	1.327473	1.304029
00:00:00.209	1.336264	1.323810	1.309158
00:00:00.209	1.327473	1.302564	1.295971
00:00:00.209	1.306227	1.302564	1.306227
00:00:00.209	1.303297	1.298901	1.284249
00:00:00.241	1.296703	1.303297	1.285714
00:00:00.241	1.305495	1.314286	1.289377
00:00:00.241	1.315018	1.315751	1.298901
00:00:00.241	1.271062	1.329670	1.309158
00:00:00.241	1.264469	1.334066	1.347253
00:00:00.242	1.265201	1.317216	1.329670
00:00:00.242	1.291575	1.285714	1.296703
00:00:00.243	1.289377	1.283516	1.271062
00:00:00.243	1.304762	1.288645	1.282051
00:00:00.243	1.347253	1.300366	1.304029
00:00:00.244	1.369231	1.296703	1.302564
00:00:00.244	1.378022	1.291575	1.291575
00:00:00.244	1.366300	1.304762	1.310623
00:00:00.245	1.312088	1.330403	1.320147
00:00:00.246	1.278388	1.350916	1.339927
00:00:00.246	1.279121	1.331136	1.350916
00:00:00.246	1.257875	1.302564	1.282784
00:00:00.246	1.268132	1.286447	1.280586
00:00:00.247	1.279121	1.280586	1.269597
00:00:00.247	1.289377	1.285714	1.270330
00:00:00.247	1.300366	1.298168	1.285714
00:00:00.248	1.320879	1.287912	1.289377
00:00:00.248	1.320147	1.285714	1.327473
00:00:00.248	1.306227	1.288645	1.356044
00:00:00.249	1.254212	1.303297	1.359707
00:00:00.249	1.239560	1.306227	1.326007
00:00:00.249	1.292308	1.311355	1.296703
00:00:00.250	1.331868	1.296703	1.276923
00:00:00.250	1.404396	1.312821	1.293040
00:00:00.250	1.439560	1.312088	1.283516
00:00:00.251	1.397070	1.310623	1.290842
00:00:00.251	1.336264	1.298168	1.295971
00:00:00.252	1.290842	1.292308	1.276923
00:00:00.252	1.242491	1.304762	1.298901
00:00:00.252	1.279121	1.304029	1.299634
00:00:00.253	1.282784	1.306960	1.295971
00:00:00.253	1.297436	1.323810	1.293040
00:00:00.253	1.283516	1.304762	1.261538
00:00:00.254	1.289377	1.319414	1.262271
00:00:00.254	1.312821	1.347985	1.284249
00:00:00.254	1.328205	1.354579	1.328938
00:00:00.255	1.335531	1.350183	1.358242
00:00:00.255	1.320147	1.313553	1.350183
00:00:00.255	1.306227	1.317949	1.308425
00:00:00.256	1.306960	1.372161	1.315018
00:00:00.256	1.295238	1.358974	1.330403
00:00:00.257	1.284982	1.277656	1.326740
00:00:00.257	1.289377	1.250549	1.342857
00:00:00.257	1.308425	1.237363	1.323810
00:00:00.258	1.323810	1.241758	1.276923
00:00:00.290	1.292308	1.213187	1.283516
00:00:00.290	1.302564	1.219048	1.278388
00:00:00.290	1.326740	1.245421	1.237363
00:00:00.291	1.279853	1.271795	1.254212
00:00:00.291	1.257875	1.310623	1.260073
00:00:00.292	1.303297	1.347253	1.326740
00:00:00.292	1.418315	1.339194	1.292308
00:00:00.292	1.468864	1.326740	1.347985
00:00:00.293	1.408791	1.319414	1.361172
00:00:00.293	1.358242	1.323810	1.363370
00:00:00.293	1.236630	1.328938	1.372161
00:00:00.294	1.184615	1.321612	1.316484
00:00:00.294	1.238828	1.303297	1.298168
00:00:00.294	1.334799	1.285714	1.276923
00:00:00.295	1.394139	1.317949	1.304029
00:00:00.295	1.361172	1.378022	1.290842
00:00:00.296	1.262271	1.391941	1.277656
00:00:00.296	1.208791	1.378755	1.301099
00:00:00.296	1.268132	1.334066	1.302564
00:00:00.297	1.278388	1.287912	1.296703
00:00:00.297	1.320879	1.258608	1.290842
00:00:00.298	1.362637	1.270330	1.276923
00:00:00.298	1.333333	1.286447	1.292308
00:00:00.298	1.279853	1.257875	1.298168
00:00:00.298	1.279853	1.248352	1.287179
00:00:00.299	1.268864	1.283516	1.307692
00:00:00.299	1.257143	1.320879	1.294505
00:00:00.299	1.257143	1.315018	1.294505
00:00:00.301	1.284982	1.319414	1.296703
00:00:00.301	1.298168	1.315751	1.273260
00:00:00.303	1.302564	1.279121	1.273260
00:00:00.303	1.282784	1.224908	1.271062
00:00:00.303	1.321612	1.256410	1.328205
00:00:00.303	1.328205	1.287179	1.367766
00:00:00.303	1.329670	1.275458	1.366300
00:00:00.303	1.315751	1.265201	1.317216
00:00:00.303	1.331136	1.312821	1.304762
00:00:00.303	1.323810	1.314286	1.294505
00:00:00.303	1.331868	1.362637	1.300366
00:00:00.306	1.388278	1.423443	1.309158
00:00:00.306	1.372894	1.397070	1.297436
00:00:00.306	1.364835	1.335531	1.308425
00:00:00.306	1.334799	1.274725	1.285714
00:00:00.306	1.317216	1.250549	1.291575
00:00:00.306	1.303297	1.197070	1.291575
00:00:00.306	1.241758	1.183883	1.297436
00:00:00.306	1.235165	1.202198	1.297436
00:00:00.307	1.265201	1.247619	1.300366
00:00:00.307	1.282051	1.286447	1.298901
00:00:00.307	1.326740	1.345055	1.304762
00:00:00.340	1.372161	1.350183	1.302564
00:00:00.340	1.352381	1.353846	1.309890
00:00:00.340	1.321612	1.359707	1.310623
00:00:00.341	1.315018	1.355311	1.304762
00:00:00.341	1.318681	1.329670	1.326740
00:00:00.341	1.308425	1.293773	1.323810
00:00:00.342	1.287912	1.281319	1.320147
00:00:00.342	1.276190	1.328205	1.312821
00:00:00.342	1.273993	1.347985	1.308425
00:00:00.343	1.293040	1.340659	1.302564
00:00:00.343	1.309890	1.306227	1.300366
00:00:00.343	1.322344	1.276923	1.292308
00:00:00.344	1.345788	1.283516	1.287179
00:00:00.344	1.364835	1.279121	1.279121
00:00:00.345	1.340659	1.293773	1.295971
00:00:00.345	1.309890	1.292308	1.298901
00:00:00.345	1.278388	1.322344	1.306227
00:00:00.346	1.263736	1.356777	1.299634
00:00:00.346	1.239560	1.347985	1.309890
00:00:00.346	1.260073	1.315018	1.300366
00:00:00.347	1.301832	1.305495	1.304029
00:00:00.347	1.326740	1.341392	1.326007
00:00:00.347	1.322344	1.320879	1.315018
00:00:00.348	1.296703	1.303297	1.308425
00:00:00.348	1.317949	1.298168	1.317949
00:00:00.348	1.328938	1.290110	1.309890
00:00:00.349	1.316484	1.308425	1.308425
00:00:00.349	1.322344	1.382418	1.312088
00:00:00.350	1.315018	1.353114	1.296703
00:00:00.350	1.304762	1.268132	1.288645
00:00:00.350	1.292308	1.268132	1.253480
00:00:00.351	1.287179	1.271062	1.237363
00:00:00.351	1.337729	1.350183	1.266667
00:00:00.351	1.384615	1.399267	1.328938
00:00:00.352	1.410989	1.306960	1.386081
00:00:00.352	1.345055	1.169963	1.375092
00:00:00.352	1.284982	1.137729	1.315018
00:00:00.353	1.198535	1.280586	1.290110
00:00:00.353	1.251282	1.368498	1.304029
00:00:00.353	1.271062	1.393407	1.299634
00:00:00.354	1.302564	1.350916	1.306960
00:00:00.354	1.357509	1.203663	1.291575
00:00:00.355	1.378755	1.230769	1.295238
00:00:00.355	1.323810	1.298168	1.265934
00:00:00.355	1.292308	1.312088	1.270330
00:00:00.356	1.297436	1.338462	1.274725
00:00:00.356	1.323810	1.309890	1.282051
00:00:00.356	1.341392	1.323810	1.303297
00:00:00.357	1.281319	1.262271	1.332601
00:00:00.357	1.243956	1.208791	1.336996
00:00:00.389	1.239560	1.273993	1.359707
00:00:00.390	1.279853	1.301832	1.332601
00:00:00.390	1.298901	1.307692	1.287179
00:00:00.390	1.304762	1.316484	1.298901
00:00:00.391	1.315018	1.304762	1.290842
00:00:00.391	1.339927	1.323810	1.292308
00:00:00.391	1.347253	1.369963	1.312821
00:00:00.392	1.336996	1.397070	1.303297
00:00:00.392	1.343590	1.438095	1.302564
00:00:00.392	1.320879	1.401465	1.296703
00:00:00.393	1.295971	1.313553	1.292308
00:00:00.393	1.317216	1.317216	1.305495
00:00:00.394	1.329670	1.342857	1.293040
00:00:00.394	1.340659	1.376557	1.294505
00:00:00.394	1.336264	1.414652	1.303297
00:00:00.395	1.300366	1.286447	1.291575
00:00:00.395	1.300366	1.171429	1.300366
00:00:00.395	1.299634	1.167766	1.295971
00:00:00.397	1.296703	1.154579	1.284982
00:00:00.397	1.265201	1.201465	1.296703
00:00:00.397	1.242491	1.257875	1.293773
00:00:00.397	1.301832	1.319414	1.298168
00:00:00.399	1.332601	1.335531	1.302564
00:00:00.399	1.339194	1.300366	1.304029
00:00:00.399	1.402930	1.261538	1.304029
00:00:00.399	1.352381	1.233700	1.298901
00:00:00.399	1.287912	1.258608	1.298168
00:00:00.399	1.221978	1.356044	1.309158
00:00:00.399	1.232967	1.312821	1.304029
00:00:00.402	1.282784	1.312821	1.295238
00:00:00.402	1.334066	1.367766	1.300366
00:00:00.402	1.385348	1.437363	1.309158
00:00:00.402	1.345055	1.408791	1.310623
00:00:00.402	1.309890	1.339927	1.326007
00:00:00.402	1.264469	1.276190	1.303297
00:00:00.402	1.254945	1.241026	1.313553
00:00:00.402	1.309158	1.200733	1.307692
00:00:00.402	1.351648	1.219048	1.306227
00:00:00.403	1.391209	1.224908	1.307692
00:00:00.403	1.354579	1.251282	1.315018
00:00:00.404	1.270330	1.255678	1.302564
00:00:00.404	1.228571	1.316484	1.297436
00:00:00.404	1.235897	1.327473	1.291575
00:00:00.405	1.320147	1.350916	1.287912
00:00:00.405	1.380220	1.377289	1.287912
00:00:00.405	1.368498	1.386813	1.302564
00:00:00.406	1.312088	1.369231	1.292308
00:00:00.406	1.292308	1.320879	1.300366
00:00:00.406	1.288645	1.308425	1.304029
00:00:00.407	1.291575	1.322344	1.319414
00:00:00.439	1.283516	1.314286	1.300366
00:00:00.439	1.299634	1.322344	1.320879
00:00:00.440	1.296703	1.327473	1.325275
00:00:00.440	1.309158	1.304029	1.319414
00:00:00.440	1.317949	1.293040	1.320879
00:00:00.441	1.304029	1.282784	1.297436
00:00:00.441	1.290842	1.296703	1.295238
00:00:00.441	1.311355	1.339927	1.291575
00:00:00.442	1.333333	1.327473	1.291575
00:00:00.442	1.359707	1.268864	1.295238
00:00:00.443	1.317949	1.246886	1.300366
00:00:00.443	1.300366	1.280586	1.297436
00:00:00.443	1.351648	1.326007	1.302564
00:00:00.444	1.405861	1.395604	1.302564
00:00:00.444	1.358974	1.420513	1.285714
00:00:00.444	1.251282	1.375092	1.269597
00:00:00.445	1.191209	1.295238	1.292308
00:00:00.445	1.189011	1.242491	1.314286
00:00:00.445	1.253480	1.218315	1.322344
00:00:00.446	1.303297	1.206593	1.319414
00:00:00.446	1.317216	1.208059	1.317216
00:00:00.446	1.326740	1.260073	1.331136
00:00:00.447	1.337729	1.315018	1.352381
00:00:00.447	1.347253	1.318681	1.348718
00:00:00.448	1.328205	1.297436	1.286447
00:00:00.448	1.338462	1.364835	1.287179
00:00:00.448	1.351648	1.397802	1.296703
00:00:00.449	1.347253	1.394872	1.297436
00:00:00.449	1.308425	1.340659	1.282784
00:00:00.449	1.318681	1.314286	1.294505
00:00:00.450	1.331136	1.298168	1.304762
00:00:00.450	1.325275	1.267399	1.304762
00:00:00.450	1.306227	1.309890	1.293773
00:00:00.451	1.284249	1.392674	1.282051
00:00:00.451	1.291575	1.350183	1.270330
00:00:00.451	1.289377	1.380220	1.261538
00:00:00.452	1.205861	1.191941	1.258608
00:00:00.452	1.249817	1.101832	1.327473
00:00:00.453	1.263004	1.162637	1.361905
00:00:00.453	1.266667	1.194872	1.367033
00:00:00.453	1.295971	1.205128	1.333333
00:00:00.455	1.366300	1.227106	1.297436
00:00:00.455	1.389011	1.354579	1.294505
00:00:00.455	1.413919	1.378755	1.293040
00:00:00.455	1.342857	1.372161	1.298168
00:00:00.455	1.258608	1.421978	1.298901
00:00:00.455	1.244689	1.550183	1.320879
00:00:00.456	1.309890	1.523077	1.332601
00:00:00.456	1.319414	1.459341	1.309890
00:00:00.456	1.317949	1.281319	1.287912
00:00:00.489	1.346520	1.106227	1.293773
00:00:00.489	1.412454	1.107692	1.303297
00:00:00.489	1.369231	1.166300	1.304029
00:00:00.490	1.287912	1.227839	1.292308
00:00:00.490	1.235165	1.271062	1.289377
00:00:00.490	1.241026	1.277656	1.287912
00:00:00.492	1.252015	1.302564	1.291575
00:00:00.492	1.292308	1.334066	1.303297
00:00:00.493	1.327473	1.325275	1.304029
00:00:00.493	1.364103	1.328205	1.294505
00:00:00.493	1.354579	1.326007	1.304762
00:00:00.493	1.321612	1.304762	1.305495
00:00:00.493	1.282784	1.345788	1.307692
00:00:00.493	1.235897	1.365568	1.306960
00:00:00.495	1.231502	1.335531	1.304762
00:00:00.495	1.283516	1.273993	1.300366
00:00:00.495	1.364835	1.275458	1.304029
00:00:00.495	1.383150	1.291575	1.297436
00:00:00.495	1.334799	1.346520	1.313553
00:00:00.495	1.290842	1.333333	1.311355
00:00:00.498	1.256410	1.312821	1.311355
00:00:00.498	1.339194	1.317949	1.295971
00:00:00.498	1.353114	1.334066	1.297436
00:00:00.498	1.345788	1.353114	1.301832
00:00:00.498	1.325275	1.346520	1.303297
00:00:00.498	1.305495	1.276190	1.295971
00:00:00.498	1.298901	1.229304	1.291575
00:00:00.498	1.312821	1.236630	1.276190
00:00:00.499	1.291575	1.286447	1.290842
00:00:00.499	1.239560	1.308425	1.318681
00:00:00.499	1.290842	1.339927	1.320147
00:00:00.500	1.315751	1.326007	1.315018
00:00:00.500	1.303297	1.293040	1.305495
00:00:00.500	1.313553	1.263736	1.301832
00:00:00.501	1.323077	1.260073	1.309890
00:00:00.501	1.333333	1.267399	1.311355
00:00:00.502	1.357509	1.271795	1.313553
00:00:00.502	1.338462	1.301099	1.300366
00:00:00.502	1.256410	1.347253	1.283516
00:00:00.503	1.242491	1.342125	1.295238
00:00:00.503	1.282784	1.311355	1.295238
00:00:00.503	1.322344	1.332601	1.296703
00:00:00.504	1.363370	1.343590	1.307692
00:00:00.504	1.384615	1.346520	1.300366
00:00:00.504	1.345055	1.310623	1.297436
00:00:00.505	1.311355	1.298901	1.308425
00:00:00.505	1.275458	1.364835	1.302564
00:00:00.505	1.221245	1.430037	1.295971
00:00:00.507	1.247619	1.374359	1.293040
00:00:00.507	1.253480	1.316484	1.289377
00:00:00.538	1.303297	1.273993	1.300366
00:00:00.539	1.317216	1.236630	1.319414
00:00:00.539	1.312088	1.216117	1.326007
00:00:00.539	1.304762	1.191941	1.314286
00:00:00.540	1.295238	1.157509	1.298168
00:00:00.540	1.309158	1.191941	1.295238
00:00:00.540	1.320879	1.304762	1.315018
00:00:00.541	1.326007	1.321612	1.307692
00:00:00.541	1.343590	1.331868	1.308425
00:00:00.542	1.328205	1.296703	1.298901
00:00:00.542	1.309158	1.269597	1.298901
00:00:00.542	1.308425	1.280586	1.290110
00:00:00.543	1.334066	1.304762	1.290842
00:00:00.543	1.369963	1.334799	1.295971
00:00:00.543	1.383150	1.374359	1.297436
00:00:00.544	1.345055	1.378755	1.298168
00:00:00.544	1.331136	1.390476	1.301832
00:00:00.544	1.264469	1.404396	1.306227
00:00:00.545	1.221245	1.445421	1.302564
00:00:00.545	1.252747	1.415385	1.306227
00:00:00.546	1.270330	1.309890	1.309890
00:00:00.546	1.231502	1.178022	1.313553
00:00:00.546	1.287179	1.156044	1.306227
00:00:00.547	1.312821	1.173626	1.312821
00:00:00.547	1.330403	1.167033	1.307692
00:00:00.547	1.340659	1.199267	1.315018
00:00:00.548	1.336996	1.279853	1.295238
00:00:00.548	1.333333	1.315751	1.290842
00:00:00.548	1.284982	1.387546	1.292308
00:00:00.549	1.276923	1.449084	1.299634
00:00:00.549	1.345055	1.396337	1.290842
00:00:00.549	1.387546	1.311355	1.284982
00:00:00.550	1.420513	1.261538	1.299634
00:00:00.550	1.370696	1.245421	1.302564
00:00:00.551	1.281319	1.280586	1.311355
00:00:00.551	1.209524	1.308425	1.310623
00:00:00.551	1.204396	1.327473	1.306960
00:00:00.552	1.200733	1.316484	1.300366
00:00:00.552	1.302564	1.338462	1.334066
00:00:00.552	1.327473	1.391209	1.319414
00:00:00.553	1.339927	1.414652	1.306960
00:00:00.553	1.340659	1.360440	1.304762
00:00:00.553	1.346520	1.284249	1.315751
00:00:00.554	1.285714	1.244689	1.303297
00:00:00.554	1.280586	1.273260	1.298901
00:00:00.554	1.346520	1.329670	1.288645
00:00:00.555	1.405861	1.307692	1.307692
00:00:00.555	1.357509	1.235897	1.295971
00:00:00.559	1.289377	1.201465	1.290842
00:00:00.559	1.271062	1.207326	1.291575
00:00:00.590	1.265934	1.248352	1.298168
00:00:00.590	1.299634	1.273260	1.303297
00:00:00.590	1.327473	1.265934	1.296703
00:00:00.590	1.334066	1.310623	1.312088
00:00:00.590	1.304762	1.363370	1.314286
00:00:00.593	1.296703	1.393407	1.317949
00:00:00.593	1.296703	1.386081	1.311355
00:00:00.593	1.300366	1.364103	1.317949
00:00:00.593	1.299634	1.326740	1.303297
00:00:00.593	1.309890	1.319414	1.302564
00:00:00.593	1.311355	1.287179	1.296703
00:00:00.593	1.300366	1.208791	1.290842
00:00:00.593	1.309158	1.202930	1.287912
00:00:00.593	1.328205	1.293773	1.311355
00:00:00.593	1.320147	1.325275	1.296703
00:00:00.593	1.292308	1.346520	1.305495
00:00:00.594	1.290110	1.362637	1.317216
00:00:00.594	1.312088	1.355311	1.299634
00:00:00.594	1.310623	1.328938	1.296703
00:00:00.595	1.323810	1.349451	1.310623
00:00:00.595	1.320879	1.345055	1.304762
00:00:00.596	1.315018	1.315751	1.303297
00:00:00.596	1.300366	1.308425	1.312821
00:00:00.596	1.320147	1.304029	1.301832
00:00:00.597	1.315751	1.297436	1.304762
00:00:00.597	1.346520	1.291575	1.305495
00:00:00.597	1.352381	1.269597	1.300366
00:00:00.598	1.318681	1.284249	1.296703
00:00:00.598	1.305495	1.309890	1.304762
00:00:00.598	1.281319	1.273260	1.310623
00:00:00.599	1.252015	1.275458	1.305495
00:00:00.599	1.241758	1.289377	1.295238
00:00:00.600	1.280586	1.276923	1.293773
00:00:00.600	1.282784	1.261538	1.298901
00:00:00.600	1.304029	1.280586	1.308425
00:00:00.601	1.312088	1.312088	1.306960
00:00:00.601	1.318681	1.311355	1.300366
00:00:00.601	1.312821	1.297436	1.298901
00:00:00.602	1.299634	1.315018	1.302564
00:00:00.602	1.298168	1.335531	1.311355
00:00:00.602	1.309890	1.356044	1.304029
00:00:00.603	1.315018	1.328938	1.298168
00:00:00.603	1.323810	1.310623	1.304029
00:00:00.603	1.309158	1.258608	1.297436
00:00:00.604	1.321612	1.253480	1.290110
00:00:00.604	1.328938	1.272527	1.296703
00:00:00.605	1.323810	1.282051	1.296703
00:00:00.605	1.322344	1.283516	1.281319
00:00:00.605	1.301832	1.293773	1.284982
00:00:00.606	1.297436	1.329670	1.300366
00:00:00.638	1.290842	1.336996	1.299634
00:00:00.638	1.309890	1.334799	1.307692
00:00:00.638	1.320147	1.321612	1.305495
00:00:00.639	1.299634	1.317949	1.302564
00:00:00.639	1.293773	1.315751	1.315751
00:00:00.640	1.318681	1.300366	1.313553
00:00:00.640	1.331868	1.285714	1.308425
00:00:00.640	1.361905	1.283516	1.309158
00:00:00.641	1.361905	1.285714	1.300366
00:00:00.641	1.306227	1.285714	1.307692
00:00:00.641	1.288645	1.306960	1.311355
00:00:00.642	1.244689	1.309158	1.303297
00:00:00.643	1.267399	1.303297	1.299634
00:00:00.643	1.295971	1.309158	1.297436
00:00:00.643	1.294505	1.312821	1.297436
00:00:00.643	1.302564	1.306960	1.300366
00:00:00.643	1.327473	1.306960	1.297436
00:00:00.644	1.339927	1.301099	1.294505
00:00:00.644	1.324542	1.307692	1.303297
00:00:00.645	1.330403	1.312821	1.306227
00:00:00.645	1.323077	1.310623	1.305495
00:00:00.645	1.316484	1.303297	1.303297
00:00:00.646	1.325275	1.316484	1.312088
00:00:00.646	1.304762	1.320147	1.311355
00:00:00.646	1.298168	1.336996	1.300366
