timestamp	ch1	ch2	ch3
00:00:00.000	1.317216	1.342857	1.297436
00:00:00.000	1.313553	1.348718	1.292308
00:00:00.001	1.308425	1.353846	1.290842
00:00:00.001	1.319414	1.354579	1.306960
00:00:00.001	1.310623	1.323077	1.295971
00:00:00.002	1.310623	1.312088	1.307692
00:00:00.002	1.304762	1.306960	1.308425
00:00:00.002	1.292308	1.282784	1.303297
00:00:00.003	1.302564	1.234432	1.311355
00:00:00.003	1.309890	1.227839	1.314286
00:00:00.004	1.303297	1.221245	1.311355
00:00:00.004	1.309890	1.231502	1.310623
00:00:00.004	1.305495	1.259341	1.298168
00:00:00.005	1.310623	1.299634	1.302564
00:00:00.005	1.312821	1.317949	1.298168
00:00:00.005	1.309158	1.317216	1.287912
00:00:00.007	1.312088	1.339927	1.304762
00:00:00.007	1.310623	1.350183	1.297436
00:00:00.007	1.305495	1.350916	1.295971
00:00:00.007	1.307692	1.334066	1.294505
00:00:00.007	1.310623	1.328938	1.303297
00:00:00.007	1.308425	1.310623	1.300366
00:00:00.008	1.315018	1.303297	1.305495
00:00:00.008	1.309890	1.299634	1.310623
00:00:00.009	1.305495	1.291575	1.310623
00:00:00.041	1.300366	1.286447	1.315018
00:00:00.041	1.302564	1.283516	1.310623
00:00:00.041	1.311355	1.293040	1.314286
00:00:00.042	1.304029	1.296703	1.305495
00:00:00.042	1.312821	1.306960	1.306227
00:00:00.043	1.317216	1.312821	1.299634
00:00:00.043	1.323810	1.321612	1.305495
00:00:00.043	1.323077	1.323077	1.296703
00:00:00.044	1.318681	1.324542	1.294505
00:00:00.044	1.315751	1.328938	1.297436
00:00:00.044	1.316484	1.323077	1.296703
00:00:00.045	1.311355	1.312821	1.296703
00:00:00.045	1.298168	1.304762	1.294505
00:00:00.045	1.316484	1.313553	1.308425
00:00:00.046	1.316484	1.308425	1.311355
00:00:00.046	1.303297	1.306227	1.312088
00:00:00.046	1.306227	1.299634	1.305495
00:00:00.047	1.294505	1.292308	1.306227
00:00:00.047	1.304029	1.300366	1.317216
00:00:00.048	1.309158	1.295971	1.315751
00:00:00.048	1.308425	1.292308	1.304762
00:00:00.048	1.311355	1.293040	1.300366
00:00:00.049	1.305495	1.299634	1.300366
00:00:00.050	1.300366	1.300366	1.300366
00:00:00.050	1.302564	1.300366	1.293773
00:00:00.050	1.303297	1.306960	1.287912
00:00:00.050	1.308425	1.317949	1.296703
00:00:00.050	1.315018	1.314286	1.299634
00:00:00.052	1.319414	1.301832	1.300366
00:00:00.052	1.304762	1.298901	1.302564
00:00:00.052	1.307692	1.302564	1.300366
00:00:00.052	1.298168	1.296703	1.303297
00:00:00.052	1.300366	1.297436	1.300366
00:00:00.054	1.313553	1.306960	1.316484
00:00:00.054	1.304029	1.297436	1.314286
00:00:00.054	1.305495	1.305495	1.312088
00:00:00.054	1.307692	1.304029	1.312088
00:00:00.054	1.296703	1.293773	1.298168
00:00:00.054	1.317949	1.293773	1.300366
00:00:00.057	1.307692	1.294505	1.291575
00:00:00.057	1.315018	1.318681	1.300366
00:00:00.057	1.309158	1.313553	1.283516
00:00:00.057	1.308425	1.322344	1.299634
00:00:00.057	1.310623	1.316484	1.299634
00:00:00.057	1.323810	1.309158	1.290842
00:00:00.057	1.318681	1.298901	1.302564
00:00:00.057	1.307692	1.274725	1.306227
00:00:00.058	1.290842	1.271062	1.301832
00:00:00.059	1.303297	1.303297	1.314286
00:00:00.059	1.300366	1.306227	1.317949
00:00:00.090	1.302564	1.306960	1.312088
00:00:00.092	1.301832	1.310623	1.312088
00:00:00.092	1.312088	1.306227	1.311355
00:00:00.092	1.312088	1.312821	1.315751
00:00:00.092	1.306960	1.332601	1.304029
00:00:00.092	1.309158	1.336264	1.303297
00:00:00.093	1.312088	1.327473	1.295971
00:00:00.093	1.312088	1.325275	1.304762
00:00:00.093	1.314286	1.315751	1.290842
00:00:00.094	1.302564	1.312821	1.287912
00:00:00.094	1.317949	1.315018	1.297436
00:00:00.094	1.312088	1.289377	1.297436
00:00:00.095	1.320879	1.280586	1.304029
00:00:00.095	1.304762	1.279121	1.299634
00:00:00.095	1.300366	1.282784	1.304762
00:00:00.096	1.304029	1.279121	1.312821
00:00:00.096	1.295971	1.273260	1.306960
00:00:00.097	1.312821	1.265934	1.310623
00:00:00.097	1.309890	1.250549	1.313553
00:00:00.097	1.306227	1.279853	1.313553
00:00:00.098	1.291575	1.279121	1.302564
00:00:00.098	1.312088	1.286447	1.312088
00:00:00.098	1.306227	1.293040	1.297436
00:00:00.099	1.310623	1.320147	1.299634
00:00:00.099	1.306227	1.327473	1.296703
00:00:00.099	1.311355	1.327473	1.295238
00:00:00.100	1.318681	1.327473	1.298168
00:00:00.100	1.312821	1.331136	1.300366
00:00:00.100	1.304762	1.339927	1.299634
00:00:00.101	1.308425	1.330403	1.296703
00:00:00.101	1.316484	1.346520	1.304762
00:00:00.102	1.312821	1.331136	1.307692
00:00:00.102	1.309890	1.312821	1.309158
00:00:00.102	1.304762	1.298901	1.311355
00:00:00.103	1.304029	1.285714	1.310623
00:00:00.103	1.297436	1.273260	1.304029
00:00:00.103	1.313553	1.282784	1.315751
00:00:00.104	1.313553	1.272527	1.306227
00:00:00.104	1.305495	1.270330	1.305495
00:00:00.104	1.317216	1.294505	1.306227
00:00:00.105	1.307692	1.297436	1.288645
00:00:00.105	1.309890	1.313553	1.300366
00:00:00.105	1.305495	1.312821	1.297436
00:00:00.106	1.300366	1.309158	1.290110
00:00:00.106	1.309158	1.320147	1.298168
00:00:00.107	1.303297	1.322344	1.298168
00:00:00.107	1.295971	1.309890	1.300366
00:00:00.107	1.309890	1.320879	1.309158
00:00:00.108	1.312821	1.308425	1.298901
00:00:00.108	1.319414	1.295971	1.301832
00:00:00.140	1.317949	1.295238	1.308425
00:00:00.141	1.306960	1.298901	1.311355
00:00:00.141	1.307692	1.298168	1.315751
00:00:00.141	1.306960	1.290842	1.304762
00:00:00.142	1.298901	1.291575	1.309158
00:00:00.143	1.309158	1.302564	1.306960
00:00:00.143	1.309158	1.305495	1.298168
00:00:00.143	1.312088	1.322344	1.300366
00:00:00.143	1.317216	1.336996	1.298168
00:00:00.143	1.310623	1.324542	1.286447
00:00:00.144	1.320879	1.345055	1.295238
00:00:00.144	1.303297	1.312821	1.289377
00:00:00.144	1.306227	1.293040	1.306227
00:00:00.145	1.305495	1.315018	1.303297
00:00:00.145	1.306227	1.326740	1.306227
00:00:00.147	1.311355	1.304029	1.310623
00:00:00.147	1.298901	1.280586	1.305495
00:00:00.147	1.308425	1.269597	1.316484
00:00:00.147	1.310623	1.269597	1.315018
00:00:00.147	1.304762	1.268864	1.312088
00:00:00.147	1.300366	1.280586	1.306960
00:00:00.149	1.302564	1.269597	1.291575
00:00:00.149	1.308425	1.281319	1.306227
00:00:00.149	1.316484	1.278388	1.302564
00:00:00.149	1.317216	1.303297	1.300366
00:00:00.149	1.315751	1.325275	1.295238
00:00:00.149	1.318681	1.332601	1.295971
00:00:00.152	1.312088	1.328938	1.298168
00:00:00.152	1.315751	1.333333	1.299634
00:00:00.152	1.304762	1.317216	1.292308
00:00:00.152	1.317949	1.323077	1.310623
00:00:00.152	1.314286	1.312821	1.306227
00:00:00.152	1.306227	1.308425	1.309890
00:00:00.152	1.301099	1.287179	1.300366
00:00:00.152	1.304762	1.304762	1.301832
00:00:00.153	1.309890	1.313553	1.315018
00:00:00.153	1.296703	1.285714	1.312088
00:00:00.153	1.290110	1.281319	1.312088
00:00:00.154	1.297436	1.302564	1.304762
00:00:00.154	1.312821	1.295238	1.294505
00:00:00.154	1.320879	1.301832	1.295238
00:00:00.155	1.315751	1.312088	1.299634
00:00:00.155	1.320147	1.293040	1.298168
00:00:00.156	1.322344	1.258608	1.293773
00:00:00.156	1.306960	1.290110	1.286447
00:00:00.156	1.309890	1.329670	1.306227
00:00:00.157	1.306960	1.323810	1.301832
00:00:00.157	1.303297	1.308425	1.309158
00:00:00.157	1.329670	1.306227	1.314286
00:00:00.158	1.300366	1.292308	1.300366
00:00:00.190	1.302564	1.305495	1.317216
00:00:00.190	1.303297	1.307692	1.309158
00:00:00.191	1.306227	1.323077	1.319414
00:00:00.191	1.300366	1.305495	1.310623
00:00:00.191	1.298901	1.290842	1.300366
00:00:00.192	1.300366	1.303297	1.306960
00:00:00.192	1.303297	1.301099	1.295238
00:00:00.192	1.303297	1.290842	1.296703
00:00:00.193	1.309158	1.297436	1.300366
00:00:00.193	1.320879	1.309890	1.295238
00:00:00.193	1.326740	1.339927	1.300366
00:00:00.194	1.317216	1.323077	1.293773
00:00:00.195	1.320147	1.306227	1.302564
00:00:00.195	1.311355	1.301832	1.304762
00:00:00.195	1.312088	1.298168	1.304029
00:00:00.195	1.304762	1.291575	1.315018
00:00:00.196	1.301832	1.273260	1.304029
00:00:00.196	1.288645	1.284982	1.306960
00:00:00.196	1.306960	1.315751	1.298901
00:00:00.197	1.307692	1.317216	1.309890
00:00:00.197	1.290842	1.316484	1.315018
00:00:00.197	1.300366	1.320879	1.313553
00:00:00.198	1.303297	1.308425	1.296703
00:00:00.198	1.319414	1.324542	1.300366
00:00:00.198	1.327473	1.315018	1.293773
00:00:00.199	1.312088	1.268864	1.284249
00:00:00.199	1.322344	1.271795	1.300366
00:00:00.200	1.315751	1.306960	1.298901
00:00:00.200	1.317949	1.327473	1.304029
00:00:00.200	1.316484	1.305495	1.303297
00:00:00.201	1.300366	1.282051	1.287912
00:00:00.201	1.298168	1.284249	1.306227
00:00:00.201	1.301832	1.298901	1.312088
00:00:00.202	1.300366	1.312821	1.309158
00:00:00.202	1.306960	1.307692	1.315018
00:00:00.202	1.304762	1.296703	1.314286
00:00:00.203	1.304762	1.295971	1.310623
00:00:00.203	1.314286	1.302564	1.309158
00:00:00.204	1.312088	1.298168	1.310623
00:00:00.204	1.301832	1.303297	1.300366
00:00:00.204	1.290110	1.321612	1.296703
00:00:00.205	1.304762	1.367033	1.300366
00:00:00.205	1.323077	1.350183	1.295971
00:00:00.205	1.328205	1.342857	1.298168
00:00:00.206	1.319414	1.305495	1.293773
00:00:00.206	1.320147	1.289377	1.294505
00:00:00.206	1.312088	1.318681	1.295238
00:00:00.207	1.306227	1.367766	1.298168
00:00:00.207	1.316484	1.350183	1.312821
00:00:00.207	1.304762	1.329670	1.313553
00:00:00.240	1.298168	1.343590	1.318681
00:00:00.240	1.309158	1.418315	1.312821
00:00:00.240	1.315751	1.397070	1.306227
00:00:00.241	1.326007	1.272527	1.312821
00:00:00.241	1.326007	1.115018	1.305495
00:00:00.241	1.310623	1.060806	1.293040
00:00:00.242	1.304029	1.099634	1.291575
00:00:00.243	1.306227	1.163370	1.279853
00:00:00.243	1.311355	1.218315	1.297436
00:00:00.246	1.311355	1.222711	1.289377
00:00:00.246	1.309158	1.254212	1.288645
00:00:00.246	1.309158	1.324542	1.293773
00:00:00.246	1.304762	1.376557	1.290110
00:00:00.246	1.302564	1.401465	1.302564
00:00:00.246	1.306960	1.393407	1.308425
00:00:00.246	1.304762	1.367766	1.313553
00:00:00.246	1.301832	1.353114	1.312821
00:00:00.246	1.284982	1.317216	1.298901
00:00:00.246	1.304029	1.312821	1.301832
00:00:00.249	1.307692	1.326740	1.314286
00:00:00.249	1.312821	1.335531	1.316484
00:00:00.249	1.325275	1.337729	1.315751
00:00:00.249	1.312821	1.341392	1.300366
00:00:00.249	1.315751	1.343590	1.308425
00:00:00.249	1.309890	1.328205	1.301832
00:00:00.249	1.296703	1.290110	1.295971
00:00:00.249	1.314286	1.273260	1.297436
00:00:00.249	1.305495	1.279121	1.297436
00:00:00.250	1.306960	1.289377	1.296703
00:00:00.250	1.313553	1.308425	1.300366
00:00:00.250	1.301832	1.312088	1.304029
00:00:00.251	1.311355	1.312088	1.303297
00:00:00.251	1.305495	1.295971	1.303297
00:00:00.251	1.296703	1.300366	1.309158
00:00:00.252	1.284249	1.306960	1.312088
00:00:00.252	1.266667	1.306960	1.308425
00:00:00.253	1.287179	1.308425	1.320879
00:00:00.253	1.315018	1.307692	1.315018
00:00:00.253	1.330403	1.293773	1.306227
00:00:00.254	1.331868	1.306227	1.302564
00:00:00.254	1.353114	1.304029	1.296703
00:00:00.254	1.361172	1.309890	1.306960
00:00:00.255	1.361905	1.312821	1.296703
00:00:00.255	1.347253	1.304029	1.287912
00:00:00.255	1.351648	1.312088	1.298168
00:00:00.256	1.294505	1.307692	1.291575
00:00:00.256	1.264469	1.306960	1.299634
00:00:00.256	1.267399	1.317949	1.300366
00:00:00.257	1.291575	1.311355	1.298901
00:00:00.257	1.312088	1.309890	1.308425
00:00:00.289	1.304029	1.300366	1.304762
00:00:00.290	1.296703	1.291575	1.300366
00:00:00.290	1.303297	1.296703	1.304762
00:00:00.290	1.306227	1.295971	1.304762
00:00:00.291	1.278388	1.289377	1.299634
00:00:00.291	1.295971	1.296703	1.309890
00:00:00.292	1.277656	1.292308	1.306227
00:00:00.292	1.276923	1.300366	1.298168
00:00:00.292	1.282784	1.300366	1.300366
00:00:00.293	1.320147	1.306960	1.300366
00:00:00.293	1.339927	1.308425	1.300366
00:00:00.293	1.335531	1.309158	1.305495
00:00:00.294	1.316484	1.307692	1.297436
00:00:00.294	1.313553	1.311355	1.301832
00:00:00.294	1.307692	1.312088	1.303297
00:00:00.295	1.307692	1.310623	1.305495
00:00:00.295	1.306227	1.317949	1.302564
00:00:00.295	1.298901	1.307692	1.307692
00:00:00.296	1.300366	1.305495	1.287179
00:00:00.296	1.301832	1.295238	1.291575
00:00:00.297	1.293040	1.294505	1.295971
00:00:00.297	1.287179	1.290842	1.308425
00:00:00.297	1.292308	1.314286	1.309158
00:00:00.298	1.318681	1.315018	1.303297
00:00:00.298	1.331136	1.323810	1.318681
00:00:00.298	1.318681	1.315751	1.311355
00:00:00.299	1.310623	1.303297	1.323077
00:00:00.299	1.327473	1.285714	1.330403
00:00:00.299	1.334799	1.278388	1.287179
00:00:00.300	1.328938	1.282784	1.284249
00:00:00.300	1.331868	1.293773	1.294505
00:00:00.300	1.326740	1.281319	1.290842
00:00:00.301	1.318681	1.297436	1.293040
00:00:00.301	1.320147	1.329670	1.304029
00:00:00.302	1.297436	1.331136	1.302564
00:00:00.302	1.299634	1.326740	1.314286
00:00:00.302	1.282051	1.317216	1.298901
00:00:00.303	1.303297	1.328938	1.310623
00:00:00.303	1.312088	1.292308	1.312821
00:00:00.303	1.279121	1.286447	1.304029
00:00:00.304	1.180220	1.276923	1.302564
00:00:00.304	1.216850	1.270330	1.300366
00:00:00.304	1.297436	1.246886	1.295971
00:00:00.305	1.381685	1.282051	1.303297
00:00:00.305	1.454212	1.282784	1.293040
00:00:00.305	1.481319	1.285714	1.300366
00:00:00.310	1.464469	1.334066	1.299634
00:00:00.310	1.364835	1.338462	1.287179
00:00:00.310	1.279121	1.349451	1.297436
00:00:00.310	1.185348	1.328205	1.304029
00:00:00.340	1.148718	1.347253	1.309158
00:00:00.340	1.216850	1.353846	1.312821
00:00:00.342	1.277656	1.334799	1.315751
00:00:00.342	1.306227	1.294505	1.316484
00:00:00.342	1.306227	1.243956	1.314286
00:00:00.342	1.315751	1.217582	1.313553
00:00:00.342	1.330403	1.247619	1.309158
00:00:00.342	1.324542	1.232234	1.290842
00:00:00.342	1.331136	1.252015	1.297436
00:00:00.342	1.333333	1.309890	1.301832
00:00:00.345	1.311355	1.330403	1.296703
00:00:00.345	1.293040	1.384615	1.307692
00:00:00.345	1.294505	1.385348	1.303297
00:00:00.345	1.295971	1.349451	1.290842
00:00:00.345	1.313553	1.366300	1.308425
00:00:00.345	1.309890	1.344322	1.306227
00:00:00.345	1.304029	1.312088	1.315018
00:00:00.345	1.294505	1.285714	1.302564
00:00:00.346	1.312088	1.276923	1.302564
00:00:00.346	1.265201	1.238828	1.296703
00:00:00.346	1.240293	1.243223	1.295238
00:00:00.347	1.279121	1.201465	1.289377
00:00:00.347	1.350916	1.235897	1.316484
00:00:00.347	1.369231	1.298168	1.320879
00:00:00.348	1.404396	1.328205	1.316484
00:00:00.348	1.417582	1.340659	1.304029
00:00:00.348	1.389744	1.353114	1.284982
00:00:00.349	1.312088	1.345055	1.279121
00:00:00.349	1.250549	1.357509	1.298168
00:00:00.349	1.227839	1.367766	1.299634
00:00:00.350	1.227106	1.348718	1.301832
00:00:00.350	1.250549	1.329670	1.311355
00:00:00.351	1.289377	1.289377	1.320147
00:00:00.352	1.284982	1.279121	1.325275
00:00:00.352	1.248352	1.312821	1.328938
00:00:00.352	1.221245	1.374359	1.298168
00:00:00.352	1.284982	1.337729	1.291575
00:00:00.352	1.353114	1.290110	1.297436
00:00:00.353	1.479121	1.255678	1.306227
00:00:00.353	1.532601	1.284982	1.295971
00:00:00.353	1.509158	1.285714	1.265934
00:00:00.354	1.405861	1.260073	1.275458
00:00:00.354	1.268132	1.241026	1.276923
00:00:00.354	1.184615	1.255678	1.353114
00:00:00.355	1.185348	1.281319	1.334799
00:00:00.355	1.216850	1.319414	1.326007
00:00:00.356	1.291575	1.381685	1.303297
00:00:00.356	1.323077	1.402930	1.297436
00:00:00.356	1.305495	1.390476	1.296703
00:00:00.357	1.315018	1.338462	1.309890
00:00:00.389	1.317216	1.260073	1.305495
00:00:00.389	1.284249	1.238828	1.300366
00:00:00.390	1.271062	1.259341	1.305495
00:00:00.390	1.257875	1.259341	1.315018
00:00:00.390	1.225641	1.209524	1.304029
00:00:00.391	1.238095	1.195604	1.282051
00:00:00.391	1.283516	1.224908	1.276923
00:00:00.391	1.365568	1.287912	1.299634
00:00:00.392	1.393407	1.315751	1.297436
00:00:00.392	1.397802	1.340659	1.295238
00:00:00.392	1.415385	1.370696	1.305495
00:00:00.393	1.399267	1.376557	1.298901
00:00:00.393	1.308425	1.349451	1.282784
00:00:00.393	1.257143	1.320147	1.301832
00:00:00.394	1.230037	1.408059	1.301832
00:00:00.394	1.236630	1.402198	1.318681
00:00:00.395	1.223443	1.372894	1.306227
00:00:00.395	1.265201	1.357509	1.312821
00:00:00.395	1.297436	1.308425	1.307692
00:00:00.396	1.312821	1.253480	1.308425
00:00:00.396	1.337729	1.232234	1.309158
00:00:00.396	1.352381	1.254945	1.323810
00:00:00.397	1.290842	1.164835	1.298168
00:00:00.397	1.230037	1.202930	1.306960
00:00:00.397	1.289377	1.284982	1.300366
00:00:00.398	1.351648	1.317949	1.298901
00:00:00.398	1.366300	1.344322	1.300366
00:00:00.399	1.369963	1.343590	1.287912
00:00:00.399	1.382418	1.337729	1.295238
00:00:00.399	1.357509	1.331868	1.295971
00:00:00.400	1.312088	1.326007	1.293773
00:00:00.400	1.287179	1.327473	1.304762
00:00:00.400	1.275458	1.367766	1.305495
00:00:00.401	1.260806	1.322344	1.300366
00:00:00.401	1.290110	1.326740	1.319414
00:00:00.401	1.287179	1.332601	1.315751
00:00:00.403	1.297436	1.296703	1.300366
00:00:00.403	1.329670	1.263736	1.308425
00:00:00.403	1.353846	1.252747	1.309890
00:00:00.403	1.334066	1.246154	1.298168
00:00:00.406	1.325275	1.264469	1.299634
00:00:00.406	1.323810	1.288645	1.301832
00:00:00.406	1.317216	1.295238	1.300366
00:00:00.406	1.305495	1.310623	1.297436
00:00:00.406	1.290842	1.301832	1.290110
00:00:00.406	1.285714	1.260806	1.290110
00:00:00.406	1.298901	1.269597	1.300366
00:00:00.406	1.236630	1.273993	1.303297
00:00:00.406	1.242491	1.268132	1.300366
00:00:00.406	1.317216	1.298168	1.306227
00:00:00.441	1.372894	1.299634	1.308425
00:00:00.441	1.420513	1.331868	1.316484
00:00:00.441	1.414652	1.380220	1.324542
00:00:00.441	1.360440	1.378022	1.309158
00:00:00.441	1.297436	1.361172	1.320147
00:00:00.441	1.251282	1.326007	1.312821
00:00:00.441	1.260073	1.301832	1.298901
00:00:00.441	1.298168	1.310623	1.303297
00:00:00.441	1.300366	1.320879	1.304029
00:00:00.442	1.249817	1.290842	1.289377
00:00:00.442	1.222711	1.282051	1.293773
00:00:00.442	1.286447	1.316484	1.296703
00:00:00.443	1.327473	1.332601	1.296703
00:00:00.443	1.378755	1.317216	1.305495
00:00:00.444	1.408059	1.335531	1.304029
00:00:00.444	1.364835	1.394139	1.324542
00:00:00.444	1.314286	1.343590	1.304762
00:00:00.445	1.285714	1.320147	1.304029
00:00:00.445	1.266667	1.271795	1.312088
00:00:00.445	1.268864	1.270330	1.309158
00:00:00.446	1.276923	1.331136	1.309890
00:00:00.446	1.280586	1.314286	1.307692
00:00:00.446	1.282051	1.263736	1.308425
00:00:00.447	1.304762	1.261538	1.305495
00:00:00.447	1.319414	1.340659	1.292308
00:00:00.447	1.347985	1.469597	1.306227
00:00:00.448	1.336996	1.396337	1.300366
00:00:00.448	1.358974	1.216117	1.273993
00:00:00.449	1.399267	1.150916	1.293040
00:00:00.449	1.387546	1.159707	1.285714
00:00:00.449	1.358974	1.234432	1.282051
00:00:00.450	1.287179	1.239560	1.292308
00:00:00.450	1.222711	1.180220	1.279853
00:00:00.450	1.200733	1.150183	1.280586
00:00:00.451	1.276923	1.295238	1.298168
00:00:00.451	1.254945	1.363370	1.309890
00:00:00.451	1.223443	1.347253	1.335531
00:00:00.452	1.223443	1.354579	1.345055
00:00:00.452	1.286447	1.405861	1.347253
00:00:00.452	1.383883	1.411722	1.319414
00:00:00.453	1.360440	1.389744	1.307692
00:00:00.453	1.358242	1.308425	1.300366
00:00:00.454	1.369963	1.308425	1.302564
00:00:00.454	1.393407	1.342125	1.300366
00:00:00.454	1.399267	1.353114	1.294505
00:00:00.455	1.323810	1.334066	1.293773
00:00:00.456	1.262271	1.291575	1.286447
00:00:00.456	1.224176	1.265201	1.293773
00:00:00.456	1.232967	1.220513	1.285714
00:00:00.456	1.271795	1.223443	1.297436
00:00:00.488	1.321612	1.248352	1.316484
00:00:00.489	1.297436	1.292308	1.297436
00:00:00.489	1.263736	1.476190	1.305495
00:00:00.489	1.247619	1.415385	1.316484
00:00:00.490	1.271062	1.273260	1.316484
00:00:00.490	1.290110	1.197802	1.306227
00:00:00.490	1.342857	1.227106	1.323810
00:00:00.491	1.356044	1.265934	1.308425
00:00:00.491	1.342857	1.243223	1.302564
00:00:00.491	1.323077	1.176557	1.293040
00:00:00.492	1.329670	1.218315	1.280586
00:00:00.492	1.340659	1.342857	1.292308
00:00:00.493	1.331136	1.369231	1.295238
00:00:00.493	1.315018	1.368498	1.290110
00:00:00.493	1.343590	1.359707	1.302564
00:00:00.494	1.310623	1.350183	1.304762
00:00:00.494	1.268864	1.344322	1.306960
00:00:00.494	1.284249	1.349451	1.308425
00:00:00.495	1.294505	1.320879	1.303297
00:00:00.495	1.299634	1.309890	1.312821
00:00:00.495	1.306227	1.314286	1.317949
00:00:00.497	1.294505	1.301099	1.304762
00:00:00.497	1.306227	1.314286	1.312088
00:00:00.497	1.311355	1.325275	1.307692
00:00:00.497	1.296703	1.316484	1.295238
00:00:00.497	1.315018	1.345055	1.306960
00:00:00.499	1.311355	1.378755	1.298901
00:00:00.499	1.318681	1.368498	1.298901
00:00:00.499	1.317216	1.331868	1.300366
00:00:00.500	1.327473	1.273260	1.293040
00:00:00.500	1.334066	1.221978	1.300366
00:00:00.500	1.310623	1.194872	1.287179
00:00:00.500	1.291575	1.200733	1.295238
00:00:00.500	1.322344	1.209524	1.300366
00:00:00.500	1.320147	1.242491	1.305495
00:00:00.502	1.320879	1.304029	1.312821
00:00:00.502	1.304762	1.326007	1.314286
00:00:00.502	1.291575	1.314286	1.311355
00:00:00.502	1.279121	1.304029	1.314286
00:00:00.502	1.290842	1.373626	1.304762
00:00:00.505	1.265934	1.394872	1.298901
00:00:00.505	1.310623	1.405128	1.304762
00:00:00.505	1.340659	1.328205	1.299634
00:00:00.505	1.350183	1.268132	1.303297
00:00:00.505	1.351648	1.263004	1.297436
00:00:00.505	1.334799	1.253480	1.288645
00:00:00.505	1.328205	1.271795	1.296703
00:00:00.505	1.338462	1.322344	1.298901
00:00:00.505	1.270330	1.310623	1.288645
00:00:00.506	1.267399	1.300366	1.296703
00:00:00.538	1.271062	1.322344	1.306227
00:00:00.538	1.230037	1.331868	1.306227
00:00:00.539	1.261538	1.370696	1.315751
00:00:00.540	1.276923	1.341392	1.310623
00:00:00.540	1.300366	1.284982	1.309890
00:00:00.540	1.314286	1.298168	1.312821
00:00:00.540	1.320147	1.271795	1.297436
00:00:00.540	1.353846	1.367766	1.309890
00:00:00.541	1.339194	1.315018	1.304029
00:00:00.541	1.305495	1.234432	1.293040
00:00:00.542	1.312088	1.244689	1.304762
00:00:00.542	1.300366	1.296703	1.297436
00:00:00.542	1.309890	1.328938	1.292308
00:00:00.543	1.330403	1.309890	1.307692
00:00:00.543	1.323810	1.277656	1.292308
00:00:00.543	1.293040	1.295971	1.294505
00:00:00.544	1.305495	1.302564	1.311355
00:00:00.544	1.304762	1.271062	1.309890
00:00:00.544	1.309158	1.262271	1.304762
00:00:00.545	1.309158	1.252015	1.315751
00:00:00.545	1.298168	1.282051	1.300366
00:00:00.545	1.291575	1.321612	1.308425
00:00:00.546	1.300366	1.337729	1.310623
00:00:00.546	1.314286	1.325275	1.300366
00:00:00.547	1.337729	1.336996	1.310623
00:00:00.547	1.330403	1.336264	1.299634
00:00:00.547	1.322344	1.343590	1.292308
00:00:00.548	1.323810	1.400000	1.300366
00:00:00.548	1.339927	1.403663	1.296703
00:00:00.548	1.344322	1.362637	1.293773
00:00:00.549	1.345055	1.312821	1.305495
00:00:00.549	1.312088	1.271062	1.294505
00:00:00.549	1.311355	1.336264	1.317216
00:00:00.550	1.315018	1.326007	1.308425
00:00:00.550	1.326740	1.261538	1.306227
00:00:00.550	1.290842	1.221978	1.313553
00:00:00.551	1.235165	1.232234	1.295238
00:00:00.551	1.243223	1.224176	1.290842
00:00:00.552	1.270330	1.170696	1.304029
00:00:00.552	1.252747	1.115018	1.297436
00:00:00.552	1.276190	1.205128	1.299634
00:00:00.553	1.303297	1.296703	1.305495
00:00:00.553	1.295238	1.345788	1.300366
00:00:00.553	1.311355	1.366300	1.304029
00:00:00.554	1.318681	1.400000	1.295971
00:00:00.554	1.323077	1.396337	1.296703
00:00:00.554	1.316484	1.346520	1.287912
00:00:00.555	1.311355	1.336996	1.297436
00:00:00.555	1.309158	1.312088	1.298901
00:00:00.555	1.324542	1.298168	1.302564
00:00:00.588	1.307692	1.301099	1.304029
00:00:00.588	1.291575	1.303297	1.298901
00:00:00.588	1.296703	1.295238	1.304762
00:00:00.589	1.323077	1.325275	1.318681
00:00:00.589	1.322344	1.282784	1.318681
00:00:00.589	1.320879	1.275458	1.309158
00:00:00.590	1.336996	1.287912	1.308425
00:00:00.590	1.382418	1.319414	1.309890
00:00:00.592	1.317216	1.331136	1.312821
00:00:00.592	1.306227	1.326740	1.306960
00:00:00.592	1.304762	1.317216	1.298168
00:00:00.592	1.296703	1.315018	1.295971
00:00:00.592	1.285714	1.324542	1.299634
00:00:00.592	1.320147	1.325275	1.299634
00:00:00.593	1.355311	1.315751	1.289377
00:00:00.593	1.351648	1.344322	1.306960
00:00:00.593	1.339194	1.350183	1.309158
00:00:00.594	1.290110	1.330403	1.299634
00:00:00.594	1.275458	1.319414	1.312821
00:00:00.594	1.276190	1.285714	1.310623
00:00:00.596	1.241026	1.267399	1.302564
00:00:00.596	1.262271	1.306227	1.309158
00:00:00.599	1.305495	1.314286	1.315751
00:00:00.599	1.288645	1.312088	1.309158
00:00:00.599	1.302564	1.260073	1.297436
00:00:00.599	1.329670	1.230037	1.299634
00:00:00.599	1.334799	1.238828	1.298168
00:00:00.599	1.279121	1.250549	1.298901
00:00:00.599	1.301099	1.279853	1.298168
00:00:00.599	1.372894	1.290110	1.296703
00:00:00.599	1.422711	1.299634	1.301832
00:00:00.599	1.433700	1.353846	1.301099
00:00:00.599	1.383150	1.368498	1.299634
00:00:00.599	1.282784	1.345788	1.306227
00:00:00.602	1.226374	1.339194	1.315018
00:00:00.602	1.208059	1.305495	1.302564
00:00:00.602	1.236630	1.260073	1.310623
00:00:00.602	1.254945	1.280586	1.312088
00:00:00.602	1.263004	1.297436	1.310623
00:00:00.602	1.275458	1.271795	1.298901
00:00:00.602	1.311355	1.298901	1.309890
00:00:00.602	1.334066	1.329670	1.312088
00:00:00.603	1.325275	1.309890	1.304029
00:00:00.603	1.326740	1.284249	1.297436
00:00:00.603	1.329670	1.306960	1.281319
00:00:00.604	1.336264	1.348718	1.293773
00:00:00.604	1.309890	1.342125	1.289377
00:00:00.604	1.317949	1.406593	1.306960
00:00:00.605	1.339927	1.391941	1.300366
00:00:00.605	1.334066	1.333333	1.312088
00:00:00.637	1.336264	1.277656	1.314286
00:00:00.638	1.349451	1.252747	1.307692
00:00:00.638	1.360440	1.263004	1.316484
00:00:00.638	1.317949	1.312088	1.323077
00:00:00.639	1.284249	1.283516	1.306960
00:00:00.639	1.249084	1.289377	1.312821
00:00:00.640	1.236630	1.257875	1.296703
00:00:00.640	1.259341	1.260806	1.308425
00:00:00.640	1.285714	1.249817	1.302564
00:00:00.641	1.282784	1.230037	1.287912
00:00:00.641	1.298901	1.251282	1.288645
00:00:00.641	1.298168	1.306960	1.283516
00:00:00.642	1.334799	1.339194	1.295238
00:00:00.642	1.340659	1.334066	1.300366
00:00:00.642	1.341392	1.347253	1.300366
00:00:00.643	1.308425	1.328938	1.305495
00:00:00.643	1.300366	1.314286	1.308425
00:00:00.644	1.292308	1.317216	1.309890
00:00:00.644	1.306227	1.307692	1.315018
00:00:00.644	1.331868	1.300366	1.309890
00:00:00.645	1.346520	1.343590	1.313553
00:00:00.645	1.290110	1.347253	1.306960
00:00:00.645	1.307692	1.334066	1.313553
00:00:00.646	1.317216	1.303297	1.315751
00:00:00.646	1.342857	1.299634	1.309158
