timestamp	ch1	ch2	ch3
00:00:00.000	1.307692	1.292308	1.305495
00:00:00.000	1.309158	1.295971	1.308425
00:00:00.000	1.295971	1.306960	1.303297
00:00:00.004	1.325275	1.327473	1.312821
00:00:00.004	1.317949	1.312821	1.309158
00:00:00.004	1.312821	1.303297	1.304762
00:00:00.004	1.315018	1.318681	1.306960
00:00:00.035	1.315751	1.312821	1.304762
00:00:00.035	1.309158	1.307692	1.304029
00:00:00.036	1.306960	1.312821	1.309890
00:00:00.036	1.306960	1.304762	1.308425
00:00:00.036	1.311355	1.312821	1.304762
00:00:00.036	1.306960	1.324542	1.312088
00:00:00.036	1.301099	1.331136	1.300366
00:00:00.036	1.309158	1.337729	1.309158
00:00:00.037	1.324542	1.361172	1.308425
00:00:00.039	1.315751	1.349451	1.309158
00:00:00.039	1.315018	1.291575	1.315751
00:00:00.039	1.313553	1.226374	1.305495
00:00:00.039	1.301832	1.202930	1.305495
00:00:00.039	1.321612	1.233700	1.311355
00:00:00.039	1.308425	1.283516	1.301832
00:00:00.039	1.300366	1.328205	1.299634
00:00:00.040	1.317216	1.359707	1.303297
00:00:00.040	1.307692	1.313553	1.288645
00:00:00.040	1.312088	1.308425	1.300366
00:00:00.041	1.310623	1.310623	1.300366
00:00:00.041	1.306227	1.309158	1.301832
00:00:00.041	1.310623	1.310623	1.304029
00:00:00.042	1.307692	1.307692	1.300366
00:00:00.042	1.297436	1.295238	1.300366
00:00:00.043	1.300366	1.308425	1.298901
00:00:00.043	1.315018	1.323810	1.304029
00:00:00.043	1.316484	1.325275	1.306960
00:00:00.044	1.323810	1.317216	1.306960
00:00:00.044	1.320147	1.304762	1.302564
00:00:00.044	1.324542	1.303297	1.308425
00:00:00.045	1.322344	1.305495	1.308425
00:00:00.045	1.308425	1.304029	1.308425
00:00:00.045	1.312088	1.311355	1.313553
00:00:00.046	1.300366	1.302564	1.302564
00:00:00.046	1.329670	1.295971	1.301832
00:00:00.046	1.326740	1.301099	1.303297
00:00:00.047	1.311355	1.302564	1.297436
00:00:00.047	1.308425	1.312088	1.305495
00:00:00.048	1.304029	1.302564	1.298901
00:00:00.048	1.309890	1.313553	1.300366
00:00:00.048	1.304762	1.319414	1.309158
00:00:00.049	1.294505	1.312088	1.306227
00:00:00.049	1.298901	1.303297	1.304762
00:00:00.049	1.299634	1.313553	1.308425
00:00:00.050	1.306960	1.318681	1.304762
00:00:00.050	1.306960	1.317216	1.304029
00:00:00.050	1.302564	1.314286	1.307692
00:00:00.051	1.309890	1.304762	1.309890
00:00:00.051	1.320147	1.298168	1.308425
00:00:00.051	1.319414	1.305495	1.304029
00:00:00.084	1.317216	1.297436	1.294505
00:00:00.084	1.309158	1.300366	1.297436
00:00:00.084	1.306227	1.287179	1.300366
00:00:00.085	1.304762	1.276190	1.304762
00:00:00.085	1.292308	1.275458	1.296703
00:00:00.085	1.323810	1.287912	1.310623
00:00:00.086	1.326740	1.284249	1.309158
00:00:00.086	1.304029	1.290842	1.293040
00:00:00.087	1.315751	1.339927	1.311355
00:00:00.087	1.313553	1.353114	1.304029
00:00:00.087	1.303297	1.320147	1.303297
00:00:00.088	1.293040	1.299634	1.298168
00:00:00.088	1.300366	1.295971	1.289377
00:00:00.088	1.309158	1.309890	1.302564
00:00:00.089	1.306227	1.311355	1.310623
00:00:00.089	1.299634	1.323077	1.303297
00:00:00.090	1.322344	1.315751	1.308425
00:00:00.090	1.315751	1.295238	1.298168
00:00:00.090	1.314286	1.304762	1.311355
00:00:00.090	1.306960	1.306227	1.306960
00:00:00.091	1.301832	1.299634	1.295971
00:00:00.091	1.314286	1.293773	1.306960
00:00:00.092	1.312088	1.295971	1.311355
00:00:00.092	1.319414	1.296703	1.305495
00:00:00.092	1.308425	1.301099	1.304762
00:00:00.093	1.295971	1.324542	1.310623
00:00:00.093	1.303297	1.301832	1.290842
00:00:00.093	1.323077	1.310623	1.308425
00:00:00.094	1.306960	1.308425	1.304029
00:00:00.094	1.317216	1.305495	1.309158
00:00:00.094	1.331868	1.301832	1.308425
00:00:00.095	1.324542	1.293773	1.294505
00:00:00.095	1.331868	1.305495	1.307692
00:00:00.095	1.328938	1.312088	1.308425
00:00:00.098	1.316484	1.320879	1.309158
00:00:00.098	1.310623	1.323810	1.298901
00:00:00.098	1.308425	1.324542	1.302564
00:00:00.098	1.316484	1.313553	1.306960
00:00:00.098	1.306227	1.297436	1.302564
00:00:00.098	1.310623	1.300366	1.307692
00:00:00.098	1.304762	1.304029	1.312821
00:00:00.098	1.298901	1.293040	1.304029
00:00:00.100	1.288645	1.298168	1.306960
00:00:00.100	1.298168	1.317216	1.306227
00:00:00.100	1.297436	1.331868	1.306227
00:00:00.100	1.301099	1.344322	1.308425
00:00:00.100	1.304762	1.330403	1.299634
00:00:00.100	1.295971	1.304762	1.298901
00:00:00.103	1.316484	1.309158	1.309158
00:00:00.103	1.306227	1.300366	1.296703
00:00:00.135	1.331868	1.309158	1.314286
00:00:00.135	1.339927	1.310623	1.312821
00:00:00.135	1.335531	1.303297	1.302564
00:00:00.135	1.314286	1.290110	1.295971
00:00:00.135	1.316484	1.304029	1.302564
00:00:00.135	1.296703	1.303297	1.308425
00:00:00.136	1.312088	1.304029	1.306227
00:00:00.136	1.305495	1.300366	1.300366
00:00:00.136	1.301832	1.294505	1.303297
00:00:00.137	1.305495	1.301099	1.306960
00:00:00.137	1.307692	1.317216	1.317216
00:00:00.137	1.305495	1.306960	1.301832
00:00:00.138	1.310623	1.296703	1.304762
00:00:00.138	1.311355	1.295238	1.306960
00:00:00.138	1.315018	1.303297	1.310623
00:00:00.139	1.317949	1.333333	1.301832
00:00:00.139	1.315751	1.323810	1.306960
00:00:00.139	1.309158	1.287179	1.303297
00:00:00.140	1.309158	1.253480	1.302564
00:00:00.140	1.312088	1.270330	1.300366
00:00:00.141	1.309158	1.274725	1.304029
00:00:00.141	1.315018	1.302564	1.302564
00:00:00.142	1.311355	1.353846	1.300366
00:00:00.142	1.304762	1.341392	1.299634
00:00:00.142	1.288645	1.291575	1.299634
00:00:00.142	1.303297	1.299634	1.309158
00:00:00.143	1.317949	1.299634	1.298901
00:00:00.143	1.303297	1.313553	1.304029
00:00:00.143	1.311355	1.315751	1.309890
00:00:00.144	1.305495	1.318681	1.293773
00:00:00.144	1.309890	1.344322	1.310623
00:00:00.144	1.312088	1.306227	1.302564
00:00:00.145	1.320879	1.281319	1.307692
00:00:00.145	1.318681	1.267399	1.297436
00:00:00.146	1.314286	1.261538	1.305495
00:00:00.146	1.320879	1.284982	1.305495
00:00:00.146	1.316484	1.317949	1.309158
00:00:00.147	1.315018	1.360440	1.318681
00:00:00.147	1.311355	1.415385	1.311355
00:00:00.147	1.311355	1.400733	1.300366
00:00:00.148	1.312821	1.355311	1.312088
00:00:00.148	1.310623	1.290842	1.307692
00:00:00.148	1.298168	1.279853	1.300366
00:00:00.149	1.316484	1.246154	1.304029
00:00:00.149	1.315751	1.194872	1.297436
00:00:00.149	1.309890	1.180220	1.296703
00:00:00.150	1.315018	1.241026	1.302564
00:00:00.150	1.307692	1.290842	1.291575
00:00:00.151	1.315751	1.323810	1.310623
00:00:00.151	1.313553	1.326740	1.309158
00:00:00.183	1.295971	1.326740	1.308425
00:00:00.183	1.306960	1.345055	1.307692
00:00:00.184	1.308425	1.339927	1.300366
00:00:00.184	1.320879	1.328205	1.300366
00:00:00.185	1.313553	1.315018	1.306227
00:00:00.185	1.293773	1.302564	1.302564
00:00:00.185	1.306960	1.300366	1.305495
00:00:00.186	1.311355	1.305495	1.309158
00:00:00.186	1.309158	1.313553	1.309890
00:00:00.186	1.310623	1.327473	1.306227
00:00:00.187	1.298901	1.311355	1.300366
00:00:00.187	1.301832	1.298901	1.297436
00:00:00.187	1.315018	1.311355	1.311355
00:00:00.188	1.303297	1.298901	1.299634
00:00:00.188	1.301832	1.295971	1.295238
00:00:00.188	1.314286	1.309158	1.300366
00:00:00.190	1.309158	1.309158	1.296703
00:00:00.190	1.312088	1.339194	1.312821
00:00:00.190	1.309158	1.343590	1.304762
00:00:00.190	1.323077	1.330403	1.306227
00:00:00.190	1.318681	1.320879	1.306960
00:00:00.191	1.309158	1.299634	1.304029
00:00:00.191	1.296703	1.306227	1.295238
00:00:00.191	1.300366	1.324542	1.293773
00:00:00.192	1.326007	1.303297	1.301832
00:00:00.192	1.324542	1.301099	1.300366
00:00:00.192	1.306227	1.293773	1.300366
00:00:00.193	1.315018	1.296703	1.308425
00:00:00.193	1.300366	1.287179	1.309158
00:00:00.196	1.301832	1.309158	1.306227
00:00:00.196	1.317216	1.343590	1.312821
00:00:00.196	1.315751	1.356044	1.304029
00:00:00.196	1.321612	1.342857	1.312821
00:00:00.197	1.313553	1.298901	1.293773
00:00:00.197	1.313553	1.298168	1.306227
00:00:00.197	1.315018	1.283516	1.309158
00:00:00.197	1.315751	1.246886	1.304762
00:00:00.197	1.305495	1.169963	1.300366
00:00:00.197	1.305495	1.195604	1.300366
00:00:00.197	1.308425	1.290110	1.297436
00:00:00.197	1.306227	1.339927	1.309158
00:00:00.200	1.309890	1.342857	1.306960
00:00:00.200	1.307692	1.339927	1.300366
00:00:00.200	1.312088	1.328205	1.306227
00:00:00.200	1.315018	1.317949	1.304762
00:00:00.200	1.313553	1.317949	1.309158
00:00:00.200	1.315751	1.325275	1.300366
00:00:00.200	1.298168	1.312088	1.293773
00:00:00.200	1.311355	1.309890	1.306227
00:00:00.202	1.313553	1.304029	1.300366
00:00:00.233	1.306227	1.306960	1.305495
00:00:00.233	1.309890	1.304029	1.303297
00:00:00.234	1.312821	1.301832	1.304029
00:00:00.234	1.313553	1.301832	1.304762
00:00:00.234	1.315751	1.315018	1.300366
00:00:00.235	1.311355	1.320879	1.314286
00:00:00.235	1.315018	1.321612	1.306960
00:00:00.235	1.311355	1.307692	1.300366
00:00:00.236	1.308425	1.315751	1.310623
00:00:00.236	1.305495	1.318681	1.304762
00:00:00.236	1.295238	1.323810	1.300366
00:00:00.237	1.292308	1.312821	1.291575
00:00:00.237	1.309158	1.312821	1.297436
00:00:00.237	1.326007	1.333333	1.298901
00:00:00.238	1.323810	1.334066	1.304029
00:00:00.238	1.312088	1.308425	1.298901
00:00:00.239	1.310623	1.315018	1.288645
00:00:00.239	1.317216	1.298901	1.296703
00:00:00.239	1.315018	1.286447	1.306960
00:00:00.240	1.312088	1.268132	1.306960
00:00:00.240	1.301099	1.261538	1.304029
00:00:00.240	1.316484	1.273260	1.312821
00:00:00.241	1.310623	1.274725	1.311355
00:00:00.241	1.307692	1.286447	1.306227
00:00:00.241	1.305495	1.292308	1.296703
00:00:00.242	1.307692	1.317216	1.300366
00:00:00.242	1.305495	1.323077	1.305495
00:00:00.242	1.315751	1.309890	1.304762
00:00:00.243	1.299634	1.301832	1.300366
00:00:00.243	1.308425	1.313553	1.303297
00:00:00.244	1.316484	1.318681	1.309158
00:00:00.244	1.317216	1.315018	1.301832
00:00:00.244	1.309158	1.313553	1.305495
00:00:00.245	1.312821	1.301832	1.296703
00:00:00.245	1.318681	1.309158	1.302564
00:00:00.245	1.315751	1.317949	1.310623
00:00:00.247	1.317949	1.312088	1.300366
00:00:00.247	1.310623	1.304762	1.306960
00:00:00.247	1.312821	1.304029	1.306227
00:00:00.247	1.312088	1.314286	1.299634
00:00:00.247	1.295971	1.306960	1.296703
00:00:00.248	1.295971	1.309158	1.298901
00:00:00.248	1.297436	1.307692	1.296703
00:00:00.248	1.304762	1.314286	1.306227
00:00:00.249	1.300366	1.302564	1.306227
00:00:00.249	1.301832	1.289377	1.295238
00:00:00.249	1.316484	1.299634	1.309158
00:00:00.250	1.317949	1.303297	1.306960
00:00:00.250	1.317949	1.310623	1.305495
00:00:00.250	1.323810	1.315018	1.306227
00:00:00.283	1.334799	1.334066	1.310623
00:00:00.283	1.309158	1.337729	1.305495
00:00:00.283	1.300366	1.317949	1.296703
00:00:00.284	1.306227	1.276190	1.297436
00:00:00.284	1.311355	1.260073	1.303297
00:00:00.284	1.301832	1.277656	1.305495
00:00:00.285	1.308425	1.299634	1.308425
00:00:00.285	1.303297	1.316484	1.299634
00:00:00.285	1.313553	1.336264	1.308425
00:00:00.286	1.306960	1.334066	1.311355
00:00:00.286	1.316484	1.302564	1.312088
00:00:00.286	1.318681	1.303297	1.314286
00:00:00.287	1.312821	1.287179	1.308425
00:00:00.287	1.306227	1.301099	1.308425
00:00:00.288	1.318681	1.304762	1.305495
00:00:00.288	1.317216	1.306227	1.308425
00:00:00.288	1.316484	1.305495	1.305495
00:00:00.289	1.310623	1.296703	1.300366
00:00:00.289	1.307692	1.306960	1.308425
00:00:00.289	1.320147	1.293773	1.304029
00:00:00.291	1.329670	1.306960	1.308425
00:00:00.291	1.303297	1.326740	1.300366
00:00:00.291	1.296703	1.323810	1.295238
00:00:00.291	1.309890	1.339927	1.312821
00:00:00.291	1.312088	1.323810	1.303297
00:00:00.293	1.319414	1.324542	1.308425
00:00:00.293	1.312088	1.314286	1.309890
00:00:00.293	1.298168	1.290110	1.297436
00:00:00.293	1.303297	1.297436	1.312821
00:00:00.293	1.326007	1.282784	1.310623
00:00:00.293	1.323077	1.282784	1.312821
00:00:00.296	1.313553	1.287179	1.308425
00:00:00.296	1.314286	1.293773	1.303297
00:00:00.296	1.305495	1.298168	1.307692
00:00:00.296	1.309890	1.295971	1.309158
00:00:00.296	1.306227	1.307692	1.309158
00:00:00.296	1.330403	1.309890	1.310623
00:00:00.296	1.315751	1.323077	1.300366
00:00:00.296	1.307692	1.342125	1.306960
00:00:00.297	1.306960	1.327473	1.306227
00:00:00.297	1.311355	1.346520	1.308425
00:00:00.297	1.312088	1.349451	1.309158
00:00:00.298	1.305495	1.339194	1.303297
00:00:00.299	1.306960	1.325275	1.306227
00:00:00.299	1.306227	1.296703	1.307692
00:00:00.299	1.315018	1.285714	1.306227
00:00:00.299	1.313553	1.271795	1.298901
00:00:00.299	1.313553	1.257875	1.299634
00:00:00.300	1.309158	1.261538	1.296703
00:00:00.300	1.310623	1.289377	1.298901
00:00:00.332	1.312821	1.339927	1.301832
00:00:00.333	1.317216	1.394139	1.306227
00:00:00.333	1.315018	1.370696	1.304762
00:00:00.333	1.313553	1.317949	1.304762
00:00:00.334	1.314286	1.276190	1.307692
00:00:00.334	1.311355	1.255678	1.300366
00:00:00.334	1.301099	1.238095	1.300366
00:00:00.335	1.298901	1.218315	1.297436
00:00:00.335	1.308425	1.237363	1.300366
00:00:00.336	1.307692	1.265934	1.304762
00:00:00.336	1.316484	1.322344	1.300366
00:00:00.336	1.312088	1.328205	1.298168
00:00:00.337	1.319414	1.334066	1.309890
00:00:00.337	1.305495	1.318681	1.298168
00:00:00.337	1.323077	1.330403	1.306960
00:00:00.338	1.323077	1.317216	1.306960
00:00:00.338	1.319414	1.312821	1.302564
00:00:00.338	1.308425	1.302564	1.305495
00:00:00.339	1.299634	1.306960	1.293040
00:00:00.339	1.314286	1.315751	1.304762
00:00:00.339	1.309158	1.320147	1.309158
00:00:00.340	1.288645	1.320147	1.302564
00:00:00.340	1.298901	1.337729	1.307692
00:00:00.341	1.290842	1.329670	1.300366
00:00:00.341	1.290110	1.328205	1.300366
00:00:00.341	1.293040	1.328938	1.304029
00:00:00.342	1.304029	1.324542	1.307692
00:00:00.342	1.312088	1.316484	1.311355
00:00:00.342	1.308425	1.298168	1.300366
00:00:00.343	1.326007	1.300366	1.309890
00:00:00.343	1.322344	1.268864	1.297436
00:00:00.343	1.312088	1.254945	1.298901
00:00:00.344	1.328938	1.325275	1.309890
00:00:00.344	1.322344	1.361905	1.300366
00:00:00.344	1.321612	1.364835	1.311355
00:00:00.345	1.318681	1.328938	1.305495
00:00:00.345	1.309158	1.291575	1.303297
00:00:00.346	1.313553	1.281319	1.304762
00:00:00.346	1.312088	1.294505	1.311355
00:00:00.346	1.312088	1.309158	1.306227
00:00:00.347	1.317949	1.334066	1.309158
00:00:00.347	1.326740	1.356777	1.309158
00:00:00.347	1.318681	1.345055	1.312821
00:00:00.348	1.309890	1.364835	1.308425
00:00:00.348	1.297436	1.341392	1.297436
00:00:00.348	1.304029	1.309890	1.299634
00:00:00.349	1.315751	1.258608	1.312821
00:00:00.349	1.323810	1.218315	1.306227
00:00:00.349	1.321612	1.249817	1.309890
00:00:00.350	1.308425	1.275458	1.309158
00:00:00.383	1.321612	1.300366	1.308425
00:00:00.384	1.329670	1.317949	1.298168
00:00:00.384	1.339194	1.317949	1.306960
00:00:00.384	1.332601	1.326740	1.303297
00:00:00.384	1.319414	1.323077	1.298901
00:00:00.384	1.314286	1.271062	1.302564
00:00:00.384	1.297436	1.208791	1.298168
00:00:00.386	1.287912	1.223443	1.293773
00:00:00.386	1.282784	1.280586	1.295238
00:00:00.386	1.271795	1.290842	1.298901
00:00:00.386	1.274725	1.330403	1.290842
00:00:00.386	1.287912	1.471795	1.313553
00:00:00.389	1.298901	1.547253	1.327473
00:00:00.389	1.322344	1.468864	1.318681
00:00:00.389	1.331136	1.346520	1.315751
00:00:00.389	1.334066	1.221245	1.317216
00:00:00.389	1.336996	1.147985	1.314286
00:00:00.389	1.320879	1.169231	1.304029
00:00:00.389	1.320879	1.372161	1.306960
00:00:00.389	1.309158	1.340659	1.287179
00:00:00.389	1.299634	1.213187	1.287912
00:00:00.392	1.315751	1.142125	1.294505
00:00:00.392	1.297436	1.093773	1.288645
00:00:00.392	1.294505	1.160440	1.312088
00:00:00.392	1.305495	1.235165	1.308425
00:00:00.392	1.314286	1.268864	1.295238
00:00:00.392	1.322344	1.644689	1.313553
00:00:00.392	1.337729	1.789744	1.325275
00:00:00.392	1.328938	1.678388	1.330403
00:00:00.392	1.331136	1.503297	1.327473
00:00:00.393	1.334799	1.257875	1.308425
00:00:00.393	1.339927	1.051282	1.306227
00:00:00.393	1.313553	0.969963	1.305495
00:00:00.394	1.297436	0.969963	1.294505
00:00:00.394	1.271062	1.046886	1.287179
00:00:00.395	1.285714	1.138462	1.295238
00:00:00.395	1.290110	1.276923	1.299634
00:00:00.395	1.289377	1.350916	1.301832
00:00:00.396	1.309158	1.363370	1.309890
00:00:00.396	1.335531	1.241026	1.313553
00:00:00.396	1.338462	1.353114	1.293773
00:00:00.397	1.354579	1.569963	1.312088
00:00:00.397	1.347253	1.763370	1.323810
00:00:00.397	1.343590	1.789744	1.328938
00:00:00.398	1.340659	1.586813	1.328938
00:00:00.398	1.338462	1.377289	1.331868
00:00:00.398	1.321612	1.306227	1.326007
00:00:00.399	1.307692	1.280586	1.319414
00:00:00.399	1.287912	1.229304	1.304762
00:00:00.400	1.247619	1.102564	1.283516
00:00:00.432	1.216117	1.154579	1.279853
00:00:00.432	1.243956	1.205861	1.294505
00:00:00.432	1.268132	1.011722	1.290842
00:00:00.433	1.271795	0.837363	1.285714
00:00:00.433	1.278388	0.887179	1.284982
00:00:00.434	1.315751	1.373626	1.306960
00:00:00.434	1.332601	1.588278	1.309158
00:00:00.435	1.337729	1.439560	1.286447
00:00:00.435	1.331136	1.362637	1.300366
00:00:00.435	1.306227	1.329670	1.308425
00:00:00.435	1.312088	1.172161	1.315751
00:00:00.436	1.320879	1.056410	1.309158
00:00:00.436	1.316484	1.042491	1.300366
00:00:00.436	1.333333	1.177289	1.304029
00:00:00.437	1.336996	1.449817	1.317216
00:00:00.437	1.336264	1.491575	1.317949
00:00:00.437	1.344322	1.515018	1.336264
00:00:00.438	1.341392	1.490842	1.328938
00:00:00.438	1.313553	1.465934	1.315751
00:00:00.439	1.287179	1.425641	1.298168
00:00:00.439	1.292308	1.345788	1.298168
00:00:00.439	1.301832	1.308425	1.293773
00:00:00.440	1.302564	1.296703	1.297436
00:00:00.440	1.317216	1.327473	1.299634
00:00:00.440	1.316484	1.202930	1.304762
00:00:00.441	1.326740	1.103297	1.300366
00:00:00.441	1.322344	1.248352	1.312088
00:00:00.441	1.321612	1.376557	1.317216
00:00:00.442	1.319414	1.424908	1.321612
00:00:00.442	1.314286	1.449084	1.301832
00:00:00.442	1.311355	1.509890	1.311355
00:00:00.443	1.300366	1.487179	1.299634
00:00:00.443	1.312088	1.460806	1.297436
00:00:00.444	1.308425	1.410256	1.283516
00:00:00.444	1.322344	1.362637	1.304762
00:00:00.444	1.321612	1.260073	1.299634
00:00:00.445	1.325275	1.223443	1.318681
00:00:00.445	1.317949	1.315018	1.312821
00:00:00.445	1.314286	1.317216	1.317949
00:00:00.446	1.304029	1.360440	1.312088
00:00:00.446	1.291575	1.344322	1.304029
00:00:00.446	1.291575	1.237363	1.295971
00:00:00.447	1.320879	1.147985	1.303297
00:00:00.447	1.339927	1.039560	1.312088
00:00:00.447	1.314286	1.037363	1.291575
00:00:00.448	1.302564	1.023443	1.300366
00:00:00.448	1.287912	1.112088	1.299634
00:00:00.452	1.279121	1.224908	1.304762
00:00:00.452	1.304762	1.306227	1.312088
00:00:00.452	1.301099	1.387546	1.306960
00:00:00.482	1.301832	1.456410	1.304762
00:00:00.485	1.314286	1.515018	1.319414
00:00:00.485	1.306960	1.498901	1.311355
00:00:00.485	1.320879	1.452015	1.307692
00:00:00.485	1.323810	1.403663	1.323810
00:00:00.485	1.329670	1.308425	1.306960
00:00:00.485	1.323810	1.256410	1.301832
00:00:00.485	1.323810	1.257143	1.299634
00:00:00.485	1.309158	1.244689	1.306227
00:00:00.485	1.290110	1.265934	1.295238
00:00:00.485	1.285714	1.324542	1.291575
00:00:00.485	1.295238	1.328938	1.298901
00:00:00.488	1.299634	1.320147	1.304029
00:00:00.488	1.321612	1.339927	1.312088
00:00:00.488	1.317216	1.314286	1.294505
00:00:00.488	1.306227	1.339927	1.298168
00:00:00.488	1.308425	1.405128	1.307692
00:00:00.488	1.298168	1.411722	1.300366
00:00:00.488	1.324542	1.427839	1.315751
00:00:00.488	1.312821	1.374359	1.310623
00:00:00.489	1.314286	1.323810	1.304029
00:00:00.489	1.326740	1.345788	1.304762
00:00:00.489	1.324542	1.265201	1.306960
00:00:00.490	1.302564	1.248352	1.295238
00:00:00.490	1.298168	1.142857	1.302564
00:00:00.490	1.304762	1.131136	1.306960
00:00:00.491	1.312821	1.167033	1.315018
00:00:00.491	1.313553	1.242491	1.305495
00:00:00.491	1.304029	1.274725	1.295238
00:00:00.492	1.306960	1.301832	1.296703
00:00:00.492	1.309890	1.323810	1.293040
00:00:00.493	1.322344	1.323077	1.297436
00:00:00.493	1.326740	1.298901	1.296703
00:00:00.493	1.323810	1.330403	1.299634
00:00:00.494	1.316484	1.427106	1.309158
00:00:00.494	1.310623	1.427839	1.306960
00:00:00.494	1.312821	1.347985	1.312088
00:00:00.495	1.313553	1.282051	1.316484
00:00:00.495	1.297436	1.259341	1.304029
00:00:00.495	1.293773	1.259341	1.302564
00:00:00.496	1.312088	1.252015	1.304029
00:00:00.496	1.303297	1.320147	1.304029
00:00:00.496	1.311355	1.436630	1.300366
00:00:00.497	1.301832	1.452747	1.297436
00:00:00.497	1.306227	1.506227	1.330403
00:00:00.498	1.309158	1.679121	1.328938
00:00:00.498	1.319414	1.579487	1.336264
00:00:00.498	1.323810	1.300366	1.318681
00:00:00.499	1.317949	1.071062	1.305495
00:00:00.499	1.319414	0.892308	1.295238
00:00:00.531	1.316484	0.922344	1.292308
00:00:00.532	1.305495	1.067399	1.259341
00:00:00.532	1.297436	1.265934	1.281319
00:00:00.532	1.328205	1.356777	1.315018
00:00:00.533	1.310623	1.298168	1.325275
00:00:00.533	1.294505	1.238095	1.317216
00:00:00.533	1.325275	1.353846	1.325275
00:00:00.534	1.305495	1.338462	1.302564
00:00:00.534	1.309890	1.317949	1.304029
00:00:00.534	1.314286	1.288645	1.293773
00:00:00.535	1.305495	1.224908	1.297436
00:00:00.535	1.306227	1.242491	1.309158
00:00:00.535	1.290110	1.248352	1.294505
00:00:00.536	1.304762	1.301832	1.306227
00:00:00.536	1.299634	1.406593	1.303297
00:00:00.537	1.299634	1.410256	1.303297
00:00:00.537	1.303297	1.419780	1.309890
00:00:00.537	1.312088	1.449084	1.316484
00:00:00.538	1.320879	1.449817	1.312088
00:00:00.538	1.320879	1.403663	1.305495
00:00:00.538	1.336264	1.356777	1.307692
00:00:00.539	1.336996	1.322344	1.314286
00:00:00.539	1.320879	1.246154	1.304029
00:00:00.539	1.314286	1.259341	1.259341
00:00:00.540	1.306227	1.281319	1.273993
00:00:00.540	1.315018	1.315751	1.279853
00:00:00.540	1.296703	1.297436	1.293040
00:00:00.541	1.295238	1.216850	1.293773
00:00:00.541	1.282784	1.177289	1.291575
00:00:00.542	1.301832	1.202198	1.310623
00:00:00.542	1.306960	1.262271	1.317949
00:00:00.542	1.309890	1.285714	1.323810
00:00:00.545	1.316484	1.323077	1.327473
00:00:00.545	1.317216	1.315018	1.335531
00:00:00.545	1.324542	1.289377	1.336996
00:00:00.545	1.352381	1.412454	1.326007
00:00:00.545	1.333333	1.560440	1.317216
00:00:00.545	1.315018	1.599267	1.336996
00:00:00.547	1.301832	1.504762	1.334066
00:00:00.547	1.290842	1.329670	1.308425
00:00:00.547	1.301099	1.197802	1.306960
00:00:00.547	1.301099	1.043223	1.298901
00:00:00.547	1.294505	1.045421	1.291575
00:00:00.547	1.306227	1.153846	1.284982
00:00:00.547	1.302564	1.243956	1.280586
00:00:00.547	1.315018	1.371429	1.296703
00:00:00.551	1.296703	1.341392	1.291575
00:00:00.551	1.304762	1.360440	1.308425
00:00:00.551	1.317949	1.372161	1.308425
00:00:00.551	1.312088	1.315018	1.300366
00:00:00.584	1.320879	1.286447	1.307692
00:00:00.584	1.315018	1.279853	1.298168
00:00:00.584	1.306227	1.302564	1.302564
00:00:00.584	1.315018	1.322344	1.301832
00:00:00.584	1.311355	1.335531	1.293040
00:00:00.584	1.314286	1.341392	1.294505
00:00:00.584	1.301832	1.350183	1.306227
00:00:00.584	1.287179	1.404396	1.292308
00:00:00.584	1.314286	1.386081	1.304029
00:00:00.584	1.325275	1.262271	1.308425
00:00:00.584	1.321612	1.173626	1.306960
00:00:00.586	1.329670	1.192674	1.316484
00:00:00.586	1.314286	1.219048	1.298901
00:00:00.586	1.312088	1.311355	1.315751
00:00:00.587	1.323810	1.438095	1.316484
00:00:00.587	1.318681	1.404396	1.304762
00:00:00.587	1.328205	1.264469	1.310623
00:00:00.587	1.333333	1.206593	1.301099
00:00:00.587	1.324542	1.293773	1.304762
00:00:00.588	1.307692	1.306227	1.298168
00:00:00.588	1.288645	1.279853	1.300366
00:00:00.588	1.295971	1.462271	1.309890
00:00:00.589	1.306227	1.435165	1.302564
00:00:00.589	1.291575	1.323810	1.298901
00:00:00.589	1.291575	1.245421	1.304029
00:00:00.590	1.279853	1.169231	1.294505
00:00:00.590	1.293040	1.093040	1.293040
00:00:00.591	1.296703	1.102564	1.293040
00:00:00.592	1.292308	1.222711	1.304762
00:00:00.592	1.311355	1.307692	1.314286
00:00:00.592	1.323810	1.366300	1.307692
00:00:00.592	1.320147	1.419780	1.311355
00:00:00.592	1.318681	1.420513	1.299634
00:00:00.593	1.326007	1.414652	1.311355
00:00:00.593	1.317216	1.345788	1.292308
00:00:00.593	1.328205	1.372161	1.307692
00:00:00.594	1.317216	1.408791	1.300366
00:00:00.594	1.317216	1.441758	1.304029
00:00:00.595	1.318681	1.426374	1.316484
00:00:00.595	1.319414	1.407326	1.320879
00:00:00.595	1.316484	1.454212	1.317216
00:00:00.596	1.303297	1.431502	1.312088
00:00:00.596	1.298168	1.353114	1.303297
00:00:00.596	1.312088	1.166300	1.294505
00:00:00.597	1.335531	1.291575	1.294505
00:00:00.597	1.326007	1.393407	1.306960
00:00:00.597	1.307692	1.257875	1.304029
00:00:00.598	1.315751	1.168498	1.304762
00:00:00.598	1.300366	1.146520	1.291575
00:00:00.598	1.313553	1.154579	1.287912
00:00:00.631	1.317216	1.074725	1.282784
00:00:00.631	1.311355	1.112088	1.276190
00:00:00.631	1.299634	1.237363	1.265934
00:00:00.632	1.328938	1.350916	1.295238
00:00:00.632	1.320147	1.273993	1.300366
00:00:00.632	1.329670	1.181685	1.299634
00:00:00.633	1.347253	1.235165	1.329670
00:00:00.633	1.328938	1.270330	1.347253
00:00:00.633	1.315751	1.348718	1.356044
00:00:00.634	1.284982	1.406593	1.342857
00:00:00.634	1.276923	1.432967	1.337729
00:00:00.635	1.272527	1.309890	1.326740
00:00:00.635	1.260806	1.235897	1.309158
00:00:00.635	1.267399	1.299634	1.295971
00:00:00.636	1.264469	1.303297	1.284982
00:00:00.636	1.288645	1.328205	1.295971
00:00:00.636	1.335531	1.353114	1.299634
00:00:00.637	1.368498	1.365568	1.309158
00:00:00.637	1.369231	1.362637	1.304029
00:00:00.637	1.362637	1.378755	1.307692
00:00:00.638	1.338462	1.397070	1.306960
00:00:00.638	1.319414	1.398535	1.292308
00:00:00.638	1.327473	1.438095	1.307692
00:00:00.640	1.306227	1.452747	1.306227
00:00:00.640	1.301832	1.367033	1.290110
00:00:00.640	1.320879	1.247619	1.280586
00:00:00.640	1.328205	1.153114	1.279121
00:00:00.640	1.315018	1.202930	1.288645
00:00:00.645	1.300366	1.209524	1.271062
00:00:00.645	1.299634	1.271795	1.287912
00:00:00.645	1.292308	1.359707	1.305495
00:00:00.645	1.291575	1.444689	1.314286
00:00:00.645	1.273993	1.523810	1.331136
00:00:00.645	1.279853	1.761172	1.343590
00:00:00.645	1.301099	1.829304	1.340659
00:00:00.645	1.320879	1.504029	1.336264
00:00:00.645	1.331136	1.150183	1.315018
00:00:00.645	1.331868	0.896703	1.305495
00:00:00.645	1.309158	0.629304	1.273993
00:00:00.645	1.279121	0.567766	1.257143
00:00:00.645	1.290110	1.049084	1.280586
00:00:00.645	1.296703	1.567766	1.319414
00:00:00.649	1.302564	1.709890	1.315018
00:00:00.649	1.292308	1.498901	1.288645
00:00:00.649	1.301832	1.407326	1.310623
00:00:00.649	1.315018	1.339194	1.317216
00:00:00.649	1.316484	1.128938	1.284249
00:00:00.649	1.313553	0.948718	1.276190
00:00:00.649	1.295971	1.076190	1.276190
00:00:00.649	1.315751	1.210989	1.293040
00:00:00.681	1.325275	1.209524	1.284249
00:00:00.681	1.334799	1.330403	1.279121
00:00:00.681	1.336996	1.398535	1.306960
00:00:00.682	1.345788	1.427839	1.319414
00:00:00.682	1.332601	1.416850	1.332601
00:00:00.682	1.341392	1.367766	1.337729
00:00:00.682	1.332601	1.441758	1.356777
00:00:00.683	1.326740	1.512088	1.386813
00:00:00.683	1.295971	1.445421	1.339927
00:00:00.684	1.294505	1.371429	1.321612
00:00:00.684	1.289377	1.336264	1.306227
00:00:00.684	1.278388	1.306960	1.295238
00:00:00.685	1.282784	1.339194	1.300366
00:00:00.685	1.290842	1.421978	1.296703
00:00:00.685	1.319414	1.353846	1.292308
00:00:00.686	1.336996	1.302564	1.300366
00:00:00.686	1.342857	1.243956	1.302564
00:00:00.686	1.331868	1.198535	1.303297
00:00:00.687	1.323077	1.200000	1.290110
00:00:00.687	1.315018	1.276190	1.289377
00:00:00.688	1.328938	1.341392	1.296703
00:00:00.688	1.320147	1.479853	1.309890
00:00:00.688	1.320879	1.512821	1.327473
00:00:00.689	1.303297	1.397070	1.301832
00:00:00.689	1.303297	1.311355	1.296703
00:00:00.689	1.286447	1.276923	1.296703
00:00:00.690	1.292308	1.298168	1.300366
00:00:00.690	1.310623	1.344322	1.307692
00:00:00.690	1.332601	1.193407	1.311355
00:00:00.691	1.334066	1.125275	1.310623
00:00:00.691	1.331868	1.257143	1.281319
00:00:00.691	1.320879	1.326007	1.250549
00:00:00.692	1.297436	1.292308	1.265934
00:00:00.692	1.262271	1.293040	1.274725
00:00:00.693	1.259341	1.241758	1.294505
00:00:00.693	1.277656	1.153846	1.304762
00:00:00.693	1.302564	1.122344	1.318681
00:00:00.694	1.328205	1.248352	1.344322
00:00:00.694	1.349451	1.321612	1.366300
00:00:00.694	1.326740	1.332601	1.359707
00:00:00.695	1.312088	1.217582	1.340659
00:00:00.696	1.308425	1.224908	1.300366
00:00:00.696	1.316484	1.311355	1.305495
00:00:00.696	1.304029	1.351648	1.304762
00:00:00.696	1.287179	1.367766	1.297436
00:00:00.696	1.290110	1.311355	1.293773
00:00:00.697	1.299634	1.283516	1.303297
00:00:00.697	1.288645	1.290110	1.304762
00:00:00.698	1.293040	1.356777	1.302564
00:00:00.698	1.304029	1.353846	1.295971
00:00:00.730	1.329670	1.400733	1.304762
00:00:00.730	1.350183	1.414652	1.304029
00:00:00.731	1.337729	1.420513	1.304029
00:00:00.731	1.339927	1.333333	1.283516
00:00:00.732	1.342125	1.348718	1.304029
00:00:00.733	1.317949	1.341392	1.295238
00:00:00.733	1.287912	1.263736	1.282051
00:00:00.733	1.284982	1.243223	1.279853
00:00:00.733	1.294505	1.331868	1.299634
00:00:00.733	1.306227	1.408791	1.314286
00:00:00.734	1.297436	1.350183	1.306227
00:00:00.734	1.301832	1.350916	1.328938
00:00:00.734	1.323077	1.298168	1.329670
00:00:00.735	1.341392	1.229304	1.331136
00:00:00.735	1.314286	1.136264	1.310623
00:00:00.735	1.305495	1.197070	1.294505
00:00:00.740	1.312088	1.295971	1.280586
00:00:00.740	1.306227	1.391941	1.298901
00:00:00.740	1.304762	1.422711	1.297436
00:00:00.740	1.312088	1.349451	1.303297
00:00:00.740	1.307692	1.294505	1.307692
00:00:00.740	1.320879	1.288645	1.308425
00:00:00.740	1.315018	1.253480	1.293773
00:00:00.740	1.315751	1.227106	1.304029
00:00:00.740	1.285714	1.227106	1.304762
00:00:00.740	1.273993	1.214652	1.302564
00:00:00.740	1.300366	1.317949	1.306227
00:00:00.740	1.304762	1.312088	1.300366
00:00:00.740	1.319414	1.318681	1.311355
00:00:00.740	1.318681	1.309890	1.310623
00:00:00.741	1.317949	1.325275	1.312821
00:00:00.741	1.333333	1.347985	1.316484
00:00:00.744	1.326740	1.337729	1.304029
00:00:00.744	1.316484	1.369963	1.298168
00:00:00.744	1.321612	1.457143	1.295971
00:00:00.744	1.324542	1.470330	1.304762
00:00:00.744	1.335531	1.446154	1.315018
00:00:00.744	1.334066	1.413919	1.317216
00:00:00.744	1.336264	1.420513	1.311355
00:00:00.744	1.336264	1.328205	1.306960
00:00:00.744	1.312088	1.247619	1.300366
00:00:00.745	1.302564	1.207326	1.297436
00:00:00.745	1.314286	1.123810	1.299634
