timestamp	ch1	ch2	ch3
00:00:00.000	1.312088	1.313553	1.317949
00:00:00.001	1.312088	1.322344	1.298901
00:00:00.001	1.311355	1.325275	1.310623
00:00:00.001	1.309890	1.326740	1.309890
00:00:00.001	1.300366	1.305495	1.290842
00:00:00.002	1.298901	1.308425	1.298168
00:00:00.002	1.297436	1.304029	1.292308
00:00:00.002	1.294505	1.280586	1.289377
00:00:00.003	1.295238	1.263736	1.295238
00:00:00.003	1.295971	1.254212	1.284982
00:00:00.003	1.300366	1.284249	1.294505
00:00:00.004	1.301099	1.297436	1.308425
00:00:00.004	1.304762	1.307692	1.312088
00:00:00.005	1.316484	1.307692	1.302564
00:00:00.005	1.319414	1.309158	1.309158
00:00:00.005	1.324542	1.304029	1.300366
00:00:00.006	1.320879	1.303297	1.302564
00:00:00.006	1.312088	1.300366	1.296703
00:00:00.006	1.312088	1.315018	1.306960
00:00:00.007	1.308425	1.328205	1.307692
00:00:00.007	1.299634	1.350183	1.307692
00:00:00.007	1.309158	1.354579	1.308425
00:00:00.008	1.294505	1.326007	1.300366
00:00:00.008	1.291575	1.312088	1.293773
00:00:00.008	1.301832	1.315018	1.293773
00:00:00.009	1.298901	1.293040	1.287179
00:00:00.009	1.309158	1.300366	1.308425
00:00:00.011	1.299634	1.298168	1.299634
00:00:00.011	1.304029	1.313553	1.305495
00:00:00.011	1.315018	1.283516	1.319414
00:00:00.011	1.318681	1.268864	1.317949
00:00:00.011	1.314286	1.260806	1.300366
00:00:00.011	1.329670	1.256410	1.299634
00:00:00.013	1.325275	1.259341	1.304029
00:00:00.013	1.325275	1.290842	1.330403
00:00:00.013	1.320879	1.295971	1.347253
00:00:00.013	1.298901	1.279121	1.312088
00:00:00.013	1.308425	1.301832	1.289377
00:00:00.013	1.300366	1.317949	1.285714
00:00:00.017	1.296703	1.336264	1.291575
00:00:00.017	1.305495	1.354579	1.299634
00:00:00.017	1.307692	1.354579	1.299634
00:00:00.017	1.304029	1.339927	1.295971
00:00:00.017	1.288645	1.311355	1.263736
00:00:00.017	1.297436	1.310623	1.281319
00:00:00.017	1.306960	1.302564	1.296703
00:00:00.017	1.319414	1.293773	1.302564
00:00:00.017	1.310623	1.290842	1.306227
00:00:00.017	1.315018	1.306960	1.322344
00:00:00.017	1.315751	1.317216	1.316484
00:00:00.050	1.326740	1.307692	1.315751
00:00:00.050	1.315751	1.290842	1.305495
00:00:00.050	1.312088	1.296703	1.311355
00:00:00.051	1.312821	1.311355	1.314286
00:00:00.051	1.303297	1.320879	1.305495
00:00:00.051	1.300366	1.314286	1.308425
00:00:00.052	1.297436	1.282051	1.299634
00:00:00.052	1.295238	1.267399	1.285714
00:00:00.053	1.299634	1.300366	1.300366
00:00:00.053	1.298901	1.327473	1.296703
00:00:00.053	1.311355	1.332601	1.309890
00:00:00.054	1.312821	1.317949	1.308425
00:00:00.054	1.305495	1.303297	1.300366
00:00:00.054	1.325275	1.316484	1.314286
00:00:00.055	1.322344	1.322344	1.311355
00:00:00.055	1.329670	1.360440	1.317216
00:00:00.055	1.322344	1.332601	1.312088
00:00:00.056	1.309158	1.293773	1.300366
00:00:00.056	1.309158	1.289377	1.305495
00:00:00.056	1.309158	1.266667	1.303297
00:00:00.057	1.309890	1.252015	1.295238
00:00:00.057	1.312088	1.259341	1.305495
00:00:00.057	1.306227	1.261538	1.300366
00:00:00.058	1.298901	1.243223	1.293040
00:00:00.058	1.293040	1.254212	1.297436
00:00:00.059	1.291575	1.260073	1.283516
00:00:00.059	1.289377	1.299634	1.284982
00:00:00.059	1.312088	1.339927	1.299634
00:00:00.060	1.304762	1.343590	1.290842
00:00:00.060	1.319414	1.342857	1.310623
00:00:00.060	1.327473	1.336264	1.311355
00:00:00.061	1.312088	1.322344	1.306960
00:00:00.061	1.315751	1.312088	1.312821
00:00:00.061	1.325275	1.309890	1.312821
00:00:00.062	1.317216	1.310623	1.315751
00:00:00.062	1.328938	1.320147	1.315018
00:00:00.062	1.313553	1.311355	1.298901
00:00:00.063	1.304762	1.321612	1.310623
00:00:00.063	1.312088	1.321612	1.303297
00:00:00.064	1.294505	1.328205	1.305495
00:00:00.064	1.299634	1.347253	1.300366
00:00:00.064	1.298901	1.336996	1.290842
00:00:00.065	1.288645	1.309890	1.295971
00:00:00.065	1.298168	1.280586	1.292308
00:00:00.065	1.303297	1.262271	1.292308
00:00:00.066	1.314286	1.285714	1.303297
00:00:00.066	1.315018	1.299634	1.304029
00:00:00.066	1.324542	1.312821	1.315018
00:00:00.067	1.320147	1.298168	1.315751
00:00:00.067	1.319414	1.285714	1.312088
00:00:00.099	1.315751	1.288645	1.309158
00:00:00.100	1.317949	1.292308	1.311355
00:00:00.100	1.318681	1.298901	1.310623
00:00:00.100	1.308425	1.294505	1.309890
00:00:00.101	1.306960	1.298901	1.302564
00:00:00.101	1.294505	1.300366	1.295238
00:00:00.101	1.304029	1.311355	1.306227
00:00:00.102	1.294505	1.315018	1.299634
00:00:00.102	1.300366	1.323810	1.298168
00:00:00.103	1.298901	1.324542	1.306227
00:00:00.103	1.304029	1.321612	1.304762
00:00:00.103	1.295971	1.304029	1.300366
00:00:00.104	1.305495	1.306227	1.298901
00:00:00.104	1.315751	1.298168	1.279853
00:00:00.104	1.310623	1.288645	1.287912
00:00:00.109	1.324542	1.280586	1.295238
00:00:00.109	1.315751	1.268864	1.310623
00:00:00.109	1.321612	1.282784	1.306227
00:00:00.109	1.323810	1.295238	1.300366
00:00:00.109	1.320147	1.300366	1.302564
00:00:00.109	1.310623	1.304762	1.308425
00:00:00.109	1.298901	1.307692	1.323810
00:00:00.109	1.290842	1.312821	1.323810
00:00:00.109	1.295971	1.324542	1.308425
00:00:00.109	1.291575	1.319414	1.295971
00:00:00.109	1.303297	1.317949	1.298901
00:00:00.109	1.302564	1.301832	1.287179
00:00:00.109	1.305495	1.308425	1.293040
00:00:00.109	1.308425	1.314286	1.299634
00:00:00.112	1.304029	1.326007	1.300366
00:00:00.112	1.326007	1.348718	1.305495
00:00:00.112	1.321612	1.355311	1.296703
00:00:00.112	1.323810	1.345055	1.320879
00:00:00.112	1.313553	1.283516	1.320147
00:00:00.112	1.300366	1.254945	1.309890
00:00:00.112	1.323810	1.284982	1.315018
00:00:00.112	1.312821	1.296703	1.300366
00:00:00.113	1.301099	1.260806	1.309158
00:00:00.113	1.308425	1.235165	1.302564
00:00:00.113	1.291575	1.252747	1.284982
00:00:00.114	1.298168	1.275458	1.285714
00:00:00.114	1.300366	1.296703	1.295971
00:00:00.114	1.295971	1.297436	1.294505
00:00:00.115	1.303297	1.295238	1.295971
00:00:00.115	1.306227	1.312088	1.297436
00:00:00.115	1.315018	1.322344	1.302564
00:00:00.116	1.317216	1.317949	1.302564
00:00:00.116	1.326007	1.308425	1.310623
00:00:00.116	1.325275	1.338462	1.317949
00:00:00.117	1.320879	1.323077	1.308425
00:00:00.149	1.326007	1.309890	1.304029
00:00:00.149	1.320879	1.303297	1.315018
00:00:00.150	1.315018	1.290842	1.309890
00:00:00.150	1.313553	1.298901	1.313553
00:00:00.150	1.299634	1.297436	1.300366
00:00:00.151	1.289377	1.286447	1.292308
00:00:00.151	1.301099	1.302564	1.300366
00:00:00.152	1.300366	1.312088	1.300366
00:00:00.152	1.300366	1.323810	1.295238
00:00:00.152	1.287912	1.311355	1.284249
00:00:00.153	1.283516	1.306227	1.284249
00:00:00.153	1.306227	1.317216	1.298168
00:00:00.153	1.318681	1.316484	1.304029
00:00:00.154	1.312088	1.307692	1.312821
00:00:00.154	1.322344	1.304762	1.309158
00:00:00.154	1.320879	1.295971	1.304762
00:00:00.155	1.326740	1.295971	1.312821
00:00:00.155	1.321612	1.302564	1.315751
00:00:00.155	1.301832	1.290110	1.304762
00:00:00.156	1.309158	1.317949	1.315751
00:00:00.156	1.295971	1.313553	1.308425
00:00:00.157	1.303297	1.320147	1.311355
00:00:00.158	1.295971	1.302564	1.291575
00:00:00.158	1.290842	1.308425	1.287912
00:00:00.158	1.295971	1.323077	1.292308
00:00:00.158	1.295238	1.331868	1.298901
00:00:00.158	1.295971	1.315751	1.295971
00:00:00.159	1.312821	1.317949	1.300366
00:00:00.159	1.312088	1.295238	1.297436
00:00:00.159	1.317216	1.282784	1.298901
00:00:00.160	1.319414	1.262271	1.307692
00:00:00.160	1.312821	1.250549	1.302564
00:00:00.160	1.326007	1.275458	1.319414
00:00:00.161	1.322344	1.284249	1.312088
00:00:00.161	1.315018	1.276923	1.306960
00:00:00.162	1.315018	1.303297	1.315018
00:00:00.162	1.305495	1.316484	1.302564
00:00:00.162	1.307692	1.328205	1.306960
00:00:00.163	1.305495	1.318681	1.305495
00:00:00.163	1.304762	1.316484	1.296703
00:00:00.163	1.303297	1.319414	1.300366
00:00:00.164	1.297436	1.309890	1.288645
00:00:00.164	1.300366	1.312821	1.297436
00:00:00.164	1.312088	1.320147	1.298901
00:00:00.165	1.304029	1.315018	1.299634
00:00:00.165	1.311355	1.311355	1.300366
00:00:00.166	1.312821	1.300366	1.291575
00:00:00.166	1.321612	1.303297	1.315751
00:00:00.166	1.323810	1.301832	1.307692
00:00:00.167	1.318681	1.294505	1.304029
00:00:00.199	1.325275	1.303297	1.311355
00:00:00.199	1.312088	1.278388	1.306227
00:00:00.199	1.309158	1.280586	1.312821
00:00:00.200	1.315751	1.315018	1.314286
00:00:00.200	1.312088	1.333333	1.315018
00:00:00.202	1.293040	1.326007	1.305495
00:00:00.202	1.306227	1.331868	1.303297
00:00:00.202	1.299634	1.314286	1.289377
00:00:00.202	1.303297	1.317216	1.300366
00:00:00.202	1.287179	1.300366	1.285714
00:00:00.202	1.290842	1.298901	1.284982
00:00:00.205	1.302564	1.284249	1.295971
00:00:00.205	1.318681	1.257143	1.303297
00:00:00.205	1.316484	1.258608	1.306227
00:00:00.205	1.308425	1.279853	1.304029
00:00:00.205	1.331868	1.295238	1.312821
00:00:00.205	1.322344	1.284249	1.321612
00:00:00.205	1.319414	1.276923	1.320879
00:00:00.205	1.314286	1.312088	1.320879
00:00:00.208	1.317216	1.334066	1.306227
00:00:00.208	1.311355	1.329670	1.306227
00:00:00.208	1.306227	1.307692	1.296703
00:00:00.208	1.303297	1.292308	1.296703
00:00:00.208	1.290842	1.286447	1.285714
00:00:00.208	1.289377	1.294505	1.286447
00:00:00.208	1.289377	1.292308	1.284982
00:00:00.208	1.285714	1.312088	1.289377
00:00:00.208	1.294505	1.328205	1.300366
00:00:00.209	1.282784	1.312821	1.292308
00:00:00.210	1.293040	1.321612	1.309890
00:00:00.210	1.297436	1.310623	1.306960
00:00:00.210	1.324542	1.321612	1.317216
00:00:00.210	1.328938	1.317949	1.309158
00:00:00.211	1.328938	1.309158	1.300366
00:00:00.211	1.334799	1.307692	1.312821
00:00:00.211	1.338462	1.312821	1.314286
00:00:00.212	1.315018	1.299634	1.309158
00:00:00.212	1.314286	1.306227	1.309890
00:00:00.212	1.304029	1.303297	1.304029
00:00:00.213	1.309890	1.309158	1.308425
00:00:00.213	1.306227	1.313553	1.290842
00:00:00.213	1.306227	1.318681	1.300366
00:00:00.214	1.293040	1.303297	1.292308
00:00:00.214	1.303297	1.317216	1.295971
00:00:00.215	1.304029	1.301832	1.283516
00:00:00.215	1.315018	1.304762	1.305495
00:00:00.215	1.316484	1.289377	1.306960
00:00:00.216	1.320147	1.302564	1.315751
00:00:00.216	1.321612	1.329670	1.312088
00:00:00.216	1.306227	1.319414	1.305495
00:00:00.248	1.317949	1.317949	1.311355
00:00:00.249	1.312088	1.284249	1.306960
00:00:00.249	1.312821	1.260073	1.309158
00:00:00.250	1.320879	1.269597	1.315018
00:00:00.250	1.305495	1.273993	1.300366
00:00:00.250	1.295971	1.282051	1.305495
00:00:00.251	1.284982	1.292308	1.296703
00:00:00.251	1.293773	1.309158	1.297436
00:00:00.251	1.301832	1.322344	1.302564
00:00:00.252	1.303297	1.308425	1.291575
00:00:00.252	1.317949	1.326007	1.295971
00:00:00.252	1.304029	1.319414	1.296703
00:00:00.253	1.322344	1.316484	1.300366
00:00:00.253	1.319414	1.315751	1.296703
00:00:00.254	1.314286	1.312821	1.314286
00:00:00.254	1.316484	1.306227	1.303297
00:00:00.254	1.326007	1.295971	1.311355
00:00:00.255	1.327473	1.293040	1.300366
00:00:00.255	1.328205	1.308425	1.323077
00:00:00.255	1.308425	1.301099	1.312821
00:00:00.256	1.300366	1.300366	1.304029
00:00:00.256	1.297436	1.287179	1.284982
00:00:00.256	1.295971	1.304029	1.297436
00:00:00.257	1.290110	1.301099	1.290842
00:00:00.257	1.297436	1.315751	1.300366
00:00:00.257	1.300366	1.314286	1.295971
00:00:00.258	1.303297	1.320147	1.304029
00:00:00.258	1.306227	1.315751	1.297436
00:00:00.259	1.319414	1.303297	1.292308
00:00:00.259	1.341392	1.324542	1.309158
00:00:00.259	1.326740	1.315751	1.306960
00:00:00.260	1.326007	1.315751	1.309158
00:00:00.260	1.320879	1.319414	1.310623
00:00:00.260	1.315018	1.312088	1.304762
00:00:00.261	1.320147	1.312821	1.311355
00:00:00.261	1.309890	1.288645	1.312821
00:00:00.262	1.305495	1.293040	1.308425
00:00:00.262	1.307692	1.294505	1.310623
00:00:00.262	1.295238	1.284982	1.310623
00:00:00.262	1.293040	1.275458	1.304029
00:00:00.263	1.284249	1.276923	1.298901
00:00:00.263	1.287912	1.290842	1.298168
00:00:00.264	1.291575	1.286447	1.288645
00:00:00.264	1.304762	1.301832	1.292308
00:00:00.264	1.309158	1.313553	1.298168
00:00:00.267	1.316484	1.324542	1.300366
00:00:00.267	1.311355	1.316484	1.300366
00:00:00.267	1.304762	1.316484	1.293773
00:00:00.267	1.313553	1.327473	1.309158
00:00:00.267	1.308425	1.315751	1.298901
00:00:00.299	1.328205	1.315018	1.312821
00:00:00.299	1.322344	1.303297	1.309158
00:00:00.299	1.323810	1.313553	1.317949
00:00:00.299	1.321612	1.336996	1.310623
00:00:00.301	1.320147	1.313553	1.311355
00:00:00.301	1.316484	1.285714	1.312821
00:00:00.301	1.301832	1.311355	1.299634
00:00:00.301	1.308425	1.358242	1.300366
00:00:00.301	1.306960	1.336996	1.299634
00:00:00.301	1.310623	1.303297	1.301832
00:00:00.304	1.304762	1.257143	1.300366
00:00:00.304	1.298168	1.224908	1.279121
00:00:00.304	1.311355	1.262271	1.309158
00:00:00.304	1.319414	1.273993	1.298901
00:00:00.304	1.323810	1.270330	1.306960
00:00:00.304	1.272527	1.265201	1.306227
00:00:00.304	1.275458	1.279121	1.304029
00:00:00.304	1.297436	1.306227	1.304029
00:00:00.305	1.328205	1.329670	1.316484
00:00:00.305	1.345055	1.328205	1.312821
00:00:00.305	1.348718	1.320879	1.300366
00:00:00.306	1.350183	1.317216	1.306227
00:00:00.306	1.342125	1.319414	1.312821
00:00:00.306	1.317949	1.328205	1.312088
00:00:00.307	1.282051	1.322344	1.298168
00:00:00.307	1.194139	1.323810	1.290842
00:00:00.308	1.179487	1.332601	1.301832
00:00:00.308	1.275458	1.348718	1.298168
00:00:00.308	1.342857	1.339927	1.300366
00:00:00.309	1.381685	1.317949	1.304762
00:00:00.309	1.399267	1.283516	1.283516
00:00:00.309	1.401465	1.286447	1.304029
00:00:00.310	1.350916	1.268864	1.299634
00:00:00.310	1.307692	1.279121	1.315751
00:00:00.310	1.273993	1.285714	1.315751
00:00:00.311	1.268864	1.272527	1.312821
00:00:00.311	1.305495	1.303297	1.321612
00:00:00.311	1.305495	1.300366	1.298901
00:00:00.312	1.301832	1.306227	1.313553
00:00:00.312	1.305495	1.306960	1.308425
00:00:00.313	1.294505	1.297436	1.293773
00:00:00.313	1.295238	1.301832	1.298168
00:00:00.313	1.301832	1.315018	1.292308
00:00:00.314	1.300366	1.330403	1.297436
00:00:00.314	1.306227	1.324542	1.300366
00:00:00.314	1.290842	1.309890	1.298168
00:00:00.315	1.285714	1.302564	1.292308
00:00:00.315	1.306227	1.305495	1.290842
00:00:00.315	1.331868	1.318681	1.309890
00:00:00.316	1.334066	1.328938	1.318681
00:00:00.348	1.323077	1.326007	1.320879
00:00:00.348	1.320147	1.318681	1.309158
00:00:00.349	1.315018	1.312821	1.310623
00:00:00.349	1.304029	1.306960	1.303297
00:00:00.349	1.309158	1.290842	1.302564
00:00:00.350	1.296703	1.281319	1.306960
00:00:00.350	1.284982	1.263736	1.298168
00:00:00.350	1.300366	1.243223	1.285714
00:00:00.351	1.312088	1.260073	1.299634
00:00:00.351	1.311355	1.287179	1.296703
00:00:00.352	1.309158	1.295971	1.302564
00:00:00.352	1.306960	1.300366	1.297436
00:00:00.352	1.306227	1.297436	1.300366
00:00:00.353	1.304029	1.312821	1.302564
00:00:00.353	1.306960	1.311355	1.295971
00:00:00.353	1.320147	1.319414	1.311355
00:00:00.354	1.323077	1.309890	1.308425
00:00:00.354	1.304762	1.290842	1.312088
00:00:00.354	1.260073	1.297436	1.306960
00:00:00.355	1.263004	1.293040	1.311355
00:00:00.355	1.304762	1.307692	1.317216
00:00:00.355	1.342857	1.303297	1.309158
00:00:00.356	1.357509	1.312821	1.300366
00:00:00.356	1.365568	1.342125	1.300366
00:00:00.357	1.353114	1.320147	1.291575
00:00:00.357	1.344322	1.325275	1.293773
00:00:00.357	1.310623	1.323810	1.300366
00:00:00.358	1.276923	1.329670	1.306227
00:00:00.358	1.269597	1.329670	1.289377
00:00:00.358	1.280586	1.311355	1.298168
00:00:00.359	1.295238	1.304029	1.305495
00:00:00.359	1.300366	1.279121	1.309158
00:00:00.359	1.296703	1.263736	1.307692
00:00:00.360	1.286447	1.254212	1.306960
00:00:00.361	1.281319	1.270330	1.300366
00:00:00.361	1.284982	1.266667	1.313553
00:00:00.361	1.276923	1.249084	1.306227
00:00:00.361	1.292308	1.290110	1.296703
00:00:00.366	1.323077	1.347985	1.310623
00:00:00.366	1.326740	1.346520	1.304762
00:00:00.366	1.321612	1.326007	1.305495
00:00:00.366	1.318681	1.335531	1.302564
00:00:00.366	1.320879	1.344322	1.296703
00:00:00.366	1.336264	1.319414	1.290110
00:00:00.366	1.323810	1.287912	1.293773
00:00:00.366	1.309158	1.304029	1.288645
00:00:00.366	1.305495	1.306960	1.295238
00:00:00.366	1.290110	1.296703	1.292308
00:00:00.366	1.304762	1.302564	1.306960
00:00:00.366	1.321612	1.287179	1.312088
00:00:00.401	1.317949	1.280586	1.316484
00:00:00.401	1.307692	1.315018	1.304029
00:00:00.401	1.302564	1.341392	1.297436
00:00:00.401	1.304762	1.293773	1.287179
00:00:00.401	1.287912	1.279121	1.307692
00:00:00.401	1.285714	1.298168	1.299634
00:00:00.401	1.312821	1.310623	1.309158
00:00:00.401	1.312088	1.275458	1.300366
00:00:00.401	1.303297	1.249084	1.300366
00:00:00.401	1.289377	1.262271	1.298168
00:00:00.401	1.309890	1.272527	1.304029
00:00:00.403	1.252015	1.273993	1.304762
00:00:00.403	1.230037	1.290110	1.300366
00:00:00.403	1.251282	1.291575	1.299634
00:00:00.403	1.332601	1.312088	1.300366
00:00:00.403	1.412454	1.332601	1.314286
00:00:00.403	1.484982	1.341392	1.315751
00:00:00.404	1.521612	1.347985	1.316484
00:00:00.404	1.429304	1.312821	1.310623
00:00:00.404	1.304029	1.306960	1.306960
00:00:00.405	1.222711	1.304762	1.306227
00:00:00.405	1.117949	1.317949	1.307692
00:00:00.406	1.130403	1.317949	1.296703
00:00:00.406	1.239560	1.328938	1.304029
00:00:00.406	1.304762	1.338462	1.294505
00:00:00.407	1.384615	1.304762	1.296703
00:00:00.407	1.359707	1.309158	1.287912
00:00:00.407	1.317949	1.356044	1.276923
00:00:00.408	1.328938	1.353846	1.279121
00:00:00.408	1.232967	1.316484	1.293040
00:00:00.408	1.233700	1.271795	1.305495
00:00:00.409	1.284982	1.252747	1.329670
00:00:00.409	1.342857	1.279121	1.342857
00:00:00.409	1.384615	1.341392	1.326007
00:00:00.410	1.397070	1.401465	1.323810
00:00:00.410	1.381685	1.319414	1.300366
00:00:00.411	1.341392	1.262271	1.299634
00:00:00.411	1.278388	1.250549	1.293773
00:00:00.411	1.226374	1.262271	1.306227
00:00:00.412	1.240293	1.260806	1.310623
00:00:00.412	1.274725	1.227839	1.299634
00:00:00.412	1.305495	1.175824	1.292308
00:00:00.413	1.328205	1.210256	1.300366
00:00:00.413	1.346520	1.308425	1.276923
00:00:00.413	1.356044	1.356044	1.276923
00:00:00.414	1.359707	1.350183	1.293040
00:00:00.414	1.321612	1.324542	1.287179
00:00:00.415	1.293040	1.325275	1.307692
00:00:00.415	1.298901	1.352381	1.300366
00:00:00.415	1.308425	1.402198	1.306960
00:00:00.447	1.323077	1.377289	1.323810
00:00:00.448	1.310623	1.321612	1.328205
00:00:00.448	1.309158	1.306960	1.343590
00:00:00.448	1.331868	1.302564	1.308425
00:00:00.449	1.350183	1.287179	1.302564
00:00:00.449	1.344322	1.279121	1.309890
00:00:00.451	1.303297	1.243956	1.295971
00:00:00.451	1.277656	1.246154	1.287179
00:00:00.451	1.276923	1.284982	1.290110
00:00:00.451	1.283516	1.315751	1.307692
00:00:00.451	1.285714	1.303297	1.293040
00:00:00.451	1.309158	1.315018	1.300366
00:00:00.452	1.353114	1.331868	1.289377
00:00:00.452	1.384615	1.305495	1.281319
00:00:00.452	1.402930	1.310623	1.300366
00:00:00.453	1.341392	1.294505	1.293040
00:00:00.453	1.279121	1.290110	1.304029
00:00:00.454	1.227839	1.299634	1.304029
00:00:00.454	1.136264	1.310623	1.304762
00:00:00.454	1.150183	1.295971	1.312821
00:00:00.455	1.252747	1.254945	1.309158
00:00:00.455	1.291575	1.307692	1.306227
00:00:00.455	1.361172	1.400733	1.307692
00:00:00.456	1.457875	1.404396	1.316484
00:00:00.456	1.418315	1.334066	1.309158
00:00:00.456	1.304029	1.326007	1.299634
00:00:00.458	1.237363	1.275458	1.295238
00:00:00.458	1.249084	1.251282	1.283516
00:00:00.458	1.288645	1.265934	1.293773
00:00:00.461	1.287912	1.271795	1.292308
00:00:00.461	1.294505	1.267399	1.289377
00:00:00.461	1.328205	1.300366	1.301099
00:00:00.461	1.325275	1.366300	1.312088
00:00:00.461	1.215385	1.399267	1.299634
00:00:00.461	1.260806	1.369963	1.309158
00:00:00.461	1.342857	1.319414	1.321612
00:00:00.461	1.411722	1.315751	1.317949
00:00:00.461	1.473260	1.279121	1.315751
00:00:00.461	1.475458	1.241026	1.305495
00:00:00.461	1.411722	1.197070	1.293773
00:00:00.465	1.298168	1.183883	1.272527
00:00:00.465	1.198535	1.196337	1.260806
00:00:00.465	1.165568	1.261538	1.272527
00:00:00.465	1.235897	1.295971	1.347253
00:00:00.465	1.302564	1.300366	1.320147
00:00:00.465	1.322344	1.350183	1.331136
00:00:00.465	1.316484	1.371429	1.298901
00:00:00.465	1.311355	1.359707	1.289377
00:00:00.465	1.304762	1.353846	1.290842
00:00:00.465	1.326740	1.343590	1.288645
00:00:00.497	1.331868	1.343590	1.315751
00:00:00.498	1.322344	1.339194	1.336996
00:00:00.498	1.330403	1.333333	1.348718
00:00:00.498	1.361905	1.317949	1.331868
00:00:00.499	1.375824	1.304029	1.306227
00:00:00.499	1.353846	1.323810	1.303297
00:00:00.499	1.294505	1.342857	1.288645
00:00:00.500	1.206593	1.336996	1.295971
00:00:00.500	1.242491	1.316484	1.293773
00:00:00.500	1.262271	1.279853	1.291575
00:00:00.501	1.304029	1.252015	1.293773
00:00:00.501	1.294505	1.260806	1.293040
00:00:00.501	1.322344	1.267399	1.290842
00:00:00.503	1.338462	1.264469	1.297436
00:00:00.503	1.330403	1.282051	1.306227
00:00:00.503	1.312821	1.297436	1.306960
00:00:00.503	1.293773	1.284249	1.306227
00:00:00.503	1.302564	1.287912	1.312821
00:00:00.504	1.290842	1.291575	1.302564
00:00:00.504	1.298168	1.352381	1.309890
00:00:00.504	1.301099	1.389011	1.312821
00:00:00.505	1.293040	1.375824	1.317949
00:00:00.505	1.318681	1.364835	1.309890
00:00:00.505	1.306960	1.330403	1.305495
00:00:00.506	1.318681	1.357509	1.306227
00:00:00.506	1.342125	1.276190	1.307692
00:00:00.506	1.331136	1.242491	1.305495
00:00:00.507	1.300366	1.238828	1.284982
00:00:00.507	1.299634	1.279121	1.300366
00:00:00.508	1.297436	1.257143	1.306960
00:00:00.508	1.291575	1.218315	1.289377
00:00:00.508	1.281319	1.207326	1.302564
00:00:00.509	1.279121	1.219048	1.291575
00:00:00.509	1.279121	1.307692	1.297436
00:00:00.509	1.304029	1.361172	1.300366
00:00:00.510	1.313553	1.369963	1.317216
00:00:00.510	1.333333	1.350916	1.317949
00:00:00.510	1.336264	1.326007	1.312821
00:00:00.511	1.326007	1.322344	1.315018
00:00:00.511	1.313553	1.327473	1.298168
00:00:00.511	1.304029	1.342857	1.306960
00:00:00.512	1.305495	1.323077	1.303297
00:00:00.512	1.314286	1.292308	1.300366
00:00:00.513	1.315018	1.253480	1.294505
00:00:00.513	1.232967	1.230769	1.273260
00:00:00.513	1.274725	1.309890	1.292308
00:00:00.514	1.329670	1.336264	1.293773
00:00:00.514	1.446154	1.338462	1.299634
00:00:00.514	1.457875	1.326007	1.315018
00:00:00.515	1.425641	1.322344	1.304762
00:00:00.547	1.367033	1.332601	1.311355
00:00:00.547	1.282784	1.327473	1.276923
00:00:00.548	1.190476	1.341392	1.296703
00:00:00.548	1.201465	1.345055	1.305495
00:00:00.548	1.235897	1.342125	1.314286
00:00:00.549	1.317949	1.328205	1.320879
00:00:00.549	1.383883	1.295238	1.305495
00:00:00.549	1.404396	1.300366	1.306227
00:00:00.550	1.343590	1.282051	1.326007
00:00:00.550	1.268132	1.263736	1.334799
00:00:00.550	1.224908	1.296703	1.296703
00:00:00.551	1.253480	1.316484	1.290842
00:00:00.551	1.300366	1.285714	1.294505
00:00:00.552	1.312088	1.265934	1.297436
00:00:00.552	1.312088	1.253480	1.293773
00:00:00.552	1.315751	1.254212	1.303297
00:00:00.554	1.306227	1.243956	1.290842
00:00:00.554	1.308425	1.257143	1.305495
00:00:00.554	1.340659	1.290110	1.299634
00:00:00.554	1.339927	1.326740	1.307692
00:00:00.555	1.317216	1.326007	1.309158
00:00:00.555	1.329670	1.338462	1.312821
00:00:00.555	1.301832	1.343590	1.302564
00:00:00.555	1.291575	1.390476	1.303297
00:00:00.555	1.275458	1.424176	1.309158
00:00:00.557	1.263004	1.394139	1.284982
00:00:00.557	1.282784	1.343590	1.287179
00:00:00.557	1.299634	1.308425	1.300366
00:00:00.557	1.361172	1.277656	1.296703
00:00:00.557	1.400000	1.253480	1.304029
00:00:00.561	1.402930	1.220513	1.303297
00:00:00.561	1.333333	1.227839	1.298901
00:00:00.561	1.275458	1.287179	1.317949
00:00:00.561	1.245421	1.255678	1.308425
00:00:00.561	1.268132	1.251282	1.310623
00:00:00.561	1.299634	1.304029	1.307692
00:00:00.561	1.318681	1.342125	1.317949
00:00:00.561	1.323810	1.343590	1.311355
00:00:00.561	1.315751	1.310623	1.314286
00:00:00.561	1.297436	1.268132	1.304762
00:00:00.561	1.309158	1.300366	1.297436
00:00:00.562	1.327473	1.315751	1.298168
00:00:00.563	1.339194	1.265201	1.300366
00:00:00.563	1.333333	1.276190	1.297436
00:00:00.563	1.319414	1.306227	1.293773
00:00:00.563	1.309158	1.308425	1.304762
00:00:00.563	1.283516	1.299634	1.301832
00:00:00.564	1.254945	1.315751	1.298168
00:00:00.564	1.279121	1.346520	1.312088
00:00:00.564	1.292308	1.338462	1.308425
00:00:00.597	1.282784	1.315751	1.316484
00:00:00.597	1.309158	1.302564	1.300366
00:00:00.597	1.340659	1.333333	1.309158
00:00:00.598	1.352381	1.334799	1.313553
00:00:00.598	1.344322	1.323077	1.307692
00:00:00.598	1.331136	1.317216	1.312821
00:00:00.599	1.317949	1.322344	1.309158
00:00:00.599	1.297436	1.292308	1.300366
00:00:00.599	1.299634	1.295971	1.309890
00:00:00.600	1.302564	1.290842	1.302564
00:00:00.600	1.295238	1.326007	1.299634
00:00:00.601	1.285714	1.416117	1.300366
00:00:00.601	1.298901	1.349451	1.299634
00:00:00.601	1.306960	1.256410	1.297436
00:00:00.602	1.304762	1.279853	1.288645
00:00:00.602	1.300366	1.303297	1.297436
00:00:00.602	1.259341	1.258608	1.304029
00:00:00.603	1.248352	1.257875	1.290110
00:00:00.603	1.347253	1.271062	1.306960
00:00:00.603	1.388278	1.307692	1.317949
00:00:00.604	1.408791	1.323077	1.320147
00:00:00.604	1.322344	1.342125	1.323810
00:00:00.604	1.303297	1.301832	1.316484
00:00:00.605	1.312088	1.291575	1.303297
00:00:00.605	1.341392	1.263736	1.300366
00:00:00.606	1.400000	1.239560	1.302564
00:00:00.606	1.397802	1.248352	1.294505
00:00:00.607	1.311355	1.297436	1.292308
00:00:00.607	1.232967	1.370696	1.297436
00:00:00.607	1.220513	1.363370	1.297436
00:00:00.607	1.233700	1.333333	1.290842
00:00:00.608	1.253480	1.318681	1.287912
00:00:00.608	1.268864	1.310623	1.276190
00:00:00.608	1.307692	1.312088	1.320879
00:00:00.609	1.323810	1.306960	1.349451
00:00:00.609	1.344322	1.281319	1.345055
00:00:00.609	1.350183	1.268864	1.315751
00:00:00.610	1.349451	1.284249	1.302564
00:00:00.610	1.347253	1.291575	1.304029
00:00:00.611	1.341392	1.298901	1.284982
00:00:00.611	1.324542	1.290110	1.293040
00:00:00.611	1.295971	1.301832	1.294505
00:00:00.612	1.232234	1.298901	1.291575
00:00:00.612	1.182418	1.358242	1.293040
00:00:00.612	1.261538	1.369231	1.301832
00:00:00.613	1.306960	1.328205	1.298901
00:00:00.613	1.334066	1.326007	1.307692
00:00:00.613	1.361172	1.310623	1.297436
00:00:00.614	1.358974	1.293040	1.304029
00:00:00.614	1.350916	1.258608	1.305495
00:00:00.646	1.334799	1.261538	1.303297
00:00:00.647	1.318681	1.308425	1.314286
00:00:00.647	1.305495	1.289377	1.300366
00:00:00.647	1.302564	1.278388	1.302564
00:00:00.648	1.301832	1.284249	1.309158
00:00:00.648	1.242491	1.317949	1.311355
00:00:00.648	1.219780	1.329670	1.309158
00:00:00.652	1.272527	1.292308	1.302564
00:00:00.652	1.351648	1.270330	1.300366
00:00:00.652	1.399267	1.300366	1.299634
00:00:00.652	1.386081	1.338462	1.302564
00:00:00.652	1.323810	1.326740	1.291575
00:00:00.652	1.264469	1.335531	1.287912
00:00:00.652	1.288645	1.377289	1.296703
00:00:00.652	1.320879	1.350916	1.300366
00:00:00.653	1.328938	1.321612	1.299634
00:00:00.653	1.336264	1.311355	1.312088
00:00:00.653	1.317949	1.293773	1.308425
00:00:00.653	1.287912	1.260806	1.296703
00:00:00.653	1.306960	1.241758	1.309158
00:00:00.653	1.298901	1.205128	1.306227
00:00:00.654	1.295971	1.214652	1.310623
00:00:00.654	1.294505	1.261538	1.309158
00:00:00.657	1.285714	1.300366	1.304762
00:00:00.657	1.300366	1.323810	1.306960
00:00:00.657	1.317949	1.331136	1.306960
00:00:00.657	1.318681	1.334066	1.305495
00:00:00.657	1.334066	1.335531	1.303297
00:00:00.657	1.318681	1.322344	1.292308
00:00:00.657	1.306960	1.337729	1.299634
00:00:00.657	1.300366	1.338462	1.300366
00:00:00.657	1.301832	1.356777	1.293040
00:00:00.658	1.306227	1.380952	1.304762
00:00:00.658	1.315018	1.410256	1.308425
00:00:00.659	1.315018	1.325275	1.309158
00:00:00.659	1.309158	1.258608	1.314286
00:00:00.659	1.309158	1.284982	1.320147
00:00:00.660	1.309158	1.268864	1.312821
00:00:00.660	1.304029	1.248352	1.315751
00:00:00.660	1.287179	1.224176	1.300366
00:00:00.661	1.280586	1.216117	1.302564
00:00:00.661	1.279121	1.269597	1.301832
00:00:00.661	1.287179	1.298901	1.300366
00:00:00.662	1.326740	1.320879	1.298901
00:00:00.662	1.373626	1.348718	1.292308
00:00:00.662	1.388278	1.397802	1.306960
00:00:00.663	1.372894	1.328938	1.294505
00:00:00.663	1.331868	1.287912	1.300366
00:00:00.664	1.302564	1.293773	1.306960
00:00:00.664	1.268864	1.293040	1.306960
00:00:00.696	1.282051	1.295238	1.294505
00:00:00.696	1.309158	1.318681	1.316484
00:00:00.697	1.300366	1.307692	1.312088
00:00:00.697	1.294505	1.300366	1.315751
00:00:00.697	1.303297	1.328205	1.312821
00:00:00.698	1.294505	1.316484	1.302564
00:00:00.698	1.306227	1.353846	1.312088
00:00:00.699	1.312821	1.372894	1.309158
00:00:00.699	1.311355	1.360440	1.295238
00:00:00.699	1.297436	1.300366	1.291575
00:00:00.700	1.310623	1.285714	1.303297
00:00:00.700	1.316484	1.274725	1.305495
00:00:00.700	1.316484	1.309158	1.302564
00:00:00.701	1.296703	1.325275	1.285714
00:00:00.701	1.323077	1.335531	1.300366
00:00:00.701	1.302564	1.282784	1.282784
00:00:00.702	1.295238	1.219780	1.282051
00:00:00.702	1.325275	1.224176	1.299634
00:00:00.702	1.323810	1.244689	1.302564
00:00:00.703	1.327473	1.246886	1.312088
00:00:00.703	1.331136	1.234432	1.313553
00:00:00.704	1.320147	1.268132	1.306960
00:00:00.704	1.308425	1.295238	1.313553
00:00:00.704	1.297436	1.314286	1.300366
00:00:00.705	1.287179	1.337729	1.309158
00:00:00.705	1.291575	1.353846	1.304029
00:00:00.705	1.293773	1.362637	1.308425
00:00:00.706	1.290842	1.338462	1.302564
00:00:00.706	1.296703	1.306960	1.299634
00:00:00.706	1.309158	1.323810	1.295971
00:00:00.707	1.304029	1.341392	1.300366
00:00:00.707	1.276923	1.295238	1.286447
00:00:00.708	1.298168	1.317216	1.306960
00:00:00.708	1.305495	1.326007	1.309158
00:00:00.708	1.317216	1.304762	1.291575
00:00:00.709	1.369231	1.297436	1.306960
00:00:00.709	1.393407	1.272527	1.306227
00:00:00.709	1.374359	1.256410	1.312088
00:00:00.710	1.333333	1.257143	1.309890
00:00:00.710	1.282784	1.272527	1.300366
00:00:00.710	1.321612	1.314286	1.309890
00:00:00.712	1.336996	1.319414	1.303297
00:00:00.712	1.322344	1.322344	1.300366
00:00:00.712	1.308425	1.348718	1.308425
00:00:00.712	1.287912	1.348718	1.306960
00:00:00.712	1.265934	1.335531	1.298168
00:00:00.715	1.263736	1.323810	1.295971
00:00:00.715	1.272527	1.326740	1.300366
00:00:00.715	1.278388	1.323077	1.300366
00:00:00.715	1.295238	1.321612	1.305495
00:00:00.747	1.317216	1.317949	1.311355
00:00:00.747	1.313553	1.302564	1.315018
00:00:00.747	1.315018	1.286447	1.306227
00:00:00.747	1.327473	1.293040	1.320879
00:00:00.747	1.294505	1.306227	1.315018
00:00:00.748	1.276190	1.352381	1.306227
00:00:00.748	1.301832	1.334799	1.298168
00:00:00.748	1.336996	1.315018	1.306960
00:00:00.750	1.368498	1.288645	1.304762
00:00:00.750	1.387546	1.253480	1.300366
00:00:00.750	1.356044	1.238095	1.287912
00:00:00.750	1.300366	1.242491	1.293040
00:00:00.750	1.257143	1.264469	1.291575
00:00:00.750	1.254212	1.289377	1.294505
00:00:00.754	1.302564	1.317216	1.294505
00:00:00.754	1.325275	1.310623	1.297436
00:00:00.754	1.309158	1.299634	1.298168
00:00:00.754	1.320879	1.318681	1.310623
00:00:00.754	1.312088	1.309158	1.303297
00:00:00.754	1.312088	1.325275	1.309158
00:00:00.754	1.307692	1.336264	1.312088
00:00:00.754	1.306227	1.323077	1.315018
00:00:00.754	1.327473	1.335531	1.312821
00:00:00.754	1.315751	1.316484	1.310623
00:00:00.754	1.306960	1.285714	1.296703
00:00:00.755	1.320879	1.302564	1.311355
00:00:00.755	1.298168	1.284982	1.306227
00:00:00.755	1.286447	1.284982	1.300366
00:00:00.756	1.282784	1.276190	1.283516
00:00:00.756	1.281319	1.291575	1.279853
00:00:00.757	1.290842	1.312821	1.294505
00:00:00.757	1.300366	1.331136	1.295971
00:00:00.757	1.349451	1.357509	1.304762
00:00:00.758	1.359707	1.334799	1.296703
00:00:00.758	1.338462	1.307692	1.307692
00:00:00.758	1.319414	1.304762	1.318681
00:00:00.759	1.268132	1.289377	1.310623
00:00:00.759	1.271062	1.298168	1.315018
00:00:00.759	1.278388	1.284249	1.307692
00:00:00.760	1.290110	1.266667	1.304029
00:00:00.760	1.268864	1.267399	1.308425
00:00:00.760	1.257875	1.315751	1.304762
00:00:00.761	1.335531	1.310623	1.296703
00:00:00.761	1.386813	1.294505	1.298901
00:00:00.762	1.409524	1.302564	1.282051
00:00:00.762	1.353846	1.307692	1.298901
00:00:00.762	1.322344	1.291575	1.291575
00:00:00.763	1.215385	1.296703	1.300366
00:00:00.764	1.217582	1.295971	1.304762
00:00:00.764	1.311355	1.310623	1.296703
00:00:00.795	1.402930	1.308425	1.300366
00:00:00.796	1.446886	1.271062	1.279121
00:00:00.796	1.408059	1.266667	1.274725
00:00:00.797	1.320879	1.290842	1.327473
00:00:00.797	1.253480	1.293773	1.339927
00:00:00.797	1.262271	1.312088	1.337729
00:00:00.798	1.272527	1.339194	1.315751
00:00:00.798	1.260806	1.358242	1.305495
00:00:00.798	1.271795	1.349451	1.318681
00:00:00.799	1.210989	1.300366	1.329670
00:00:00.799	1.188278	1.307692	1.307692
00:00:00.799	1.256410	1.356777	1.312821
00:00:00.800	1.316484	1.320879	1.298168
00:00:00.800	1.334066	1.290842	1.305495
00:00:00.801	1.326740	1.290842	1.295971
00:00:00.801	1.331868	1.272527	1.303297
00:00:00.801	1.336264	1.239560	1.295971
00:00:00.802	1.331136	1.267399	1.289377
00:00:00.802	1.344322	1.317216	1.299634
00:00:00.802	1.329670	1.326740	1.295971
00:00:00.803	1.338462	1.305495	1.310623
00:00:00.803	1.341392	1.310623	1.301832
00:00:00.803	1.326740	1.314286	1.298168
00:00:00.804	1.326740	1.369963	1.299634
00:00:00.804	1.324542	1.394139	1.310623
00:00:00.804	1.308425	1.339194	1.296703
00:00:00.805	1.306227	1.295238	1.304029
00:00:00.805	1.296703	1.268864	1.295971
00:00:00.806	1.294505	1.276923	1.304029
00:00:00.806	1.279853	1.284249	1.296703
00:00:00.806	1.299634	1.270330	1.287912
00:00:00.807	1.314286	1.328205	1.298168
00:00:00.807	1.301099	1.336264	1.288645
00:00:00.807	1.315018	1.276190	1.300366
00:00:00.808	1.312088	1.232967	1.307692
00:00:00.808	1.329670	1.259341	1.311355
00:00:00.808	1.339927	1.344322	1.313553
00:00:00.810	1.339194	1.375092	1.313553
00:00:00.810	1.326007	1.351648	1.312821
00:00:00.810	1.318681	1.274725	1.312088
00:00:00.810	1.331868	1.244689	1.302564
00:00:00.810	1.309890	1.237363	1.299634
00:00:00.813	1.298901	1.242491	1.293773
00:00:00.813	1.287179	1.258608	1.300366
00:00:00.813	1.282784	1.277656	1.287912
00:00:00.813	1.285714	1.315018	1.289377
00:00:00.813	1.293773	1.332601	1.295238
00:00:00.813	1.301832	1.342125	1.279121
00:00:00.813	1.303297	1.361905	1.298168
00:00:00.813	1.295971	1.354579	1.302564
00:00:00.845	1.297436	1.341392	1.309890
00:00:00.849	1.309158	1.331868	1.317949
00:00:00.849	1.312088	1.316484	1.310623
00:00:00.849	1.290110	1.300366	1.312088
00:00:00.849	1.308425	1.312088	1.316484
00:00:00.849	1.326740	1.307692	1.319414
00:00:00.849	1.351648	1.298168	1.316484
00:00:00.849	1.399267	1.302564	1.312088
00:00:00.849	1.367766	1.305495	1.304762
00:00:00.849	1.332601	1.309158	1.303297
00:00:00.849	1.281319	1.317216	1.283516
00:00:00.849	1.225641	1.337729	1.281319
00:00:00.850	1.177289	1.325275	1.293040
00:00:00.850	1.249084	1.312088	1.293040
00:00:00.850	1.300366	1.301832	1.290110
00:00:00.851	1.328205	1.296703	1.307692
00:00:00.851	1.342857	1.279853	1.304762
00:00:00.851	1.338462	1.240293	1.307692
00:00:00.852	1.350183	1.277656	1.312088
00:00:00.852	1.347985	1.308425	1.309890
00:00:00.852	1.332601	1.292308	1.308425
00:00:00.853	1.335531	1.282051	1.315751
00:00:00.853	1.323810	1.282051	1.312088
00:00:00.853	1.304029	1.298168	1.315751
00:00:00.854	1.252747	1.281319	1.303297
00:00:00.854	1.244689	1.219048	1.296703
00:00:00.855	1.265934	1.250549	1.290110
00:00:00.855	1.326740	1.314286	1.288645
00:00:00.855	1.342857	1.347985	1.290110
00:00:00.856	1.338462	1.363370	1.293040
00:00:00.856	1.309890	1.356777	1.296703
00:00:00.856	1.257875	1.308425	1.294505
00:00:00.857	1.237363	1.321612	1.300366
00:00:00.857	1.290842	1.334799	1.302564
00:00:00.857	1.322344	1.320147	1.298168
00:00:00.858	1.326740	1.316484	1.308425
00:00:00.858	1.339194	1.327473	1.320147
00:00:00.858	1.322344	1.347253	1.317949
00:00:00.859	1.329670	1.359707	1.318681
00:00:00.859	1.331868	1.325275	1.309890
00:00:00.860	1.319414	1.330403	1.300366
00:00:00.860	1.315018	1.306960	1.306227
00:00:00.860	1.298168	1.264469	1.307692
00:00:00.861	1.294505	1.238095	1.307692
00:00:00.861	1.305495	1.213187	1.306227
00:00:00.861	1.299634	1.200000	1.276190
00:00:00.862	1.307692	1.215385	1.289377
00:00:00.862	1.300366	1.231502	1.290110
00:00:00.862	1.303297	1.290842	1.296703
00:00:00.863	1.318681	1.353846	1.308425
