timestamp	ch1	ch2	ch3
00:00:00.000	1.316484	1.317949	1.309890
00:00:00.000	1.322344	1.320879	1.308425
00:00:00.001	1.306960	1.322344	1.307692
00:00:00.001	1.295971	1.320879	1.308425
00:00:00.001	1.298901	1.334066	1.311355
00:00:00.002	1.295238	1.323077	1.311355
00:00:00.002	1.308425	1.314286	1.308425
00:00:00.034	1.309890	1.290110	1.298168
00:00:00.035	1.328205	1.301832	1.305495
00:00:00.035	1.339927	1.305495	1.304762
00:00:00.035	1.357509	1.309158	1.308425
00:00:00.036	1.317216	1.288645	1.290110
00:00:00.036	1.307692	1.303297	1.298168
00:00:00.037	1.295971	1.304762	1.283516
00:00:00.037	1.313553	1.333333	1.300366
00:00:00.037	1.312088	1.331868	1.300366
00:00:00.039	1.318681	1.329670	1.294505
00:00:00.039	1.309890	1.296703	1.290842
00:00:00.039	1.309158	1.273993	1.311355
00:00:00.040	1.292308	1.276923	1.297436
00:00:00.040	1.288645	1.286447	1.308425
00:00:00.040	1.295238	1.298901	1.308425
00:00:00.040	1.301832	1.296703	1.300366
00:00:00.040	1.303297	1.300366	1.303297
00:00:00.040	1.297436	1.296703	1.305495
00:00:00.042	1.296703	1.314286	1.311355
00:00:00.042	1.293773	1.317216	1.314286
00:00:00.042	1.290110	1.317949	1.330403
00:00:00.043	1.308425	1.313553	1.319414
00:00:00.043	1.312821	1.304762	1.295971
00:00:00.043	1.326007	1.313553	1.293040
00:00:00.043	1.318681	1.304762	1.279853
00:00:00.043	1.319414	1.309890	1.295971
00:00:00.044	1.314286	1.308425	1.295971
00:00:00.049	1.293773	1.307692	1.299634
00:00:00.049	1.312088	1.317949	1.317949
00:00:00.049	1.337729	1.306227	1.303297
00:00:00.049	1.344322	1.305495	1.306960
00:00:00.049	1.377289	1.298168	1.308425
00:00:00.049	1.339927	1.289377	1.306960
00:00:00.049	1.309158	1.300366	1.308425
00:00:00.049	1.287912	1.337729	1.315018
00:00:00.049	1.249817	1.364103	1.305495
00:00:00.049	1.251282	1.355311	1.309158
00:00:00.049	1.285714	1.305495	1.303297
00:00:00.049	1.282784	1.241758	1.298901
00:00:00.049	1.273993	1.203663	1.297436
00:00:00.049	1.281319	1.199267	1.293040
00:00:00.049	1.297436	1.241758	1.282784
00:00:00.049	1.320879	1.298901	1.302564
00:00:00.050	1.323810	1.306960	1.294505
00:00:00.050	1.309890	1.324542	1.298901
00:00:00.051	1.310623	1.343590	1.302564
00:00:00.051	1.326740	1.353846	1.306960
00:00:00.051	1.344322	1.345788	1.318681
00:00:00.052	1.325275	1.312821	1.310623
00:00:00.052	1.345055	1.316484	1.309890
00:00:00.084	1.347253	1.301099	1.312821
00:00:00.084	1.323077	1.283516	1.306960
00:00:00.085	1.309158	1.293040	1.301832
00:00:00.085	1.306227	1.301832	1.298901
00:00:00.086	1.298901	1.299634	1.300366
00:00:00.086	1.315018	1.312821	1.303297
00:00:00.086	1.296703	1.333333	1.294505
00:00:00.087	1.306227	1.345788	1.298901
00:00:00.087	1.309158	1.340659	1.306227
00:00:00.087	1.308425	1.342857	1.307692
00:00:00.088	1.311355	1.342857	1.309158
00:00:00.088	1.302564	1.316484	1.295971
00:00:00.088	1.315751	1.304762	1.307692
00:00:00.089	1.312821	1.291575	1.315018
00:00:00.089	1.305495	1.267399	1.312088
00:00:00.089	1.312088	1.264469	1.310623
00:00:00.090	1.312088	1.276923	1.313553
00:00:00.090	1.311355	1.280586	1.306227
00:00:00.091	1.319414	1.266667	1.304762
00:00:00.092	1.334066	1.298168	1.302564
00:00:00.092	1.337729	1.317216	1.300366
00:00:00.092	1.312088	1.348718	1.291575
00:00:00.092	1.284249	1.374359	1.293040
00:00:00.092	1.265201	1.350183	1.291575
00:00:00.093	1.263736	1.342857	1.290842
00:00:00.093	1.289377	1.336996	1.285714
00:00:00.093	1.307692	1.318681	1.293773
00:00:00.094	1.310623	1.298901	1.305495
00:00:00.094	1.313553	1.229304	1.297436
00:00:00.094	1.310623	1.203663	1.306227
00:00:00.095	1.315751	1.220513	1.310623
00:00:00.095	1.316484	1.228571	1.309158
00:00:00.096	1.307692	1.204396	1.310623
00:00:00.096	1.301832	1.265201	1.309890
00:00:00.096	1.311355	1.321612	1.300366
00:00:00.097	1.311355	1.318681	1.304762
00:00:00.097	1.307692	1.323810	1.302564
00:00:00.097	1.310623	1.361905	1.312088
00:00:00.098	1.310623	1.391209	1.298168
00:00:00.098	1.312821	1.412454	1.298168
00:00:00.098	1.308425	1.461538	1.293040
00:00:00.099	1.310623	1.394139	1.291575
00:00:00.099	1.316484	1.331868	1.295238
00:00:00.100	1.311355	1.243223	1.309158
00:00:00.100	1.305495	1.172894	1.303297
00:00:00.100	1.310623	1.165568	1.288645
00:00:00.101	1.326740	1.207326	1.309158
00:00:00.101	1.315751	1.227106	1.300366
00:00:00.101	1.320879	1.304029	1.310623
00:00:00.102	1.309890	1.360440	1.306960
00:00:00.135	1.315018	1.358242	1.319414
00:00:00.135	1.300366	1.353846	1.319414
00:00:00.135	1.298168	1.318681	1.300366
00:00:00.135	1.297436	1.306227	1.303297
00:00:00.135	1.293040	1.311355	1.298901
00:00:00.137	1.289377	1.306227	1.295238
00:00:00.137	1.299634	1.282051	1.289377
00:00:00.137	1.331136	1.295238	1.294505
00:00:00.138	1.331136	1.304029	1.286447
00:00:00.138	1.307692	1.320879	1.297436
00:00:00.138	1.298168	1.325275	1.300366
00:00:00.138	1.288645	1.331136	1.305495
00:00:00.138	1.309158	1.328938	1.311355
00:00:00.138	1.298168	1.315751	1.322344
00:00:00.143	1.303297	1.293040	1.317216
00:00:00.143	1.315018	1.284982	1.317216
00:00:00.143	1.295971	1.279853	1.315751
00:00:00.143	1.310623	1.290842	1.312088
00:00:00.143	1.316484	1.298901	1.300366
00:00:00.143	1.312088	1.323810	1.312088
00:00:00.143	1.306227	1.330403	1.304029
00:00:00.143	1.302564	1.320879	1.286447
00:00:00.143	1.305495	1.312821	1.284982
00:00:00.143	1.296703	1.312821	1.285714
00:00:00.143	1.295971	1.319414	1.291575
00:00:00.143	1.302564	1.320147	1.293040
00:00:00.144	1.334066	1.309890	1.290110
00:00:00.144	1.339194	1.315751	1.309890
00:00:00.144	1.321612	1.309890	1.315751
00:00:00.144	1.313553	1.303297	1.315751
00:00:00.145	1.315751	1.314286	1.336996
00:00:00.145	1.323077	1.293040	1.320879
00:00:00.145	1.319414	1.287912	1.318681
00:00:00.146	1.321612	1.296703	1.312821
00:00:00.146	1.299634	1.280586	1.295971
00:00:00.146	1.300366	1.292308	1.304762
00:00:00.147	1.295971	1.287912	1.297436
00:00:00.147	1.293773	1.291575	1.295238
00:00:00.147	1.306227	1.310623	1.298901
00:00:00.148	1.313553	1.318681	1.285714
00:00:00.148	1.295971	1.312088	1.272527
00:00:00.149	1.307692	1.325275	1.283516
00:00:00.149	1.281319	1.323810	1.288645
00:00:00.149	1.290110	1.323077	1.338462
00:00:00.150	1.295971	1.315018	1.332601
00:00:00.150	1.317949	1.302564	1.323077
00:00:00.150	1.355311	1.304029	1.304762
00:00:00.151	1.351648	1.290842	1.297436
00:00:00.151	1.320147	1.290842	1.309158
00:00:00.151	1.296703	1.292308	1.313553
00:00:00.184	1.291575	1.292308	1.314286
00:00:00.184	1.295238	1.291575	1.305495
00:00:00.184	1.332601	1.288645	1.295971
00:00:00.185	1.332601	1.295971	1.298901
00:00:00.185	1.315018	1.306227	1.301832
00:00:00.185	1.291575	1.300366	1.288645
00:00:00.186	1.280586	1.314286	1.304762
00:00:00.186	1.285714	1.311355	1.294505
00:00:00.186	1.305495	1.309890	1.295971
00:00:00.187	1.304762	1.311355	1.297436
00:00:00.187	1.300366	1.303297	1.289377
00:00:00.188	1.312821	1.309890	1.293040
00:00:00.188	1.315751	1.307692	1.291575
00:00:00.188	1.314286	1.311355	1.298901
00:00:00.189	1.325275	1.313553	1.345788
00:00:00.189	1.312088	1.293773	1.326740
00:00:00.189	1.315751	1.300366	1.315018
00:00:00.190	1.303297	1.290842	1.310623
00:00:00.190	1.302564	1.296703	1.310623
00:00:00.190	1.320147	1.298901	1.305495
00:00:00.191	1.314286	1.290842	1.295238
00:00:00.191	1.314286	1.313553	1.308425
00:00:00.191	1.315751	1.316484	1.322344
00:00:00.192	1.315018	1.316484	1.317949
00:00:00.192	1.302564	1.295971	1.320147
00:00:00.193	1.304029	1.310623	1.305495
00:00:00.193	1.320879	1.316484	1.310623
00:00:00.193	1.317949	1.313553	1.323810
00:00:00.194	1.317949	1.317216	1.297436
00:00:00.194	1.295238	1.291575	1.295238
00:00:00.194	1.306227	1.303297	1.262271
00:00:00.195	1.296703	1.291575	1.244689
00:00:00.195	1.296703	1.287179	1.243223
00:00:00.196	1.290110	1.290110	1.246886
00:00:00.196	1.290842	1.284982	1.255678
00:00:00.196	1.317216	1.304762	1.312088
00:00:00.196	1.350916	1.307692	1.315751
00:00:00.198	1.343590	1.309158	1.319414
00:00:00.198	1.290110	1.317949	1.323810
00:00:00.198	1.276190	1.306960	1.311355
00:00:00.198	1.306960	1.316484	1.312821
00:00:00.198	1.307692	1.309158	1.304029
00:00:00.200	1.322344	1.303297	1.307692
00:00:00.200	1.323077	1.297436	1.305495
00:00:00.200	1.311355	1.306227	1.306960
00:00:00.203	1.311355	1.304762	1.270330
00:00:00.203	1.315751	1.306227	1.293040
00:00:00.203	1.309890	1.302564	1.316484
00:00:00.203	1.300366	1.295238	1.379487
00:00:00.203	1.299634	1.296703	1.380220
00:00:00.234	1.310623	1.302564	1.320147
00:00:00.234	1.323810	1.306960	1.319414
00:00:00.234	1.322344	1.299634	1.308425
00:00:00.234	1.331868	1.293040	1.323077
00:00:00.240	1.323810	1.302564	1.308425
00:00:00.240	1.312088	1.301832	1.248352
00:00:00.240	1.315751	1.307692	1.255678
00:00:00.240	1.305495	1.308425	1.271062
00:00:00.240	1.293040	1.309890	1.282784
00:00:00.240	1.278388	1.306227	1.287179
00:00:00.240	1.228571	1.307692	1.295238
00:00:00.240	1.252015	1.308425	1.295238
00:00:00.240	1.301832	1.302564	1.302564
00:00:00.240	1.332601	1.305495	1.295971
00:00:00.240	1.331136	1.310623	1.306960
00:00:00.240	1.324542	1.311355	1.326740
00:00:00.240	1.316484	1.306960	1.345788
00:00:00.240	1.326740	1.310623	1.336264
00:00:00.240	1.321612	1.306960	1.306227
00:00:00.240	1.313553	1.306227	1.304029
00:00:00.240	1.309158	1.304762	1.308425
00:00:00.241	1.315751	1.299634	1.298901
00:00:00.241	1.310623	1.293040	1.292308
00:00:00.242	1.309890	1.309890	1.309158
00:00:00.242	1.301832	1.301099	1.295971
00:00:00.242	1.315018	1.312088	1.296703
00:00:00.243	1.317216	1.318681	1.293040
00:00:00.243	1.316484	1.318681	1.302564
00:00:00.243	1.309158	1.307692	1.287179
00:00:00.244	1.300366	1.293040	1.288645
00:00:00.244	1.306960	1.294505	1.297436
00:00:00.244	1.304762	1.289377	1.303297
00:00:00.245	1.301099	1.301099	1.319414
00:00:00.245	1.315018	1.295971	1.320147
00:00:00.245	1.315018	1.302564	1.308425
00:00:00.246	1.316484	1.303297	1.313553
00:00:00.246	1.308425	1.291575	1.341392
00:00:00.247	1.320879	1.301832	1.339927
00:00:00.247	1.320879	1.299634	1.308425
00:00:00.247	1.299634	1.299634	1.259341
00:00:00.248	1.298901	1.303297	1.237363
00:00:00.248	1.300366	1.301832	1.253480
00:00:00.248	1.298901	1.306227	1.284982
00:00:00.249	1.302564	1.322344	1.317216
00:00:00.249	1.296703	1.307692	1.306227
00:00:00.249	1.319414	1.316484	1.315018
00:00:00.250	1.309158	1.306960	1.309890
00:00:00.250	1.320147	1.299634	1.320147
00:00:00.250	1.317949	1.300366	1.320147
00:00:00.251	1.306227	1.308425	1.327473
00:00:00.283	1.306960	1.304029	1.330403
00:00:00.283	1.312088	1.304762	1.315018
00:00:00.284	1.304762	1.295238	1.309890
00:00:00.284	1.317949	1.301832	1.309890
00:00:00.284	1.312088	1.301099	1.300366
00:00:00.285	1.310623	1.305495	1.297436
00:00:00.285	1.309158	1.318681	1.294505
00:00:00.286	1.297436	1.320879	1.282051
00:00:00.286	1.278388	1.315751	1.287912
00:00:00.286	1.294505	1.302564	1.295238
00:00:00.287	1.290110	1.313553	1.306960
00:00:00.287	1.294505	1.305495	1.299634
00:00:00.287	1.306227	1.312088	1.309890
00:00:00.288	1.318681	1.301099	1.306227
00:00:00.288	1.316484	1.302564	1.304762
00:00:00.288	1.318681	1.296703	1.310623
00:00:00.289	1.334799	1.296703	1.317216
00:00:00.289	1.350183	1.300366	1.313553
00:00:00.289	1.328938	1.299634	1.315018
00:00:00.290	1.313553	1.313553	1.315018
00:00:00.290	1.315751	1.311355	1.307692
00:00:00.291	1.308425	1.306960	1.304762
00:00:00.291	1.301832	1.318681	1.300366
00:00:00.291	1.303297	1.309158	1.289377
00:00:00.292	1.304762	1.304762	1.303297
00:00:00.292	1.315751	1.309158	1.300366
00:00:00.292	1.304762	1.306960	1.276190
00:00:00.293	1.309158	1.300366	1.293040
00:00:00.293	1.309158	1.290110	1.303297
00:00:00.293	1.314286	1.303297	1.307692
00:00:00.296	1.315751	1.314286	1.312821
00:00:00.296	1.318681	1.314286	1.316484
00:00:00.296	1.320879	1.313553	1.315751
00:00:00.296	1.308425	1.312821	1.313553
00:00:00.296	1.300366	1.305495	1.310623
00:00:00.296	1.315018	1.304762	1.314286
00:00:00.296	1.300366	1.276923	1.304762
00:00:00.296	1.309890	1.257875	1.306960
00:00:00.298	1.306960	1.258608	1.297436
00:00:00.298	1.302564	1.288645	1.298901
00:00:00.298	1.312821	1.312821	1.300366
00:00:00.299	1.320147	1.319414	1.296703
00:00:00.299	1.308425	1.330403	1.300366
