timestamp	ch1	ch2	ch3
00:00:00.000	1.302564	1.312821	1.307692
00:00:00.000	1.320879	1.309158	1.312088
00:00:00.000	1.323810	1.318681	1.309890
00:00:00.001	1.332601	1.321612	1.312821
00:00:00.001	1.327473	1.295971	1.298168
00:00:00.001	1.334066	1.297436	1.309158
00:00:00.002	1.320147	1.290110	1.300366
00:00:00.002	1.332601	1.295971	1.305495
00:00:00.002	1.324542	1.287179	1.305495
00:00:00.003	1.323810	1.295971	1.306960
00:00:00.003	1.309158	1.296703	1.310623
00:00:00.004	1.306227	1.316484	1.312821
00:00:00.004	1.275458	1.304762	1.294505
00:00:00.004	1.298168	1.329670	1.312088
00:00:00.005	1.297436	1.326007	1.303297
00:00:00.005	1.292308	1.323077	1.303297
00:00:00.005	1.308425	1.321612	1.312821
00:00:00.006	1.306960	1.309890	1.307692
00:00:00.006	1.311355	1.301832	1.300366
00:00:00.006	1.310623	1.296703	1.298901
00:00:00.007	1.326740	1.296703	1.309890
00:00:00.007	1.334066	1.303297	1.314286
00:00:00.007	1.322344	1.296703	1.309158
00:00:00.008	1.332601	1.298168	1.310623
00:00:00.009	1.319414	1.298168	1.303297
00:00:00.040	1.304762	1.298168	1.299634
00:00:00.041	1.309890	1.311355	1.301832
00:00:00.041	1.301832	1.317949	1.306227
00:00:00.041	1.291575	1.325275	1.308425
00:00:00.042	1.280586	1.320879	1.300366
00:00:00.042	1.302564	1.312088	1.302564
00:00:00.042	1.288645	1.309158	1.306227
00:00:00.043	1.280586	1.321612	1.303297
00:00:00.043	1.301099	1.334066	1.305495
00:00:00.044	1.298168	1.319414	1.306960
00:00:00.044	1.323077	1.323810	1.308425
00:00:00.044	1.322344	1.304029	1.306227
00:00:00.045	1.326007	1.289377	1.304762
00:00:00.045	1.335531	1.273993	1.307692
00:00:00.045	1.332601	1.260806	1.305495
00:00:00.046	1.331136	1.254945	1.306227
00:00:00.046	1.323077	1.254945	1.300366
00:00:00.046	1.319414	1.276190	1.302564
00:00:00.047	1.308425	1.312821	1.303297
00:00:00.047	1.301832	1.341392	1.307692
00:00:00.048	1.290842	1.335531	1.306960
00:00:00.048	1.288645	1.332601	1.305495
00:00:00.048	1.295238	1.333333	1.305495
00:00:00.049	1.297436	1.320879	1.307692
00:00:00.050	1.298168	1.300366	1.300366
00:00:00.050	1.295238	1.327473	1.303297
00:00:00.050	1.312821	1.374359	1.306960
00:00:00.050	1.313553	1.341392	1.304762
00:00:00.050	1.323810	1.309158	1.309890
00:00:00.052	1.327473	1.277656	1.303297
00:00:00.052	1.335531	1.262271	1.306227
00:00:00.052	1.327473	1.239560	1.306960
00:00:00.052	1.327473	1.235165	1.299634
00:00:00.052	1.323810	1.259341	1.308425
00:00:00.054	1.320147	1.292308	1.306227
00:00:00.054	1.306960	1.317949	1.308425
00:00:00.054	1.304762	1.347985	1.309890
00:00:00.054	1.300366	1.371429	1.307692
00:00:00.054	1.284982	1.363370	1.300366
00:00:00.054	1.287912	1.360440	1.309158
00:00:00.055	1.282051	1.363370	1.299634
00:00:00.055	1.303297	1.353846	1.314286
00:00:00.055	1.298901	1.330403	1.306960
00:00:00.058	1.306960	1.334799	1.300366
00:00:00.058	1.322344	1.349451	1.306227
00:00:00.058	1.329670	1.330403	1.307692
00:00:00.058	1.336996	1.309890	1.308425
00:00:00.058	1.336264	1.282784	1.307692
00:00:00.058	1.315751	1.242491	1.288645
00:00:00.058	1.318681	1.225641	1.295971
00:00:00.090	1.319414	1.199267	1.306960
00:00:00.090	1.317216	1.186813	1.306227
00:00:00.091	1.309158	1.242491	1.306227
00:00:00.091	1.294505	1.281319	1.308425
00:00:00.091	1.298901	1.330403	1.308425
00:00:00.092	1.291575	1.330403	1.296703
00:00:00.093	1.290110	1.323810	1.294505
00:00:00.093	1.297436	1.334066	1.299634
00:00:00.093	1.297436	1.335531	1.302564
00:00:00.093	1.300366	1.336264	1.305495
00:00:00.094	1.324542	1.336996	1.312821
00:00:00.094	1.325275	1.323810	1.306227
00:00:00.094	1.315018	1.304762	1.302564
00:00:00.095	1.334799	1.311355	1.308425
00:00:00.095	1.328938	1.298901	1.306227
00:00:00.095	1.319414	1.290842	1.305495
00:00:00.096	1.323810	1.306227	1.311355
00:00:00.096	1.315018	1.314286	1.311355
00:00:00.096	1.317949	1.304762	1.305495
00:00:00.097	1.305495	1.320879	1.304762
00:00:00.097	1.290110	1.319414	1.300366
00:00:00.098	1.295238	1.328938	1.306960
00:00:00.098	1.277656	1.320879	1.298168
00:00:00.098	1.297436	1.334066	1.311355
00:00:00.099	1.300366	1.326007	1.306960
00:00:00.099	1.300366	1.330403	1.306227
00:00:00.099	1.312088	1.322344	1.307692
00:00:00.100	1.315751	1.320879	1.303297
00:00:00.100	1.323077	1.319414	1.306227
00:00:00.100	1.327473	1.315751	1.309158
00:00:00.101	1.327473	1.285714	1.297436
00:00:00.101	1.326740	1.250549	1.296703
00:00:00.101	1.323810	1.262271	1.304762
00:00:00.102	1.315751	1.265934	1.295238
00:00:00.102	1.320879	1.292308	1.309158
00:00:00.103	1.306960	1.304762	1.304029
00:00:00.103	1.296703	1.312821	1.304029
00:00:00.103	1.296703	1.326740	1.312088
00:00:00.104	1.300366	1.328205	1.303297
00:00:00.104	1.289377	1.320879	1.295971
00:00:00.104	1.295971	1.333333	1.306960
00:00:00.105	1.300366	1.339194	1.306227
00:00:00.105	1.307692	1.339927	1.306227
00:00:00.105	1.320147	1.325275	1.309890
00:00:00.106	1.326007	1.310623	1.308425
00:00:00.106	1.326740	1.307692	1.311355
00:00:00.107	1.327473	1.286447	1.308425
00:00:00.107	1.326740	1.276190	1.306960
00:00:00.107	1.331868	1.267399	1.312088
00:00:00.108	1.323810	1.251282	1.309158
00:00:00.140	1.311355	1.271795	1.295971
00:00:00.140	1.312088	1.306227	1.311355
00:00:00.140	1.290110	1.314286	1.300366
00:00:00.141	1.290842	1.313553	1.300366
00:00:00.141	1.296703	1.342125	1.300366
00:00:00.142	1.296703	1.348718	1.305495
00:00:00.142	1.298901	1.336996	1.305495
00:00:00.142	1.304029	1.327473	1.309158
00:00:00.143	1.298901	1.304762	1.305495
00:00:00.143	1.313553	1.313553	1.311355
00:00:00.143	1.318681	1.317949	1.312088
00:00:00.144	1.323810	1.284982	1.306227
00:00:00.144	1.324542	1.297436	1.307692
00:00:00.145	1.328938	1.317949	1.312088
00:00:00.145	1.329670	1.312088	1.310623
00:00:00.145	1.328938	1.317216	1.298901
00:00:00.145	1.334799	1.314286	1.310623
00:00:00.146	1.324542	1.298901	1.310623
00:00:00.146	1.320879	1.276923	1.304762
00:00:00.147	1.292308	1.260073	1.294505
00:00:00.147	1.298168	1.259341	1.306960
00:00:00.147	1.297436	1.271795	1.306960
00:00:00.149	1.291575	1.309890	1.309890
00:00:00.149	1.290842	1.325275	1.305495
00:00:00.149	1.295971	1.358974	1.309890
00:00:00.150	1.295971	1.344322	1.300366
00:00:00.150	1.315018	1.342125	1.315751
00:00:00.150	1.318681	1.334066	1.310623
00:00:00.150	1.325275	1.317949	1.300366
00:00:00.152	1.326740	1.308425	1.312821
00:00:00.152	1.342125	1.293773	1.314286
00:00:00.152	1.309158	1.273993	1.303297
00:00:00.152	1.303297	1.269597	1.312088
00:00:00.152	1.302564	1.280586	1.305495
00:00:00.152	1.306227	1.289377	1.309158
00:00:00.152	1.303297	1.304029	1.295238
00:00:00.155	1.297436	1.312821	1.299634
00:00:00.155	1.300366	1.323077	1.306960
00:00:00.155	1.299634	1.353114	1.309890
00:00:00.155	1.300366	1.367766	1.315018
00:00:00.155	1.304762	1.356777	1.306227
00:00:00.155	1.295238	1.322344	1.294505
00:00:00.155	1.308425	1.320879	1.307692
00:00:00.156	1.316484	1.303297	1.306227
00:00:00.156	1.320879	1.290110	1.309158
00:00:00.156	1.331868	1.265201	1.307692
00:00:00.156	1.332601	1.277656	1.308425
00:00:00.157	1.325275	1.315018	1.312088
00:00:00.157	1.335531	1.337729	1.306227
00:00:00.157	1.332601	1.324542	1.295238
00:00:00.189	1.325275	1.306227	1.298168
00:00:00.190	1.326740	1.295238	1.299634
00:00:00.190	1.302564	1.298168	1.303297
00:00:00.190	1.296703	1.288645	1.304762
00:00:00.191	1.280586	1.245421	1.292308
00:00:00.191	1.292308	1.298168	1.315018
00:00:00.192	1.287179	1.310623	1.316484
00:00:00.192	1.293040	1.350916	1.320147
00:00:00.192	1.287912	1.350183	1.306227
00:00:00.193	1.294505	1.343590	1.300366
00:00:00.193	1.311355	1.347253	1.321612
00:00:00.193	1.314286	1.357509	1.300366
00:00:00.194	1.320147	1.336264	1.303297
00:00:00.194	1.322344	1.290842	1.305495
00:00:00.194	1.312088	1.229304	1.293773
00:00:00.195	1.337729	1.247619	1.303297
00:00:00.195	1.349451	1.263736	1.297436
00:00:00.196	1.329670	1.247619	1.300366
00:00:00.196	1.316484	1.252015	1.297436
00:00:00.196	1.300366	1.275458	1.287179
00:00:00.197	1.304029	1.294505	1.309158
00:00:00.197	1.290110	1.260806	1.298168
00:00:00.197	1.297436	1.297436	1.304029
00:00:00.198	1.295971	1.339927	1.304029
00:00:00.198	1.292308	1.346520	1.307692
00:00:00.198	1.294505	1.339927	1.301832
00:00:00.199	1.304029	1.337729	1.304762
00:00:00.199	1.315751	1.338462	1.305495
00:00:00.199	1.323810	1.333333	1.307692
00:00:00.200	1.328938	1.328205	1.312088
00:00:00.200	1.334066	1.313553	1.305495
00:00:00.201	1.337729	1.311355	1.313553
00:00:00.201	1.339927	1.303297	1.307692
00:00:00.201	1.318681	1.278388	1.292308
00:00:00.202	1.313553	1.301832	1.306960
00:00:00.202	1.310623	1.306227	1.306227
00:00:00.202	1.300366	1.306960	1.298168
00:00:00.203	1.307692	1.320147	1.303297
00:00:00.203	1.294505	1.328205	1.298168
00:00:00.203	1.284982	1.316484	1.295238
00:00:00.204	1.288645	1.315018	1.297436
00:00:00.204	1.291575	1.317216	1.296703
00:00:00.204	1.300366	1.326007	1.307692
00:00:00.205	1.293773	1.301099	1.299634
00:00:00.205	1.306227	1.285714	1.295971
00:00:00.206	1.314286	1.278388	1.309158
00:00:00.206	1.318681	1.290110	1.300366
00:00:00.206	1.323810	1.304762	1.306227
00:00:00.207	1.332601	1.298168	1.309158
00:00:00.207	1.334799	1.294505	1.297436
00:00:00.239	1.334066	1.309158	1.308425
00:00:00.239	1.315751	1.300366	1.296703
00:00:00.240	1.310623	1.314286	1.310623
00:00:00.240	1.298901	1.326740	1.309890
00:00:00.241	1.302564	1.334799	1.306960
00:00:00.241	1.290842	1.335531	1.304029
00:00:00.241	1.282784	1.313553	1.305495
00:00:00.242	1.295971	1.330403	1.311355
00:00:00.242	1.280586	1.311355	1.304029
00:00:00.242	1.304762	1.295971	1.304762
00:00:00.243	1.317949	1.305495	1.306227
00:00:00.243	1.315018	1.288645	1.304029
00:00:00.243	1.318681	1.298168	1.306227
00:00:00.245	1.329670	1.324542	1.304762
00:00:00.245	1.330403	1.330403	1.308425
00:00:00.245	1.339927	1.317216	1.304029
00:00:00.245	1.325275	1.307692	1.304762
00:00:00.246	1.336264	1.333333	1.307692
00:00:00.248	1.328205	1.325275	1.304029
00:00:00.248	1.304029	1.298168	1.304762
00:00:00.248	1.306227	1.260073	1.302564
00:00:00.248	1.297436	1.288645	1.302564
00:00:00.248	1.276923	1.290842	1.298168
00:00:00.248	1.293773	1.294505	1.311355
00:00:00.248	1.282051	1.276923	1.302564
00:00:00.248	1.295238	1.281319	1.293773
00:00:00.251	1.293040	1.294505	1.297436
00:00:00.251	1.285714	1.298901	1.291575
00:00:00.251	1.309158	1.311355	1.306227
00:00:00.251	1.315018	1.334066	1.312088
00:00:00.251	1.325275	1.312821	1.308425
00:00:00.251	1.339194	1.273260	1.309890
00:00:00.251	1.332601	1.294505	1.315751
00:00:00.251	1.315751	1.305495	1.307692
00:00:00.251	1.328938	1.306960	1.318681
00:00:00.252	1.331136	1.323810	1.313553
00:00:00.252	1.312088	1.320147	1.300366
00:00:00.252	1.301099	1.328205	1.310623
00:00:00.253	1.301832	1.328938	1.306960
00:00:00.253	1.293040	1.317949	1.296703
00:00:00.253	1.300366	1.327473	1.312821
00:00:00.254	1.288645	1.323810	1.300366
00:00:00.254	1.304029	1.326740	1.306227
00:00:00.255	1.308425	1.323810	1.309158
00:00:00.255	1.319414	1.308425	1.293040
00:00:00.255	1.334066	1.319414	1.310623
00:00:00.256	1.336996	1.307692	1.304762
00:00:00.256	1.323810	1.291575	1.303297
00:00:00.256	1.336264	1.299634	1.311355
00:00:00.257	1.330403	1.296703	1.305495
00:00:00.289	1.319414	1.300366	1.309890
00:00:00.289	1.312821	1.297436	1.291575
00:00:00.290	1.309158	1.301099	1.300366
00:00:00.290	1.314286	1.298168	1.298168
00:00:00.290	1.312088	1.315751	1.303297
00:00:00.291	1.296703	1.313553	1.294505
00:00:00.291	1.282051	1.310623	1.291575
00:00:00.291	1.297436	1.334066	1.312088
00:00:00.292	1.290842	1.330403	1.298168
00:00:00.292	1.290110	1.342857	1.299634
00:00:00.292	1.302564	1.403663	1.309158
00:00:00.293	1.307692	1.390476	1.309158
00:00:00.293	1.317949	1.332601	1.311355
00:00:00.293	1.317949	1.284249	1.315018
00:00:00.294	1.315018	1.286447	1.303297
00:00:00.294	1.345055	1.255678	1.308425
00:00:00.295	1.342125	1.191209	1.302564
00:00:00.295	1.323810	1.176557	1.295238
00:00:00.295	1.329670	1.286447	1.312088
00:00:00.296	1.323810	1.303297	1.315018
00:00:00.296	1.306960	1.280586	1.313553
00:00:00.296	1.304762	1.254212	1.312088
00:00:00.297	1.289377	1.255678	1.304762
00:00:00.297	1.285714	1.324542	1.297436
00:00:00.297	1.290842	1.332601	1.302564
00:00:00.298	1.297436	1.366300	1.304762
00:00:00.298	1.298168	1.370696	1.307692
00:00:00.298	1.309158	1.405861	1.304762
00:00:00.299	1.323810	1.389011	1.309158
00:00:00.299	1.326007	1.329670	1.293040
00:00:00.300	1.330403	1.273260	1.304029
00:00:00.300	1.334799	1.290842	1.317216
00:00:00.300	1.326740	1.273993	1.309890
00:00:00.302	1.331136	1.236630	1.317216
00:00:00.302	1.317949	1.221245	1.316484
00:00:00.302	1.317216	1.241758	1.309890
00:00:00.302	1.315751	1.314286	1.310623
00:00:00.302	1.303297	1.350916	1.311355
00:00:00.302	1.284249	1.312821	1.295971
00:00:00.303	1.297436	1.294505	1.290842
00:00:00.303	1.293773	1.278388	1.270330
00:00:00.303	1.293040	1.306227	1.294505
00:00:00.304	1.297436	1.307692	1.294505
00:00:00.304	1.308425	1.343590	1.311355
00:00:00.305	1.311355	1.338462	1.318681
00:00:00.305	1.318681	1.318681	1.299634
00:00:00.305	1.316484	1.323810	1.294505
00:00:00.306	1.320147	1.331868	1.284249
00:00:00.306	1.339194	1.320147	1.304762
00:00:00.306	1.330403	1.317949	1.306960
00:00:00.342	1.329670	1.300366	1.312821
00:00:00.342	1.323810	1.293040	1.309158
00:00:00.342	1.321612	1.335531	1.321612
00:00:00.342	1.314286	1.362637	1.335531
00:00:00.342	1.298168	1.384615	1.337729
00:00:00.342	1.292308	1.458608	1.318681
00:00:00.342	1.278388	1.517949	1.310623
00:00:00.342	1.275458	1.583150	1.287179
00:00:00.342	1.263736	1.542857	1.293040
00:00:00.342	1.270330	1.302564	1.258608
00:00:00.342	1.284982	1.163370	1.266667
00:00:00.342	1.295971	1.070330	1.272527
00:00:00.345	1.308425	0.911355	1.274725
00:00:00.345	1.345055	0.986081	1.301832
00:00:00.345	1.382418	1.123810	1.320879
00:00:00.345	1.377289	1.183150	1.335531
00:00:00.345	1.389011	1.243223	1.346520
00:00:00.345	1.391209	1.198535	1.356044
00:00:00.345	1.324542	1.319414	1.353114
00:00:00.345	1.272527	1.339194	1.350183
00:00:00.346	1.254945	1.370696	1.341392
00:00:00.346	1.271062	1.457143	1.345788
00:00:00.346	1.269597	1.523810	1.354579
00:00:00.347	1.259341	1.488645	1.317216
00:00:00.347	1.286447	1.408059	1.286447
00:00:00.347	1.306227	1.329670	1.273260
00:00:00.348	1.303297	1.244689	1.253480
00:00:00.348	1.328205	1.192674	1.284249
00:00:00.349	1.324542	1.200733	1.293773
00:00:00.349	1.320879	1.230769	1.293773
00:00:00.349	1.337729	1.404396	1.331136
00:00:00.350	1.344322	1.720147	1.345788
00:00:00.350	1.335531	1.884249	1.350916
00:00:00.350	1.323810	1.678388	1.350916
00:00:00.351	1.321612	1.364103	1.323810
00:00:00.351	1.327473	1.080586	1.295238
00:00:00.351	1.318681	0.870330	1.298901
00:00:00.352	1.304029	0.700366	1.268132
00:00:00.352	1.281319	0.714286	1.250549
00:00:00.352	1.264469	1.115018	1.245421
00:00:00.354	1.268132	1.466667	1.270330
00:00:00.354	1.295971	1.520147	1.306960
00:00:00.354	1.305495	1.438095	1.307692
00:00:00.354	1.311355	1.347253	1.317216
00:00:00.354	1.325275	1.330403	1.320879
00:00:00.355	1.334066	1.303297	1.325275
00:00:00.355	1.326007	1.276190	1.321612
00:00:00.355	1.332601	1.408791	1.322344
00:00:00.356	1.331136	1.444689	1.316484
00:00:00.356	1.331136	1.466667	1.317949
00:00:00.388	1.335531	1.567766	1.326007
00:00:00.389	1.339927	1.615385	1.309158
00:00:00.389	1.332601	1.484982	1.314286
00:00:00.389	1.315018	1.249084	1.306960
00:00:00.390	1.310623	1.065934	1.287912
00:00:00.390	1.300366	0.984615	1.276923
00:00:00.390	1.293773	1.142125	1.278388
00:00:00.391	1.286447	1.312088	1.293773
00:00:00.391	1.298168	1.547253	1.327473
00:00:00.391	1.294505	1.520147	1.306960
00:00:00.392	1.304029	1.304762	1.306227
00:00:00.392	1.321612	1.160440	1.306960
00:00:00.393	1.326740	1.023443	1.276923
00:00:00.393	1.328205	0.957509	1.273260
00:00:00.393	1.339194	1.098901	1.276923
00:00:00.394	1.332601	1.300366	1.290110
00:00:00.394	1.321612	1.373626	1.309158
00:00:00.394	1.318681	1.357509	1.337729
00:00:00.395	1.306227	1.347985	1.352381
00:00:00.395	1.299634	1.295238	1.347253
00:00:00.395	1.294505	1.325275	1.368498
00:00:00.396	1.260806	1.347253	1.336996
00:00:00.396	1.252747	1.356777	1.311355
00:00:00.396	1.287912	1.398535	1.300366
00:00:00.397	1.311355	1.378755	1.300366
00:00:00.397	1.315751	1.402198	1.305495
00:00:00.398	1.314286	1.432967	1.315751
00:00:00.398	1.309158	1.429304	1.315018
00:00:00.398	1.296703	1.417582	1.306960
00:00:00.399	1.292308	1.399267	1.286447
00:00:00.399	1.313553	1.403663	1.308425
00:00:00.399	1.330403	1.344322	1.326007
00:00:00.400	1.348718	1.261538	1.309158
00:00:00.400	1.350916	1.240293	1.303297
00:00:00.400	1.338462	1.223443	1.298168
00:00:00.401	1.324542	1.220513	1.294505
00:00:00.401	1.319414	1.216850	1.300366
00:00:00.401	1.322344	1.339194	1.298168
00:00:00.402	1.296703	1.553114	1.312821
00:00:00.402	1.265201	1.610989	1.322344
00:00:00.403	1.269597	1.418315	1.298901
00:00:00.403	1.282784	1.265201	1.289377
00:00:00.403	1.289377	1.183883	1.306227
00:00:00.406	1.300366	1.186081	1.294505
00:00:00.406	1.317216	1.172894	1.297436
00:00:00.406	1.334066	1.287179	1.295971
00:00:00.406	1.342125	1.319414	1.300366
00:00:00.406	1.326007	1.249084	1.312088
00:00:00.406	1.306227	1.186081	1.306227
00:00:00.406	1.301832	1.116484	1.310623
00:00:00.438	1.263004	1.178022	1.304029
00:00:00.438	1.283516	1.273993	1.304029
00:00:00.440	1.314286	1.340659	1.308425
00:00:00.440	1.328938	1.347985	1.293773
00:00:00.440	1.342857	1.218315	1.276190
00:00:00.440	1.330403	1.196337	1.273993
00:00:00.440	1.323810	1.226374	1.287912
00:00:00.440	1.315018	1.308425	1.296703
00:00:00.443	1.296703	1.394139	1.308425
00:00:00.443	1.309158	1.408791	1.320147
00:00:00.443	1.314286	1.440293	1.334066
00:00:00.443	1.288645	1.404396	1.320147
00:00:00.443	1.309158	1.408791	1.297436
00:00:00.443	1.317216	1.472527	1.307692
00:00:00.443	1.320147	1.545055	1.346520
00:00:00.443	1.350183	1.613187	1.316484
00:00:00.444	1.351648	1.728938	1.310623
00:00:00.444	1.340659	1.630037	1.320879
00:00:00.444	1.339927	1.225641	1.320879
00:00:00.445	1.326007	0.868864	1.328938
00:00:00.445	1.285714	0.803663	1.323077
00:00:00.445	1.243223	0.815385	1.308425
00:00:00.446	1.263004	0.886447	1.295971
00:00:00.446	1.283516	1.114286	1.309890
00:00:00.446	1.316484	1.370696	1.320147
00:00:00.447	1.318681	1.342125	1.329670
00:00:00.447	1.298901	1.205861	1.328938
00:00:00.448	1.290110	1.176557	1.328205
00:00:00.448	1.270330	1.332601	1.326740
00:00:00.448	1.285714	1.409524	1.312821
00:00:00.449	1.339194	1.411722	1.298901
00:00:00.449	1.323810	1.435165	1.290842
00:00:00.449	1.311355	1.419048	1.293040
00:00:00.450	1.335531	1.431502	1.295971
00:00:00.450	1.358242	1.408059	1.300366
00:00:00.450	1.370696	1.353846	1.289377
00:00:00.451	1.347253	1.357509	1.283516
00:00:00.451	1.350183	1.393407	1.308425
00:00:00.451	1.326740	1.382418	1.315751
00:00:00.452	1.297436	1.339927	1.310623
00:00:00.452	1.285714	1.403663	1.306960
00:00:00.453	1.269597	1.383150	1.294505
00:00:00.453	1.265201	1.386081	1.287179
00:00:00.453	1.277656	1.438095	1.276923
00:00:00.454	1.285714	1.350916	1.289377
00:00:00.454	1.293040	1.327473	1.269597
00:00:00.454	1.339194	1.287912	1.255678
00:00:00.455	1.336264	1.268864	1.263736
00:00:00.455	1.348718	1.224908	1.273993
00:00:00.455	1.347253	1.273260	1.300366
00:00:00.488	1.347253	1.362637	1.339927
00:00:00.488	1.316484	1.224176	1.361172
00:00:00.488	1.289377	1.105495	1.370696
00:00:00.489	1.288645	1.146520	1.358242
00:00:00.490	1.287179	1.240293	1.353846
00:00:00.490	1.311355	1.307692	1.329670
00:00:00.490	1.297436	1.379487	1.299634
00:00:00.490	1.287912	1.412454	1.292308
00:00:00.490	1.291575	1.353114	1.298168
00:00:00.491	1.294505	1.288645	1.293040
00:00:00.491	1.284982	1.453480	1.289377
00:00:00.492	1.285714	1.254212	1.287179
00:00:00.492	1.317216	1.283516	1.304762
00:00:00.492	1.310623	1.312821	1.296703
00:00:00.493	1.299634	1.270330	1.305495
00:00:00.493	1.299634	1.281319	1.297436
00:00:00.493	1.316484	1.183883	1.300366
00:00:00.494	1.306227	1.124542	1.297436
00:00:00.494	1.338462	1.239560	1.293040
00:00:00.494	1.358974	1.219048	1.292308
00:00:00.495	1.328205	1.268132	1.281319
00:00:00.495	1.328205	1.304762	1.276190
00:00:00.495	1.319414	1.353846	1.295238
00:00:00.496	1.298168	1.412454	1.293040
00:00:00.496	1.284982	1.445421	1.295238
00:00:00.497	1.276923	1.427839	1.303297
00:00:00.497	1.288645	1.435165	1.335531
00:00:00.497	1.301099	1.358974	1.352381
00:00:00.498	1.326007	1.304762	1.335531
00:00:00.498	1.348718	1.316484	1.326007
00:00:00.498	1.341392	1.342857	1.309890
00:00:00.503	1.328938	1.301832	1.292308
00:00:00.503	1.317216	1.202930	1.284249
00:00:00.503	1.280586	1.246886	1.299634
00:00:00.503	1.267399	1.313553	1.305495
00:00:00.503	1.268864	1.430037	1.300366
00:00:00.503	1.313553	1.460806	1.330403
00:00:00.503	1.330403	1.360440	1.320879
00:00:00.503	1.342125	1.276923	1.301832
00:00:00.503	1.339194	1.138462	1.274725
00:00:00.503	1.338462	1.169231	1.213919
00:00:00.503	1.331136	1.265934	1.219048
00:00:00.503	1.310623	1.470330	1.263004
00:00:00.503	1.271062	1.541392	1.334066
00:00:00.503	1.267399	1.469597	1.366300
00:00:00.504	1.281319	1.302564	1.374359
00:00:00.504	1.306960	1.117216	1.355311
00:00:00.504	1.323810	1.015385	1.340659
00:00:00.507	1.328205	0.994139	1.327473
00:00:00.507	1.342857	1.194872	1.321612
00:00:00.540	1.344322	1.287179	1.326007
00:00:00.540	1.342857	1.449817	1.333333
00:00:00.540	1.330403	1.581685	1.343590
00:00:00.540	1.304029	1.720879	1.332601
00:00:00.540	1.282784	1.506227	1.336264
00:00:00.540	1.244689	1.219048	1.318681
00:00:00.540	1.247619	1.035165	1.306227
00:00:00.540	1.273993	0.981685	1.295238
00:00:00.540	1.268864	1.106227	1.284249
00:00:00.540	1.271062	1.536264	1.298168
00:00:00.541	1.319414	1.672527	1.317216
00:00:00.542	1.345055	1.528938	1.323810
00:00:00.542	1.340659	1.265201	1.303297
00:00:00.542	1.341392	1.106227	1.259341
00:00:00.542	1.330403	1.033700	1.227106
00:00:00.543	1.327473	1.143590	1.230037
00:00:00.543	1.331136	1.410989	1.245421
00:00:00.543	1.345788	1.438095	1.271795
00:00:00.544	1.347985	1.403663	1.309158
00:00:00.544	1.374359	1.282784	1.333333
00:00:00.544	1.362637	1.215385	1.353114
00:00:00.545	1.322344	1.157509	1.284982
00:00:00.545	1.256410	1.141392	1.260073
00:00:00.546	1.205861	1.246886	1.276190
00:00:00.546	1.243956	1.424908	1.321612
00:00:00.546	1.287912	1.636630	1.364835
00:00:00.547	1.303297	1.674725	1.389744
00:00:00.547	1.326740	1.526740	1.383883
00:00:00.547	1.336264	1.280586	1.369231
00:00:00.548	1.369231	1.213187	1.351648
00:00:00.548	1.357509	1.024908	1.320879
00:00:00.548	1.334066	0.972894	1.300366
00:00:00.549	1.331136	1.095971	1.284982
00:00:00.549	1.339927	1.280586	1.310623
00:00:00.549	1.323810	1.278388	1.297436
00:00:00.550	1.297436	1.284249	1.287179
00:00:00.550	1.296703	1.338462	1.284249
00:00:00.551	1.305495	1.244689	1.271062
00:00:00.551	1.280586	1.249817	1.271062
00:00:00.551	1.273993	1.371429	1.278388
00:00:00.552	1.288645	1.471795	1.304029
00:00:00.552	1.284982	1.554579	1.323810
00:00:00.552	1.309890	1.556777	1.341392
00:00:00.553	1.316484	1.460806	1.342125
00:00:00.553	1.310623	1.282051	1.319414
00:00:00.553	1.321612	1.225641	1.294505
00:00:00.554	1.334066	1.138462	1.290842
00:00:00.554	1.367033	1.166300	1.298901
00:00:00.554	1.370696	1.272527	1.312088
00:00:00.555	1.328205	1.387546	1.309158
00:00:00.587	1.290110	1.443956	1.305495
00:00:00.587	1.288645	1.414652	1.315751
00:00:00.588	1.261538	1.362637	1.271795
00:00:00.588	1.281319	1.337729	1.319414
00:00:00.588	1.295971	1.250549	1.375092
00:00:00.589	1.292308	1.224908	1.315018
00:00:00.589	1.313553	1.239560	1.232967
00:00:00.589	1.308425	1.287912	1.245421
00:00:00.590	1.290110	1.390476	1.283516
00:00:00.590	1.308425	1.543590	1.291575
00:00:00.591	1.325275	1.663004	1.296703
00:00:00.591	1.315018	1.649084	1.293040
00:00:00.591	1.337729	1.430769	1.283516
00:00:00.592	1.351648	1.117216	1.286447
00:00:00.592	1.318681	0.913553	1.292308
00:00:00.592	1.303297	0.891575	1.330403
00:00:00.593	1.326007	0.863736	1.345788
00:00:00.593	1.318681	1.066667	1.339927
00:00:00.594	1.314286	1.240293	1.367033
00:00:00.595	1.315751	1.363370	1.339927
00:00:00.595	1.306227	1.398535	1.315018
00:00:00.595	1.296703	1.385348	1.295971
00:00:00.595	1.314286	1.367033	1.295971
00:00:00.595	1.309158	1.412454	1.291575
00:00:00.597	1.304762	1.444689	1.298168
00:00:00.597	1.309890	1.501832	1.320147
00:00:00.597	1.287179	1.445421	1.316484
00:00:00.600	1.240293	1.337729	1.315751
00:00:00.600	1.253480	1.248352	1.320147
00:00:00.600	1.293040	1.212454	1.312821
00:00:00.600	1.290110	1.213919	1.309158
00:00:00.600	1.297436	1.197802	1.314286
00:00:00.600	1.323810	1.315018	1.298901
00:00:00.600	1.349451	1.484249	1.240293
00:00:00.600	1.361172	1.649817	1.238095
00:00:00.600	1.326007	1.651282	1.250549
00:00:00.600	1.319414	1.554579	1.276923
00:00:00.600	1.320879	1.145055	1.276923
00:00:00.604	1.339927	0.969231	1.321612
00:00:00.604	1.323810	0.930403	1.357509
00:00:00.604	1.313553	0.995604	1.370696
00:00:00.604	1.287179	1.181685	1.358242
00:00:00.604	1.276923	1.291575	1.360440
00:00:00.604	1.269597	1.342857	1.353846
00:00:00.604	1.271062	1.280586	1.329670
00:00:00.604	1.274725	1.246886	1.328205
00:00:00.604	1.281319	1.314286	1.331136
00:00:00.604	1.323077	1.409524	1.290110
00:00:00.604	1.336264	1.467399	1.293773
00:00:00.605	1.320879	1.507692	1.287179
00:00:00.637	1.304029	1.468864	1.271062
00:00:00.637	1.299634	1.356044	1.270330
00:00:00.637	1.306960	1.255678	1.285714
00:00:00.638	1.315751	1.218315	1.307692
00:00:00.638	1.317949	1.235897	1.318681
00:00:00.638	1.316484	1.364103	1.331136
00:00:00.639	1.297436	1.344322	1.314286
00:00:00.639	1.312088	1.232967	1.314286
00:00:00.640	1.297436	1.239560	1.292308
00:00:00.640	1.317216	1.435165	1.298901
00:00:00.640	1.335531	1.389744	1.276923
00:00:00.641	1.331868	1.339194	1.263736
00:00:00.641	1.347985	1.256410	1.289377
00:00:00.641	1.323810	1.094505	1.287912
00:00:00.642	1.287912	1.129670	1.276923
00:00:00.642	1.264469	1.155311	1.268864
00:00:00.642	1.259341	1.273993	1.286447
00:00:00.643	1.268132	1.330403	1.298901
00:00:00.643	1.308425	1.323810	1.331136
00:00:00.643	1.317949	1.313553	1.347253
00:00:00.644	1.309158	1.308425	1.369963
00:00:00.644	1.317216	1.340659	1.345055
00:00:00.645	1.310623	1.400733	1.344322
00:00:00.645	1.317949	1.432234	1.333333
00:00:00.645	1.301099	1.421978	1.328938
