timestamp	ch1	ch2	ch3
00:00:00.000	1.244689	1.306227	1.276923
00:00:00.001	1.176557	1.300366	1.300366
00:00:00.033	1.213187	1.283516	1.336264
00:00:00.033	1.268864	1.287179	1.339194
00:00:00.034	1.347253	1.293773	1.320879
00:00:00.034	1.329670	1.293040	1.318681
00:00:00.034	1.304029	1.287179	1.308425
00:00:00.035	1.302564	1.309158	1.312088
00:00:00.035	1.304762	1.312088	1.306227
00:00:00.035	1.295238	1.306227	1.300366
00:00:00.036	1.312088	1.317216	1.294505
00:00:00.036	1.311355	1.320879	1.295971
00:00:00.036	1.318681	1.318681	1.292308
00:00:00.037	1.323810	1.282784	1.287912
00:00:00.037	1.328938	1.274725	1.296703
00:00:00.039	1.332601	1.279121	1.312821
00:00:00.039	1.303297	1.287912	1.304029
00:00:00.039	1.315018	1.313553	1.315751
00:00:00.039	1.305495	1.328205	1.306960
00:00:00.039	1.308425	1.328938	1.319414
00:00:00.039	1.301832	1.319414	1.315018
00:00:00.041	1.298901	1.304762	1.302564
00:00:00.041	1.320147	1.331868	1.307692
00:00:00.041	1.309158	1.298901	1.334066
00:00:00.041	1.309890	1.284249	1.304762
00:00:00.043	1.317216	1.269597	1.304762
00:00:00.043	1.305495	1.252015	1.281319
00:00:00.043	1.311355	1.283516	1.288645
00:00:00.043	1.310623	1.312821	1.288645
00:00:00.043	1.317216	1.342125	1.300366
00:00:00.043	1.314286	1.328938	1.290110
00:00:00.046	1.298901	1.333333	1.284982
00:00:00.046	1.282051	1.314286	1.286447
00:00:00.046	1.303297	1.293773	1.300366
00:00:00.046	1.317216	1.282784	1.309890
00:00:00.046	1.313553	1.282051	1.309158
00:00:00.046	1.309890	1.297436	1.320879
00:00:00.046	1.310623	1.302564	1.314286
00:00:00.046	1.321612	1.320879	1.315751
00:00:00.046	1.318681	1.312088	1.316484
00:00:00.046	1.310623	1.306227	1.306960
00:00:00.047	1.302564	1.317216	1.304762
00:00:00.047	1.316484	1.327473	1.298901
00:00:00.048	1.315751	1.319414	1.290842
00:00:00.048	1.317949	1.353114	1.305495
00:00:00.048	1.300366	1.353114	1.295238
00:00:00.049	1.286447	1.331136	1.293773
00:00:00.049	1.292308	1.322344	1.301832
00:00:00.049	1.315018	1.311355	1.304762
00:00:00.050	1.306227	1.319414	1.309158
00:00:00.050	1.315018	1.334066	1.309890
00:00:00.050	1.315751	1.279853	1.298168
00:00:00.083	1.321612	1.235897	1.310623
00:00:00.083	1.313553	1.210256	1.309158
00:00:00.083	1.323077	1.206593	1.317216
00:00:00.084	1.297436	1.251282	1.316484
00:00:00.084	1.285714	1.272527	1.289377
00:00:00.084	1.279853	1.273993	1.294505
00:00:00.085	1.293040	1.317216	1.298901
00:00:00.085	1.304029	1.349451	1.305495
00:00:00.085	1.304762	1.361172	1.310623
00:00:00.086	1.312821	1.339927	1.302564
00:00:00.086	1.317949	1.295971	1.298901
00:00:00.087	1.330403	1.282784	1.300366
00:00:00.087	1.323810	1.312821	1.295971
00:00:00.087	1.326007	1.310623	1.302564
00:00:00.088	1.316484	1.306960	1.306227
00:00:00.088	1.309158	1.290110	1.299634
00:00:00.088	1.323077	1.306227	1.313553
00:00:00.089	1.315018	1.317216	1.308425
00:00:00.089	1.304762	1.315018	1.310623
00:00:00.089	1.316484	1.320879	1.316484
00:00:00.090	1.316484	1.321612	1.309158
00:00:00.090	1.313553	1.328938	1.302564
00:00:00.090	1.297436	1.336264	1.295238
00:00:00.091	1.286447	1.290842	1.290110
00:00:00.091	1.312821	1.282051	1.300366
00:00:00.092	1.300366	1.289377	1.298168
00:00:00.092	1.306227	1.323077	1.295971
00:00:00.092	1.319414	1.334066	1.287179
00:00:00.093	1.326007	1.344322	1.298901
00:00:00.093	1.326007	1.327473	1.303297
00:00:00.093	1.306960	1.290110	1.302564
00:00:00.094	1.290110	1.317216	1.304029
00:00:00.094	1.294505	1.320879	1.316484
00:00:00.094	1.294505	1.297436	1.312821
00:00:00.095	1.323077	1.277656	1.307692
00:00:00.095	1.336996	1.269597	1.306960
00:00:00.096	1.359707	1.289377	1.312088
00:00:00.096	1.336264	1.260806	1.302564
00:00:00.096	1.286447	1.269597	1.302564
00:00:00.097	1.263736	1.298168	1.300366
00:00:00.097	1.249817	1.311355	1.297436
00:00:00.097	1.281319	1.334066	1.305495
00:00:00.098	1.325275	1.332601	1.300366
00:00:00.098	1.331868	1.307692	1.298168
00:00:00.098	1.344322	1.303297	1.304029
00:00:00.099	1.344322	1.323077	1.303297
00:00:00.099	1.293040	1.333333	1.299634
00:00:00.099	1.275458	1.367033	1.308425
00:00:00.100	1.300366	1.328205	1.299634
00:00:00.100	1.362637	1.304762	1.302564
00:00:00.132	1.361905	1.261538	1.304762
00:00:00.133	1.252015	1.221978	1.299634
00:00:00.133	1.245421	1.236630	1.323810
00:00:00.133	1.243956	1.248352	1.313553
00:00:00.134	1.276923	1.265201	1.306960
00:00:00.134	1.339927	1.282784	1.302564
00:00:00.134	1.373626	1.320879	1.295238
00:00:00.135	1.363370	1.347253	1.297436
00:00:00.135	1.285714	1.370696	1.297436
00:00:00.136	1.250549	1.387546	1.298168
00:00:00.136	1.257143	1.385348	1.297436
00:00:00.136	1.306227	1.421978	1.294505
00:00:00.138	1.318681	1.383150	1.296703
00:00:00.138	1.336264	1.349451	1.304762
00:00:00.138	1.346520	1.309890	1.308425
00:00:00.138	1.352381	1.265934	1.311355
00:00:00.138	1.320879	1.270330	1.298901
00:00:00.138	1.298168	1.243956	1.312821
00:00:00.139	1.300366	1.221245	1.313553
00:00:00.139	1.293040	1.170696	1.316484
00:00:00.139	1.286447	1.197070	1.311355
00:00:00.140	1.299634	1.227839	1.300366
00:00:00.140	1.317216	1.242491	1.317216
00:00:00.143	1.315751	1.241758	1.300366
00:00:00.143	1.306227	1.303297	1.295971
00:00:00.143	1.314286	1.336996	1.286447
00:00:00.143	1.323077	1.363370	1.298168
00:00:00.143	1.315018	1.379487	1.290842
00:00:00.143	1.317216	1.370696	1.290842
00:00:00.143	1.323077	1.359707	1.307692
00:00:00.143	1.322344	1.391209	1.315018
00:00:00.143	1.317949	1.364835	1.305495
00:00:00.144	1.308425	1.343590	1.298168
00:00:00.145	1.321612	1.330403	1.298901
00:00:00.145	1.314286	1.291575	1.326740
00:00:00.145	1.296703	1.281319	1.320879
00:00:00.145	1.315018	1.251282	1.321612
00:00:00.146	1.307692	1.233700	1.302564
00:00:00.146	1.308425	1.252015	1.309890
00:00:00.146	1.312088	1.290110	1.304029
00:00:00.147	1.312821	1.315018	1.298901
00:00:00.147	1.315018	1.319414	1.295971
00:00:00.148	1.307692	1.324542	1.286447
00:00:00.148	1.313553	1.345788	1.300366
00:00:00.148	1.317949	1.368498	1.298168
00:00:00.148	1.295238	1.333333	1.296703
00:00:00.149	1.309890	1.314286	1.304029
00:00:00.149	1.301832	1.298901	1.306960
00:00:00.150	1.303297	1.276190	1.302564
00:00:00.150	1.304762	1.211722	1.305495
00:00:00.182	1.306960	1.216117	1.300366
00:00:00.182	1.317949	1.239560	1.312821
00:00:00.183	1.312088	1.242491	1.317216
00:00:00.183	1.310623	1.235165	1.306227
00:00:00.183	1.298901	1.251282	1.304762
00:00:00.184	1.309890	1.309890	1.308425
00:00:00.184	1.304762	1.328938	1.306227
00:00:00.185	1.316484	1.333333	1.305495
00:00:00.185	1.310623	1.342125	1.302564
00:00:00.185	1.315018	1.402930	1.312088
00:00:00.186	1.321612	1.400000	1.304029
00:00:00.186	1.295238	1.365568	1.295971
00:00:00.186	1.318681	1.336264	1.300366
00:00:00.187	1.317216	1.333333	1.298901
00:00:00.187	1.328938	1.395604	1.301832
00:00:00.187	1.307692	1.386813	1.306227
00:00:00.188	1.292308	1.302564	1.298168
00:00:00.188	1.290842	1.256410	1.303297
00:00:00.189	1.293040	1.271062	1.306960
00:00:00.189	1.317216	1.243956	1.304029
00:00:00.189	1.335531	1.224176	1.304029
00:00:00.190	1.329670	1.148718	1.297436
00:00:00.190	1.314286	1.136996	1.293773
00:00:00.190	1.298901	1.209524	1.294505
00:00:00.191	1.298168	1.282784	1.297436
00:00:00.191	1.312088	1.340659	1.294505
00:00:00.191	1.301832	1.339927	1.288645
00:00:00.192	1.310623	1.349451	1.295971
00:00:00.192	1.304762	1.344322	1.300366
00:00:00.192	1.303297	1.331136	1.300366
00:00:00.193	1.307692	1.323077	1.300366
00:00:00.193	1.303297	1.334066	1.308425
00:00:00.194	1.315018	1.334066	1.309890
00:00:00.194	1.284249	1.356044	1.315018
00:00:00.194	1.289377	1.359707	1.314286
00:00:00.195	1.323810	1.347253	1.316484
00:00:00.195	1.335531	1.298168	1.312821
00:00:00.195	1.356777	1.259341	1.316484
00:00:00.196	1.361905	1.257143	1.302564
00:00:00.196	1.339927	1.272527	1.309890
00:00:00.196	1.306960	1.290110	1.306227
00:00:00.197	1.279853	1.306227	1.303297
00:00:00.197	1.266667	1.353846	1.304029
00:00:00.197	1.277656	1.338462	1.294505
00:00:00.198	1.300366	1.312821	1.287179
00:00:00.198	1.321612	1.305495	1.294505
00:00:00.199	1.320147	1.288645	1.292308
00:00:00.199	1.315751	1.304762	1.298901
00:00:00.199	1.299634	1.305495	1.299634
00:00:00.203	1.278388	1.303297	1.313553
00:00:00.232	1.281319	1.306227	1.306960
00:00:00.232	1.301832	1.316484	1.313553
00:00:00.233	1.326007	1.320147	1.326740
00:00:00.234	1.336996	1.302564	1.315018
00:00:00.234	1.320879	1.275458	1.298901
00:00:00.234	1.315018	1.284249	1.306227
00:00:00.234	1.326007	1.297436	1.315751
00:00:00.234	1.319414	1.310623	1.306960
00:00:00.237	1.315018	1.323077	1.298168
00:00:00.237	1.306227	1.345788	1.289377
00:00:00.237	1.312088	1.380952	1.302564
00:00:00.237	1.306227	1.355311	1.299634
00:00:00.237	1.290110	1.312821	1.301832
00:00:00.237	1.309890	1.309158	1.300366
00:00:00.237	1.309158	1.301832	1.303297
00:00:00.237	1.300366	1.295238	1.309158
00:00:00.240	1.284982	1.265934	1.298901
00:00:00.240	1.301832	1.264469	1.304762
00:00:00.240	1.294505	1.258608	1.300366
00:00:00.240	1.276190	1.254945	1.290842
00:00:00.240	1.309158	1.264469	1.315018
00:00:00.240	1.315018	1.256410	1.303297
00:00:00.240	1.313553	1.307692	1.309158
00:00:00.240	1.320147	1.323077	1.309158
00:00:00.240	1.300366	1.315751	1.293773
00:00:00.241	1.320879	1.315018	1.300366
00:00:00.242	1.321612	1.323077	1.295971
00:00:00.242	1.321612	1.320147	1.302564
00:00:00.242	1.320879	1.310623	1.291575
00:00:00.242	1.317216	1.320147	1.295238
00:00:00.243	1.310623	1.336264	1.298901
00:00:00.243	1.322344	1.358242	1.309890
00:00:00.243	1.304762	1.329670	1.312088
00:00:00.244	1.309890	1.353846	1.303297
00:00:00.244	1.309890	1.358242	1.320147
00:00:00.244	1.316484	1.316484	1.313553
00:00:00.245	1.309890	1.265201	1.315018
00:00:00.245	1.315751	1.235897	1.312088
00:00:00.245	1.300366	1.218315	1.299634
00:00:00.246	1.317949	1.252747	1.312821
00:00:00.246	1.329670	1.271062	1.304029
00:00:00.246	1.315751	1.300366	1.300366
00:00:00.247	1.309890	1.315751	1.297436
00:00:00.247	1.287179	1.342125	1.298168
00:00:00.248	1.295238	1.358974	1.295971
00:00:00.248	1.307692	1.354579	1.293773
00:00:00.248	1.317216	1.321612	1.300366
00:00:00.249	1.320879	1.259341	1.292308
00:00:00.249	1.323810	1.251282	1.298901
00:00:00.249	1.313553	1.276190	1.312088
00:00:00.282	1.303297	1.302564	1.306960
00:00:00.282	1.297436	1.318681	1.321612
00:00:00.282	1.295238	1.309890	1.314286
00:00:00.283	1.294505	1.310623	1.309890
00:00:00.283	1.326007	1.346520	1.312821
00:00:00.283	1.324542	1.351648	1.306227
00:00:00.285	1.316484	1.337729	1.304762
00:00:00.285	1.306960	1.323810	1.311355
00:00:00.285	1.295971	1.282051	1.287912
00:00:00.285	1.296703	1.271062	1.297436
00:00:00.285	1.290110	1.268132	1.284982
00:00:00.285	1.300366	1.267399	1.275458
00:00:00.286	1.306960	1.301832	1.289377
00:00:00.286	1.317949	1.295238	1.285714
00:00:00.287	1.270330	1.291575	1.297436
00:00:00.287	1.280586	1.351648	1.300366
00:00:00.287	1.307692	1.356777	1.313553
00:00:00.288	1.323810	1.299634	1.305495
00:00:00.288	1.351648	1.279853	1.305495
00:00:00.288	1.353846	1.306960	1.300366
00:00:00.289	1.361905	1.351648	1.325275
00:00:00.289	1.320147	1.367766	1.308425
00:00:00.289	1.278388	1.333333	1.308425
00:00:00.290	1.252015	1.296703	1.304029
00:00:00.290	1.289377	1.262271	1.304029
00:00:00.290	1.333333	1.263004	1.304762
00:00:00.291	1.356044	1.267399	1.300366
00:00:00.291	1.343590	1.241758	1.293040
00:00:00.292	1.296703	1.205128	1.276923
00:00:00.292	1.300366	1.245421	1.286447
00:00:00.292	1.290110	1.284249	1.294505
00:00:00.293	1.282051	1.312821	1.297436
00:00:00.293	1.282051	1.326740	1.304029
00:00:00.293	1.288645	1.332601	1.316484
00:00:00.294	1.280586	1.323810	1.313553
00:00:00.294	1.295238	1.324542	1.308425
00:00:00.294	1.323077	1.327473	1.319414
00:00:00.296	1.350183	1.318681	1.318681
00:00:00.296	1.329670	1.320147	1.318681
00:00:00.296	1.323810	1.326740	1.305495
00:00:00.296	1.314286	1.310623	1.317216
00:00:00.296	1.301099	1.301099	1.305495
00:00:00.298	1.300366	1.296703	1.292308
00:00:00.298	1.300366	1.315751	1.289377
00:00:00.298	1.304029	1.345788	1.287179
00:00:00.301	1.298901	1.328205	1.287912
00:00:00.301	1.312088	1.326740	1.300366
00:00:00.301	1.317949	1.308425	1.300366
00:00:00.301	1.234432	1.312821	1.301832
00:00:00.301	1.235897	1.300366	1.314286
00:00:00.332	1.307692	1.297436	1.314286
00:00:00.332	1.386813	1.291575	1.312088
00:00:00.332	1.427106	1.308425	1.325275
00:00:00.332	1.424908	1.321612	1.319414
00:00:00.335	1.375092	1.336996	1.309890
00:00:00.335	1.289377	1.319414	1.295238
00:00:00.335	1.246886	1.301099	1.312088
00:00:00.335	1.265934	1.342857	1.299634
00:00:00.335	1.268132	1.355311	1.293773
00:00:00.335	1.274725	1.328938	1.300366
00:00:00.335	1.257143	1.302564	1.283516
00:00:00.335	1.273993	1.301832	1.297436
00:00:00.336	1.306960	1.293773	1.290110
00:00:00.337	1.340659	1.294505	1.293773
00:00:00.337	1.351648	1.272527	1.298901
00:00:00.337	1.349451	1.271795	1.296703
00:00:00.337	1.378755	1.308425	1.309158
00:00:00.337	1.334799	1.311355	1.310623
00:00:00.339	1.282784	1.317949	1.310623
00:00:00.339	1.257143	1.306960	1.309158
00:00:00.339	1.270330	1.291575	1.300366
00:00:00.339	1.286447	1.299634	1.306960
00:00:00.339	1.292308	1.302564	1.295238
00:00:00.340	1.338462	1.332601	1.299634
00:00:00.340	1.341392	1.334799	1.315018
00:00:00.340	1.335531	1.326740	1.317949
00:00:00.341	1.308425	1.308425	1.298168
00:00:00.341	1.241026	1.312088	1.297436
00:00:00.341	1.189744	1.310623	1.296703
00:00:00.342	1.276923	1.298168	1.281319
00:00:00.342	1.372894	1.285714	1.294505
00:00:00.342	1.461538	1.281319	1.291575
00:00:00.343	1.458608	1.296703	1.296703
00:00:00.343	1.400000	1.314286	1.313553
00:00:00.343	1.290110	1.290842	1.302564
00:00:00.344	1.224176	1.259341	1.315751
00:00:00.344	1.168498	1.233700	1.317949
00:00:00.345	1.218315	1.233700	1.323810
00:00:00.345	1.290842	1.232234	1.313553
00:00:00.345	1.323077	1.251282	1.304762
00:00:00.346	1.326740	1.299634	1.312821
00:00:00.346	1.333333	1.346520	1.304029
00:00:00.346	1.298168	1.372894	1.297436
00:00:00.347	1.301099	1.399267	1.302564
00:00:00.347	1.312088	1.386081	1.293040
00:00:00.347	1.320879	1.371429	1.291575
00:00:00.348	1.339927	1.317216	1.298901
00:00:00.348	1.315751	1.273260	1.284249
00:00:00.348	1.329670	1.290842	1.311355
00:00:00.349	1.323077	1.361172	1.309890
00:00:00.381	1.321612	1.401465	1.312821
00:00:00.381	1.323077	1.385348	1.319414
00:00:00.382	1.303297	1.301832	1.290842
00:00:00.382	1.285714	1.209524	1.303297
00:00:00.382	1.302564	1.193407	1.311355
00:00:00.383	1.312821	1.202930	1.314286
00:00:00.383	1.308425	1.229304	1.309890
00:00:00.384	1.319414	1.216850	1.301099
00:00:00.384	1.325275	1.271795	1.309158
00:00:00.384	1.306227	1.293040	1.302564
00:00:00.385	1.294505	1.295238	1.294505
00:00:00.385	1.316484	1.318681	1.295971
00:00:00.385	1.316484	1.302564	1.287179
00:00:00.386	1.310623	1.319414	1.284982
00:00:00.386	1.312088	1.350183	1.295238
00:00:00.386	1.297436	1.347253	1.304029
00:00:00.387	1.297436	1.352381	1.304029
00:00:00.387	1.319414	1.332601	1.312821
00:00:00.387	1.312088	1.309890	1.314286
00:00:00.388	1.325275	1.304029	1.323077
00:00:00.389	1.335531	1.314286	1.318681
00:00:00.389	1.310623	1.301099	1.327473
00:00:00.389	1.300366	1.298901	1.314286
00:00:00.389	1.306960	1.296703	1.314286
00:00:00.390	1.306960	1.278388	1.280586
00:00:00.390	1.325275	1.317949	1.300366
00:00:00.390	1.324542	1.295971	1.300366
00:00:00.391	1.287179	1.249817	1.295238
00:00:00.391	1.284249	1.252747	1.296703
00:00:00.391	1.314286	1.271062	1.295238
00:00:00.392	1.323077	1.298168	1.293040
00:00:00.392	1.326740	1.316484	1.303297
00:00:00.392	1.328938	1.331868	1.312821
00:00:00.394	1.323810	1.321612	1.319414
00:00:00.394	1.328205	1.315018	1.321612
00:00:00.394	1.311355	1.303297	1.315018
00:00:00.395	1.298168	1.300366	1.320147
00:00:00.395	1.273260	1.293773	1.306227
00:00:00.396	1.257143	1.296703	1.306960
00:00:00.396	1.265934	1.301832	1.304029
00:00:00.396	1.264469	1.296703	1.286447
00:00:00.396	1.300366	1.298901	1.295238
00:00:00.396	1.312088	1.301832	1.293040
00:00:00.396	1.354579	1.302564	1.304029
00:00:00.397	1.361905	1.314286	1.305495
00:00:00.400	1.384615	1.317949	1.300366
00:00:00.400	1.364103	1.353846	1.301832
00:00:00.400	1.315751	1.341392	1.296703
00:00:00.400	1.301832	1.312821	1.293040
00:00:00.400	1.317216	1.309890	1.303297
00:00:00.432	1.292308	1.291575	1.298168
00:00:00.432	1.309158	1.309890	1.304029
00:00:00.432	1.318681	1.293773	1.291575
00:00:00.432	1.300366	1.260806	1.280586
00:00:00.432	1.267399	1.298168	1.320879
00:00:00.433	1.299634	1.330403	1.323810
00:00:00.433	1.298901	1.359707	1.328205
00:00:00.433	1.307692	1.361172	1.319414
00:00:00.434	1.292308	1.366300	1.312088
00:00:00.434	1.312088	1.367033	1.315751
00:00:00.434	1.273260	1.372894	1.312821
00:00:00.435	1.288645	1.375092	1.306960
00:00:00.435	1.304762	1.367033	1.302564
00:00:00.435	1.309890	1.359707	1.305495
00:00:00.436	1.364835	1.345055	1.293773
00:00:00.436	1.383150	1.338462	1.302564
00:00:00.436	1.301832	1.333333	1.288645
00:00:00.437	1.227839	1.317216	1.302564
00:00:00.437	1.256410	1.327473	1.317949
00:00:00.438	1.331136	1.314286	1.299634
00:00:00.438	1.334799	1.305495	1.290110
00:00:00.438	1.350916	1.317949	1.323077
00:00:00.439	1.316484	1.313553	1.342857
00:00:00.439	1.235897	1.307692	1.328205
00:00:00.439	1.318681	1.301832	1.270330
00:00:00.440	1.323077	1.299634	1.222711
00:00:00.440	1.287912	1.315751	1.238828
00:00:00.441	1.295238	1.315751	1.253480
00:00:00.441	1.234432	1.315018	1.274725
00:00:00.441	1.265201	1.306227	1.293773
00:00:00.441	1.380952	1.310623	1.312821
00:00:00.442	1.493040	1.304762	1.315751
00:00:00.442	1.422711	1.290110	1.336264
00:00:00.443	1.309890	1.274725	1.394139
00:00:00.443	1.290842	1.258608	1.391941
00:00:00.443	1.259341	1.263004	1.342857
00:00:00.444	1.334066	1.265201	1.328205
00:00:00.444	1.307692	1.265201	1.326740
00:00:00.444	1.292308	1.260073	1.315751
00:00:00.445	1.293040	1.267399	1.303297
00:00:00.445	1.306960	1.288645	1.296703
00:00:00.445	1.282051	1.292308	1.290842
00:00:00.446	1.260073	1.296703	1.293040
00:00:00.446	1.213919	1.306227	1.295238
00:00:00.446	1.256410	1.295971	1.289377
00:00:00.447	1.288645	1.295238	1.291575
00:00:00.447	1.386081	1.279121	1.287179
00:00:00.448	1.338462	1.287912	1.298168
00:00:00.448	1.348718	1.282051	1.284982
00:00:00.448	1.496703	1.296703	1.296703
00:00:00.480	1.427839	1.291575	1.291575
00:00:00.481	1.338462	1.290842	1.299634
00:00:00.481	1.301832	1.295238	1.312821
00:00:00.482	1.204396	1.265201	1.300366
00:00:00.482	1.323077	1.254945	1.311355
00:00:00.482	1.271795	1.264469	1.309158
00:00:00.483	1.172894	1.298901	1.316484
00:00:00.483	1.246154	1.331136	1.320147
00:00:00.483	1.253480	1.355311	1.317949
00:00:00.484	1.288645	1.329670	1.290842
00:00:00.484	1.279853	1.316484	1.290110
00:00:00.485	1.312088	1.342857	1.291575
00:00:00.485	1.320879	1.367033	1.299634
00:00:00.485	1.308425	1.350183	1.289377
00:00:00.485	1.306960	1.301832	1.284249
00:00:00.486	1.312088	1.305495	1.295971
00:00:00.486	1.329670	1.316484	1.293040
00:00:00.487	1.345788	1.303297	1.320147
00:00:00.487	1.358974	1.280586	1.314286
00:00:00.487	1.378022	1.263004	1.300366
00:00:00.488	1.332601	1.263736	1.298901
00:00:00.488	1.299634	1.282051	1.315751
00:00:00.488	1.276923	1.308425	1.318681
00:00:00.490	1.227839	1.308425	1.306960
00:00:00.490	1.248352	1.270330	1.300366
00:00:00.490	1.300366	1.273260	1.309158
00:00:00.491	1.331868	1.289377	1.315751
00:00:00.491	1.301832	1.347253	1.312821
00:00:00.491	1.404396	1.380952	1.295971
00:00:00.493	1.452015	1.359707	1.284982
00:00:00.493	1.397070	1.326740	1.293040
00:00:00.493	1.287179	1.304029	1.291575
00:00:00.493	1.238095	1.283516	1.299634
00:00:00.493	1.202930	1.274725	1.308425
00:00:00.493	1.243956	1.271795	1.312821
00:00:00.493	1.254945	1.279853	1.301832
00:00:00.493	1.252015	1.298168	1.317216
00:00:00.496	1.268132	1.273260	1.319414
00:00:00.496	1.401465	1.268132	1.316484
00:00:00.496	1.358242	1.268864	1.318681
00:00:00.496	1.331136	1.272527	1.304029
00:00:00.496	1.367766	1.314286	1.303297
00:00:00.496	1.400733	1.358974	1.303297
00:00:00.496	1.317949	1.357509	1.272527
00:00:00.496	1.304029	1.347253	1.273993
00:00:00.497	1.289377	1.290110	1.279121
00:00:00.497	1.300366	1.265201	1.298901
00:00:00.497	1.310623	1.285714	1.295238
00:00:00.498	1.303297	1.315751	1.302564
00:00:00.498	1.330403	1.343590	1.313553
00:00:00.530	1.331136	1.362637	1.315018
00:00:00.532	1.321612	1.380952	1.326007
00:00:00.532	1.303297	1.346520	1.312821
00:00:00.532	1.265934	1.303297	1.308425
00:00:00.532	1.268864	1.265934	1.316484
00:00:00.532	1.253480	1.236630	1.295971
00:00:00.532	1.210989	1.279853	1.312821
00:00:00.533	1.232967	1.278388	1.304029
00:00:00.533	1.290842	1.247619	1.300366
00:00:00.533	1.352381	1.266667	1.296703
00:00:00.534	1.479853	1.336996	1.295971
00:00:00.534	1.449817	1.330403	1.300366
00:00:00.534	1.364103	1.297436	1.300366
00:00:00.535	1.287912	1.288645	1.289377
00:00:00.535	1.283516	1.311355	1.303297
00:00:00.536	1.284249	1.328205	1.311355
00:00:00.536	1.300366	1.356777	1.300366
00:00:00.536	1.303297	1.327473	1.304762
00:00:00.537	1.293773	1.285714	1.295971
00:00:00.537	1.284249	1.301832	1.300366
00:00:00.537	1.293773	1.342125	1.310623
00:00:00.538	1.310623	1.331868	1.320879
00:00:00.538	1.314286	1.302564	1.325275
00:00:00.538	1.305495	1.276190	1.305495
00:00:00.539	1.308425	1.301099	1.320879
00:00:00.539	1.306227	1.311355	1.315018
00:00:00.539	1.305495	1.303297	1.295971
00:00:00.540	1.304762	1.345788	1.299634
00:00:00.540	1.317216	1.376557	1.298168
00:00:00.541	1.313553	1.345055	1.286447
00:00:00.541	1.309158	1.321612	1.287179
00:00:00.541	1.313553	1.339194	1.293773
00:00:00.542	1.287912	1.311355	1.292308
00:00:00.542	1.304762	1.257875	1.291575
00:00:00.542	1.315018	1.208791	1.305495
00:00:00.543	1.305495	1.161905	1.298901
00:00:00.543	1.315018	1.180952	1.313553
00:00:00.543	1.308425	1.225641	1.306960
00:00:00.544	1.308425	1.242491	1.311355
00:00:00.544	1.300366	1.247619	1.307692
00:00:00.544	1.306227	1.306227	1.318681
00:00:00.546	1.318681	1.356044	1.314286
00:00:00.546	1.316484	1.365568	1.312821
00:00:00.546	1.314286	1.358242	1.305495
00:00:00.546	1.314286	1.404396	1.303297
00:00:00.546	1.303297	1.410256	1.286447
00:00:00.547	1.312088	1.391209	1.284982
00:00:00.547	1.309890	1.397070	1.287912
00:00:00.547	1.302564	1.354579	1.276923
00:00:00.548	1.313553	1.353846	1.287912
00:00:00.580	1.318681	1.323077	1.295971
00:00:00.580	1.309158	1.264469	1.301832
00:00:00.581	1.304762	1.183150	1.306227
00:00:00.581	1.309158	1.147253	1.312088
00:00:00.581	1.304762	1.172161	1.317216
00:00:00.582	1.311355	1.219048	1.300366
00:00:00.582	1.310623	1.263736	1.299634
00:00:00.582	1.304762	1.284982	1.310623
00:00:00.583	1.305495	1.328205	1.312088
00:00:00.583	1.302564	1.359707	1.315018
00:00:00.583	1.317949	1.364835	1.323077
00:00:00.584	1.315751	1.350183	1.300366
00:00:00.584	1.313553	1.304029	1.293773
00:00:00.586	1.312821	1.267399	1.292308
00:00:00.586	1.309890	1.260806	1.287912
00:00:00.586	1.306960	1.278388	1.284982
00:00:00.588	1.296703	1.284982	1.282784
00:00:00.588	1.312821	1.307692	1.284249
00:00:00.588	1.316484	1.353114	1.312088
00:00:00.588	1.314286	1.349451	1.316484
00:00:00.588	1.310623	1.313553	1.314286
00:00:00.588	1.301832	1.302564	1.316484
00:00:00.588	1.312088	1.289377	1.312088
00:00:00.588	1.297436	1.281319	1.309158
00:00:00.588	1.298901	1.271062	1.306227
00:00:00.589	1.309890	1.294505	1.308425
00:00:00.589	1.306960	1.315018	1.287912
00:00:00.592	1.315751	1.306960	1.300366
00:00:00.592	1.320147	1.295238	1.293040
00:00:00.592	1.317949	1.345055	1.295238
00:00:00.592	1.320147	1.383150	1.298901
00:00:00.592	1.303297	1.368498	1.301832
00:00:00.592	1.310623	1.386813	1.295238
00:00:00.592	1.304762	1.326007	1.306960
00:00:00.592	1.307692	1.248352	1.304029
00:00:00.592	1.308425	1.268864	1.304762
00:00:00.593	1.306227	1.298168	1.308425
00:00:00.593	1.316484	1.299634	1.317949
00:00:00.593	1.315751	1.296703	1.312088
00:00:00.594	1.312088	1.305495	1.320147
00:00:00.594	1.313553	1.305495	1.320147
00:00:00.595	1.297436	1.285714	1.305495
00:00:00.595	1.310623	1.284249	1.306227
00:00:00.595	1.312088	1.318681	1.297436
00:00:00.596	1.317949	1.338462	1.305495
00:00:00.596	1.312821	1.304029	1.298168
00:00:00.596	1.317949	1.305495	1.287912
00:00:00.597	1.309890	1.323810	1.300366
00:00:00.598	1.316484	1.332601	1.300366
00:00:00.598	1.317216	1.328938	1.298168
00:00:00.630	1.310623	1.317949	1.312821
00:00:00.630	1.311355	1.310623	1.311355
00:00:00.630	1.306960	1.357509	1.312088
00:00:00.631	1.307692	1.334799	1.318681
00:00:00.631	1.321612	1.282784	1.320147
00:00:00.631	1.310623	1.263736	1.326740
00:00:00.632	1.304029	1.253480	1.306227
00:00:00.632	1.309158	1.261538	1.307692
00:00:00.632	1.316484	1.296703	1.312088
00:00:00.633	1.313553	1.300366	1.295971
00:00:00.633	1.311355	1.286447	1.285714
00:00:00.634	1.309158	1.306227	1.286447
00:00:00.634	1.306960	1.382418	1.287912
00:00:00.634	1.310623	1.402198	1.304762
00:00:00.635	1.312088	1.351648	1.300366
00:00:00.635	1.320879	1.323077	1.310623
00:00:00.635	1.315751	1.304762	1.317216
00:00:00.636	1.312088	1.291575	1.306227
00:00:00.636	1.307692	1.271062	1.296703
00:00:00.636	1.310623	1.225641	1.302564
00:00:00.637	1.295238	1.196337	1.301832
00:00:00.637	1.298168	1.249817	1.300366
00:00:00.637	1.306960	1.292308	1.311355
00:00:00.638	1.305495	1.287179	1.320147
00:00:00.638	1.309158	1.279121	1.304029
00:00:00.639	1.287912	1.274725	1.295971
00:00:00.639	1.309890	1.325275	1.310623
00:00:00.639	1.315751	1.353114	1.302564
00:00:00.640	1.320879	1.359707	1.293773
00:00:00.640	1.314286	1.358974	1.291575
00:00:00.640	1.314286	1.334799	1.297436
00:00:00.641	1.313553	1.327473	1.300366
00:00:00.641	1.316484	1.323810	1.304029
00:00:00.641	1.317216	1.323810	1.308425
00:00:00.642	1.309890	1.329670	1.304029
00:00:00.642	1.314286	1.366300	1.316484
00:00:00.642	1.310623	1.342125	1.305495
00:00:00.643	1.306960	1.271062	1.311355
00:00:00.643	1.312088	1.249817	1.317216
00:00:00.644	1.304029	1.240293	1.317216
00:00:00.644	1.305495	1.280586	1.316484
00:00:00.644	1.312088	1.282784	1.309890
00:00:00.645	1.312088	1.262271	1.290842
00:00:00.645	1.308425	1.256410	1.289377
00:00:00.645	1.301099	1.270330	1.282784
00:00:00.646	1.308425	1.292308	1.283516
00:00:00.647	1.312088	1.323810	1.287912
00:00:00.647	1.312088	1.326740	1.276923
00:00:00.647	1.315018	1.320147	1.294505
00:00:00.647	1.315018	1.311355	1.305495
00:00:00.679	1.312088	1.337729	1.305495
00:00:00.680	1.315018	1.327473	1.309158
00:00:00.680	1.307692	1.295971	1.301832
00:00:00.680	1.307692	1.297436	1.315018
00:00:00.683	1.308425	1.301832	1.319414
00:00:00.683	1.309890	1.309890	1.320879
00:00:00.683	1.303297	1.315018	1.320879
00:00:00.683	1.303297	1.311355	1.307692
00:00:00.683	1.315018	1.305495	1.310623
00:00:00.683	1.315751	1.304029	1.306227
00:00:00.683	1.312821	1.309158	1.299634
00:00:00.683	1.317949	1.320879	1.300366
00:00:00.687	1.327473	1.323077	1.294505
00:00:00.687	1.309890	1.328938	1.297436
00:00:00.687	1.304029	1.322344	1.293040
00:00:00.687	1.306960	1.320879	1.295971
00:00:00.687	1.318681	1.331868	1.306227
00:00:00.687	1.309890	1.316484	1.306227
00:00:00.687	1.312821	1.298901	1.307692
00:00:00.687	1.312821	1.298168	1.315751
00:00:00.687	1.310623	1.301099	1.316484
00:00:00.687	1.309158	1.304762	1.318681
00:00:00.687	1.303297	1.301099	1.309890
00:00:00.689	1.303297	1.292308	1.303297
00:00:00.689	1.316484	1.294505	1.310623
00:00:00.689	1.314286	1.301099	1.303297
00:00:00.689	1.300366	1.329670	1.293040
00:00:00.689	1.320147	1.346520	1.298901
00:00:00.689	1.315018	1.318681	1.298168
00:00:00.690	1.312821	1.325275	1.300366
00:00:00.690	1.316484	1.314286	1.297436
00:00:00.690	1.301832	1.268132	1.284982
00:00:00.691	1.315018	1.288645	1.299634
00:00:00.691	1.315018	1.284249	1.296703
00:00:00.692	1.308425	1.282051	1.297436
00:00:00.692	1.306227	1.290110	1.304762
00:00:00.692	1.303297	1.264469	1.297436
00:00:00.693	1.300366	1.246154	1.315018
00:00:00.693	1.311355	1.257143	1.315751
00:00:00.693	1.309158	1.270330	1.308425
00:00:00.694	1.316484	1.323810	1.326007
00:00:00.694	1.316484	1.427839	1.318681
00:00:00.694	1.300366	1.445421	1.304029
00:00:00.695	1.303297	1.424176	1.306960
00:00:00.695	1.302564	1.301099	1.296703
00:00:00.695	1.302564	1.259341	1.294505
00:00:00.696	1.310623	1.251282	1.283516
00:00:00.696	1.309158	1.202930	1.287912
00:00:00.697	1.312821	1.176557	1.287179
00:00:00.697	1.317216	1.245421	1.294505
00:00:00.729	1.301832	1.274725	1.290110
00:00:00.729	1.306227	1.320147	1.309158
00:00:00.730	1.306227	1.252747	1.298168
00:00:00.730	1.304762	1.246886	1.306227
00:00:00.730	1.306227	1.276923	1.309158
00:00:00.731	1.311355	1.312821	1.321612
00:00:00.731	1.320147	1.316484	1.326740
00:00:00.732	1.315751	1.354579	1.318681
00:00:00.732	1.305495	1.391941	1.312088
00:00:00.732	1.307692	1.416117	1.317949
00:00:00.733	1.303297	1.353846	1.306960
00:00:00.734	1.308425	1.298901	1.300366
00:00:00.734	1.304762	1.297436	1.291575
00:00:00.734	1.309890	1.326740	1.290842
00:00:00.734	1.309158	1.339927	1.295971
00:00:00.734	1.312088	1.310623	1.290110
00:00:00.735	1.311355	1.274725	1.295238
00:00:00.735	1.316484	1.279121	1.300366
00:00:00.736	1.295238	1.275458	1.294505
00:00:00.736	1.306227	1.270330	1.304762
00:00:00.736	1.308425	1.265934	1.302564
00:00:00.737	1.312088	1.290110	1.312821
00:00:00.737	1.309890	1.320147	1.307692
00:00:00.737	1.300366	1.275458	1.303297
00:00:00.738	1.309158	1.280586	1.308425
00:00:00.738	1.302564	1.268132	1.300366
00:00:00.738	1.291575	1.271795	1.302564
00:00:00.739	1.306960	1.312821	1.309158
00:00:00.739	1.304029	1.318681	1.303297
00:00:00.739	1.323810	1.321612	1.299634
00:00:00.740	1.317949	1.320147	1.287179
00:00:00.740	1.322344	1.318681	1.298168
00:00:00.741	1.309158	1.301099	1.288645
00:00:00.741	1.313553	1.321612	1.302564
00:00:00.741	1.312088	1.332601	1.299634
00:00:00.742	1.313553	1.320879	1.312088
00:00:00.742	1.309890	1.304762	1.300366
00:00:00.742	1.306960	1.305495	1.308425
00:00:00.744	1.314286	1.319414	1.315751
00:00:00.744	1.304762	1.335531	1.315751
00:00:00.744	1.317216	1.334799	1.323810
00:00:00.744	1.309158	1.287179	1.317949
00:00:00.744	1.300366	1.244689	1.299634
00:00:00.744	1.306227	1.294505	1.299634
00:00:00.746	1.313553	1.344322	1.302564
00:00:00.746	1.307692	1.361172	1.296703
00:00:00.747	1.320147	1.350916	1.298168
00:00:00.747	1.309158	1.346520	1.299634
