timestamp	ch1	ch2	ch3
00:00:00.000	1.317949	1.341392	1.304029
00:00:00.000	1.299634	1.315751	1.290842
00:00:00.000	1.310623	1.322344	1.297436
00:00:00.004	1.307692	1.323810	1.304029
00:00:00.004	1.297436	1.376557	1.297436
00:00:00.004	1.312088	1.361905	1.311355
00:00:00.004	1.309158	1.290110	1.297436
00:00:00.004	1.306227	1.227839	1.298168
00:00:00.004	1.301832	1.228571	1.295238
00:00:00.004	1.306960	1.265201	1.290110
00:00:00.004	1.309890	1.321612	1.305495
00:00:00.004	1.307692	1.356044	1.306227
00:00:00.004	1.305495	1.352381	1.303297
00:00:00.004	1.309158	1.329670	1.307692
00:00:00.006	1.326007	1.303297	1.304029
00:00:00.006	1.321612	1.294505	1.308425
00:00:00.006	1.323077	1.302564	1.312821
00:00:00.006	1.312821	1.285714	1.306227
00:00:00.006	1.309158	1.279121	1.305495
00:00:00.007	1.323077	1.334066	1.306227
00:00:00.007	1.320879	1.339194	1.309890
00:00:00.007	1.303297	1.282051	1.295238
00:00:00.008	1.304762	1.284249	1.307692
00:00:00.008	1.307692	1.280586	1.304762
00:00:00.008	1.305495	1.304029	1.304762
00:00:00.009	1.294505	1.322344	1.295238
00:00:00.009	1.317949	1.336996	1.288645
00:00:00.009	1.322344	1.361172	1.308425
00:00:00.010	1.308425	1.329670	1.309158
00:00:00.010	1.322344	1.308425	1.306960
00:00:00.011	1.325275	1.297436	1.308425
00:00:00.011	1.320879	1.296703	1.309158
00:00:00.011	1.305495	1.319414	1.306227
00:00:00.012	1.308425	1.329670	1.306227
00:00:00.012	1.303297	1.319414	1.304029
00:00:00.012	1.305495	1.296703	1.304762
00:00:00.013	1.310623	1.282051	1.306960
00:00:00.013	1.303297	1.230037	1.306227
00:00:00.013	1.315018	1.252015	1.307692
00:00:00.014	1.313553	1.293773	1.308425
00:00:00.014	1.328205	1.333333	1.307692
00:00:00.014	1.344322	1.296703	1.290110
00:00:00.015	1.329670	1.304029	1.310623
00:00:00.015	1.319414	1.296703	1.308425
00:00:00.016	1.296703	1.306227	1.294505
00:00:00.016	1.315751	1.328938	1.309890
00:00:00.017	1.306227	1.328205	1.306227
00:00:00.017	1.308425	1.333333	1.308425
00:00:00.017	1.304029	1.332601	1.311355
00:00:00.017	1.309158	1.312088	1.304762
00:00:00.049	1.315018	1.326007	1.304029
00:00:00.050	1.310623	1.350916	1.306227
00:00:00.050	1.309158	1.342857	1.310623
00:00:00.051	1.304029	1.303297	1.298901
00:00:00.051	1.309890	1.290842	1.306227
00:00:00.051	1.307692	1.293040	1.304029
00:00:00.052	1.304762	1.345055	1.298168
00:00:00.052	1.312088	1.327473	1.293773
00:00:00.052	1.307692	1.300366	1.302564
00:00:00.053	1.306960	1.282784	1.312821
00:00:00.053	1.313553	1.248352	1.299634
00:00:00.053	1.306960	1.257143	1.300366
00:00:00.054	1.307692	1.284982	1.300366
00:00:00.054	1.313553	1.276923	1.306960
00:00:00.054	1.317216	1.306227	1.314286
00:00:00.055	1.300366	1.302564	1.290110
00:00:00.055	1.308425	1.303297	1.302564
00:00:00.056	1.314286	1.298901	1.295238
00:00:00.056	1.317216	1.317216	1.315751
00:00:00.056	1.305495	1.305495	1.310623
00:00:00.057	1.316484	1.301099	1.307692
00:00:00.057	1.304762	1.318681	1.304029
00:00:00.057	1.315018	1.323810	1.306227
00:00:00.058	1.312088	1.315751	1.300366
00:00:00.058	1.313553	1.386081	1.302564
00:00:00.058	1.313553	1.403663	1.303297
00:00:00.059	1.304029	1.340659	1.301832
00:00:00.059	1.315751	1.263736	1.306227
00:00:00.060	1.312088	1.215385	1.305495
00:00:00.060	1.307692	1.240293	1.300366
00:00:00.060	1.313553	1.298168	1.300366
00:00:00.061	1.312821	1.336996	1.306227
00:00:00.061	1.307692	1.358242	1.302564
00:00:00.061	1.313553	1.319414	1.307692
00:00:00.063	1.312088	1.298168	1.300366
00:00:00.063	1.312088	1.284249	1.299634
00:00:00.063	1.315751	1.265201	1.305495
00:00:00.063	1.306960	1.266667	1.304029
00:00:00.063	1.308425	1.300366	1.311355
00:00:00.063	1.310623	1.343590	1.304762
00:00:00.065	1.322344	1.356777	1.309890
00:00:00.065	1.317949	1.310623	1.310623
00:00:00.067	1.293040	1.282051	1.303297
00:00:00.067	1.306227	1.286447	1.306227
00:00:00.067	1.316484	1.301099	1.307692
00:00:00.067	1.319414	1.275458	1.306227
00:00:00.067	1.317216	1.294505	1.305495
00:00:00.067	1.309158	1.301099	1.295238
00:00:00.067	1.312088	1.315751	1.311355
00:00:00.067	1.312821	1.337729	1.307692
00:00:00.099	1.300366	1.342857	1.298901
00:00:00.102	1.323810	1.330403	1.303297
00:00:00.102	1.317216	1.312088	1.306227
00:00:00.102	1.316484	1.293040	1.307692
00:00:00.102	1.301099	1.285714	1.306227
00:00:00.102	1.305495	1.279121	1.306227
00:00:00.102	1.295971	1.298901	1.302564
00:00:00.102	1.309890	1.331136	1.310623
00:00:00.102	1.314286	1.340659	1.304029
00:00:00.102	1.312088	1.330403	1.308425
00:00:00.104	1.316484	1.314286	1.302564
00:00:00.104	1.317949	1.312088	1.304762
00:00:00.104	1.317949	1.312088	1.305495
00:00:00.104	1.312088	1.305495	1.306227
00:00:00.104	1.298168	1.296703	1.298168
00:00:00.105	1.323810	1.304029	1.304762
00:00:00.105	1.312088	1.295238	1.297436
00:00:00.105	1.312088	1.287912	1.306227
00:00:00.106	1.316484	1.289377	1.311355
00:00:00.106	1.306227	1.299634	1.304029
00:00:00.106	1.301832	1.307692	1.306227
00:00:00.107	1.308425	1.320147	1.308425
00:00:00.107	1.309158	1.317949	1.298168
00:00:00.107	1.304762	1.311355	1.305495
00:00:00.108	1.298901	1.306227	1.306960
00:00:00.108	1.311355	1.290110	1.295238
00:00:00.109	1.315018	1.299634	1.312088
00:00:00.109	1.322344	1.303297	1.309158
00:00:00.109	1.309158	1.297436	1.300366
00:00:00.110	1.311355	1.315018	1.304762
00:00:00.110	1.295971	1.319414	1.296703
00:00:00.110	1.320879	1.316484	1.305495
00:00:00.111	1.339194	1.309890	1.300366
00:00:00.111	1.328205	1.304029	1.301832
00:00:00.111	1.317216	1.301832	1.309890
00:00:00.112	1.308425	1.303297	1.304029
00:00:00.112	1.306227	1.312088	1.300366
00:00:00.112	1.310623	1.324542	1.311355
00:00:00.113	1.304762	1.332601	1.304029
00:00:00.113	1.307692	1.342125	1.308425
00:00:00.114	1.309890	1.331136	1.296703
00:00:00.114	1.308425	1.332601	1.307692
00:00:00.114	1.295238	1.293773	1.312821
00:00:00.115	1.296703	1.276923	1.300366
00:00:00.115	1.309890	1.267399	1.300366
00:00:00.115	1.333333	1.252015	1.305495
00:00:00.116	1.323810	1.257143	1.307692
00:00:00.116	1.326007	1.342125	1.291575
00:00:00.116	1.323810	1.359707	1.309158
00:00:00.117	1.306960	1.318681	1.296703
00:00:00.149	1.312088	1.261538	1.304762
00:00:00.149	1.312821	1.232967	1.299634
00:00:00.150	1.315751	1.280586	1.300366
00:00:00.150	1.303297	1.339194	1.306227
00:00:00.150	1.311355	1.356044	1.306227
00:00:00.151	1.299634	1.352381	1.293040
00:00:00.151	1.308425	1.311355	1.302564
00:00:00.151	1.306227	1.281319	1.300366
00:00:00.152	1.307692	1.295971	1.304762
00:00:00.153	1.308425	1.318681	1.308425
00:00:00.153	1.314286	1.314286	1.300366
00:00:00.153	1.309890	1.329670	1.301832
00:00:00.153	1.305495	1.355311	1.306960
00:00:00.154	1.317949	1.309890	1.296703
00:00:00.154	1.321612	1.253480	1.306227
00:00:00.154	1.317949	1.220513	1.313553
00:00:00.155	1.318681	1.369231	1.312088
00:00:00.155	1.312088	1.467399	1.308425
00:00:00.155	1.304029	1.413187	1.308425
00:00:00.156	1.306227	1.276923	1.309158
00:00:00.156	1.318681	1.224908	1.300366
00:00:00.156	1.296703	1.228571	1.303297
00:00:00.157	1.312088	1.216850	1.308425
00:00:00.157	1.293040	1.197070	1.293773
00:00:00.158	1.300366	1.312821	1.293773
00:00:00.158	1.315018	1.371429	1.307692
00:00:00.158	1.316484	1.346520	1.310623
00:00:00.159	1.319414	1.257875	1.309158
00:00:00.159	1.303297	1.227839	1.306227
00:00:00.159	1.319414	1.246154	1.303297
00:00:00.160	1.323810	1.259341	1.311355
00:00:00.160	1.320147	1.293773	1.306227
00:00:00.160	1.315018	1.355311	1.306227
00:00:00.162	1.298901	1.353846	1.294505
00:00:00.162	1.318681	1.357509	1.305495
00:00:00.162	1.321612	1.358974	1.312821
00:00:00.162	1.317949	1.339927	1.297436
00:00:00.162	1.309158	1.304029	1.302564
00:00:00.164	1.313553	1.288645	1.283516
00:00:00.164	1.315018	1.314286	1.306960
00:00:00.164	1.304029	1.320147	1.307692
00:00:00.164	1.293773	1.325275	1.309158
00:00:00.164	1.295238	1.314286	1.300366
00:00:00.164	1.299634	1.307692	1.309890
00:00:00.166	1.303297	1.308425	1.310623
00:00:00.166	1.312088	1.297436	1.309158
00:00:00.166	1.326007	1.284982	1.305495
00:00:00.166	1.326740	1.316484	1.307692
00:00:00.166	1.329670	1.357509	1.306960
00:00:00.166	1.321612	1.335531	1.304029
00:00:00.199	1.317949	1.298901	1.302564
00:00:00.199	1.326007	1.304029	1.306960
00:00:00.199	1.315018	1.317949	1.302564
00:00:00.201	1.298901	1.368498	1.293773
00:00:00.201	1.305495	1.380220	1.303297
00:00:00.201	1.312088	1.322344	1.303297
00:00:00.202	1.301099	1.241758	1.296703
00:00:00.202	1.309890	1.232234	1.306960
00:00:00.202	1.304029	1.267399	1.314286
00:00:00.202	1.309890	1.310623	1.317216
00:00:00.202	1.313553	1.320147	1.306227
00:00:00.203	1.324542	1.323077	1.302564
00:00:00.203	1.326740	1.316484	1.307692
00:00:00.203	1.317949	1.300366	1.312088
00:00:00.204	1.323810	1.292308	1.311355
00:00:00.204	1.316484	1.299634	1.304762
00:00:00.205	1.321612	1.311355	1.300366
00:00:00.205	1.308425	1.293040	1.287912
00:00:00.205	1.317216	1.310623	1.303297
00:00:00.205	1.310623	1.300366	1.304029
00:00:00.206	1.298168	1.273993	1.297436
00:00:00.206	1.309890	1.290110	1.300366
00:00:00.207	1.304029	1.305495	1.309158
00:00:00.207	1.309890	1.297436	1.304029
00:00:00.207	1.306227	1.316484	1.309158
00:00:00.208	1.300366	1.340659	1.313553
00:00:00.208	1.309158	1.335531	1.308425
00:00:00.208	1.315018	1.338462	1.308425
00:00:00.209	1.301832	1.304029	1.298901
00:00:00.209	1.301832	1.295971	1.304762
00:00:00.209	1.307692	1.298168	1.308425
00:00:00.210	1.317949	1.307692	1.314286
00:00:00.210	1.297436	1.312821	1.305495
00:00:00.210	1.307692	1.334799	1.310623
00:00:00.211	1.309158	1.320147	1.297436
00:00:00.211	1.315751	1.321612	1.305495
00:00:00.212	1.306960	1.304029	1.303297
00:00:00.212	1.298901	1.276923	1.295971
00:00:00.212	1.312088	1.282051	1.313553
00:00:00.213	1.308425	1.276190	1.304029
00:00:00.213	1.305495	1.263736	1.297436
00:00:00.213	1.317949	1.310623	1.309158
00:00:00.214	1.314286	1.331868	1.304762
00:00:00.214	1.307692	1.354579	1.303297
00:00:00.214	1.323810	1.336264	1.308425
00:00:00.215	1.323077	1.295238	1.304029
00:00:00.215	1.314286	1.278388	1.309890
00:00:00.215	1.323810	1.287912	1.306227
00:00:00.216	1.304029	1.287179	1.295971
00:00:00.216	1.320879	1.300366	1.309890
00:00:00.248	1.323810	1.323810	1.300366
00:00:00.249	1.300366	1.323077	1.300366
00:00:00.249	1.306227	1.316484	1.306227
00:00:00.249	1.310623	1.291575	1.290842
00:00:00.250	1.306960	1.301832	1.292308
00:00:00.250	1.304762	1.331868	1.306227
00:00:00.250	1.290110	1.311355	1.294505
00:00:00.251	1.300366	1.326740	1.306227
00:00:00.251	1.306960	1.308425	1.308425
00:00:00.252	1.306227	1.287912	1.306227
00:00:00.252	1.309158	1.292308	1.308425
00:00:00.252	1.301832	1.297436	1.302564
00:00:00.253	1.304029	1.306227	1.305495
00:00:00.253	1.312088	1.309890	1.310623
00:00:00.253	1.312088	1.307692	1.309158
00:00:00.254	1.319414	1.293773	1.315751
00:00:00.254	1.315751	1.301099	1.308425
00:00:00.254	1.315018	1.295238	1.308425
00:00:00.255	1.318681	1.282051	1.312088
00:00:00.255	1.321612	1.276923	1.300366
00:00:00.256	1.304029	1.281319	1.293040
00:00:00.256	1.304762	1.346520	1.307692
00:00:00.256	1.311355	1.322344	1.288645
00:00:00.257	1.312088	1.325275	1.299634
00:00:00.257	1.310623	1.342857	1.312821
00:00:00.257	1.311355	1.351648	1.307692
00:00:00.259	1.300366	1.326007	1.310623
00:00:00.259	1.312821	1.309890	1.317216
00:00:00.259	1.314286	1.269597	1.306960
00:00:00.259	1.315018	1.280586	1.304762
00:00:00.259	1.314286	1.289377	1.309890
00:00:00.259	1.307692	1.298168	1.290110
00:00:00.260	1.289377	1.293773	1.298901
00:00:00.260	1.317949	1.290842	1.303297
00:00:00.262	1.325275	1.299634	1.311355
00:00:00.262	1.309158	1.327473	1.306960
00:00:00.262	1.315751	1.334799	1.312088
00:00:00.262	1.302564	1.293040	1.297436
00:00:00.262	1.306227	1.264469	1.294505
00:00:00.262	1.312821	1.266667	1.309158
00:00:00.263	1.286447	1.273993	1.294505
00:00:00.263	1.310623	1.305495	1.307692
00:00:00.263	1.309890	1.331136	1.305495
00:00:00.264	1.312088	1.345788	1.307692
00:00:00.264	1.309158	1.362637	1.303297
00:00:00.264	1.318681	1.353846	1.303297
00:00:00.265	1.312088	1.320147	1.304029
00:00:00.265	1.304762	1.290110	1.303297
00:00:00.266	1.320147	1.300366	1.308425
00:00:00.266	1.312088	1.269597	1.313553
00:00:00.298	1.313553	1.255678	1.306227
00:00:00.298	1.317216	1.287179	1.308425
00:00:00.299	1.315751	1.300366	1.306960
00:00:00.299	1.293773	1.350183	1.306960
00:00:00.300	1.307692	1.351648	1.309890
00:00:00.300	1.334066	1.335531	1.306960
00:00:00.300	1.308425	1.307692	1.297436
00:00:00.301	1.297436	1.269597	1.306227
00:00:00.301	1.307692	1.249084	1.296703
00:00:00.301	1.299634	1.287912	1.290110
00:00:00.302	1.310623	1.312821	1.302564
00:00:00.302	1.312088	1.334066	1.293773
00:00:00.302	1.301832	1.288645	1.283516
00:00:00.303	1.308425	1.273260	1.293773
00:00:00.303	1.314286	1.267399	1.311355
00:00:00.303	1.320879	1.276190	1.309890
00:00:00.304	1.317949	1.278388	1.315018
00:00:00.304	1.312821	1.266667	1.296703
00:00:00.305	1.316484	1.294505	1.318681
00:00:00.305	1.308425	1.307692	1.312821
00:00:00.305	1.309158	1.312088	1.308425
00:00:00.306	1.317949	1.348718	1.310623
00:00:00.306	1.295971	1.342857	1.307692
00:00:00.306	1.303297	1.341392	1.299634
00:00:00.307	1.300366	1.331136	1.298168
00:00:00.307	1.303297	1.326007	1.295971
00:00:00.307	1.315018	1.306227	1.305495
00:00:00.308	1.312088	1.290110	1.304029
00:00:00.308	1.301832	1.269597	1.292308
00:00:00.308	1.312088	1.292308	1.309158
00:00:00.310	1.316484	1.310623	1.312088
00:00:00.310	1.322344	1.322344	1.316484
00:00:00.310	1.315751	1.318681	1.313553
00:00:00.310	1.317216	1.326007	1.306960
00:00:00.310	1.319414	1.334799	1.309158
00:00:00.311	1.308425	1.321612	1.293773
00:00:00.311	1.314286	1.333333	1.301832
00:00:00.311	1.312088	1.322344	1.299634
00:00:00.312	1.314286	1.311355	1.305495
00:00:00.312	1.301099	1.284982	1.295238
00:00:00.312	1.315018	1.301832	1.309158
00:00:00.313	1.314286	1.313553	1.315751
00:00:00.313	1.310623	1.328938	1.307692
00:00:00.313	1.312088	1.336996	1.317216
00:00:00.314	1.306227	1.309158	1.300366
00:00:00.314	1.307692	1.294505	1.306960
00:00:00.315	1.307692	1.282784	1.304029
00:00:00.315	1.312821	1.268132	1.306227
00:00:00.315	1.322344	1.269597	1.282784
00:00:00.316	1.313553	1.271795	1.284982
00:00:00.348	1.316484	1.265201	1.262271
00:00:00.348	1.317949	1.317949	1.276923
00:00:00.350	1.306960	1.347253	1.279121
00:00:00.350	1.319414	1.364835	1.300366
00:00:00.350	1.309890	1.354579	1.319414
00:00:00.350	1.304762	1.323810	1.333333
00:00:00.350	1.300366	1.295971	1.339194
00:00:00.350	1.291575	1.276923	1.335531
00:00:00.353	1.294505	1.275458	1.332601
00:00:00.353	1.304762	1.285714	1.330403
00:00:00.353	1.296703	1.292308	1.323810
00:00:00.353	1.304762	1.309890	1.306960
00:00:00.353	1.311355	1.317949	1.295971
00:00:00.353	1.312088	1.307692	1.294505
00:00:00.354	1.320879	1.306227	1.295971
00:00:00.354	1.307692	1.291575	1.290842
00:00:00.354	1.306227	1.339194	1.304029
00:00:00.354	1.311355	1.320147	1.298901
00:00:00.354	1.323810	1.329670	1.299634
00:00:00.357	1.320879	1.408059	1.309158
00:00:00.357	1.317949	1.479121	1.303297
00:00:00.357	1.295971	1.539927	1.312088
00:00:00.357	1.299634	1.543590	1.317216
00:00:00.357	1.321612	1.632234	1.321612
00:00:00.357	1.306227	1.493040	1.299634
00:00:00.357	1.312088	1.158242	1.303297
00:00:00.357	1.320879	0.915018	1.287179
00:00:00.357	1.318681	0.761905	1.282784
00:00:00.358	1.319414	0.715018	1.278388
00:00:00.358	1.311355	0.949451	1.269597
00:00:00.359	1.305495	1.174359	1.287912
00:00:00.359	1.293040	1.382418	1.300366
00:00:00.359	1.295971	1.388278	1.304029
00:00:00.360	1.308425	1.364835	1.318681
00:00:00.360	1.316484	1.372161	1.312088
00:00:00.360	1.306227	1.332601	1.305495
00:00:00.361	1.317949	1.418315	1.322344
00:00:00.362	1.296703	1.457875	1.307692
00:00:00.362	1.301832	1.450549	1.323810
00:00:00.362	1.291575	1.360440	1.320879
00:00:00.362	1.316484	1.339927	1.317216
00:00:00.362	1.327473	1.406593	1.309890
00:00:00.363	1.324542	1.547253	1.326007
00:00:00.363	1.335531	1.745788	1.332601
00:00:00.364	1.328938	1.715751	1.315751
00:00:00.364	1.323810	1.515751	1.323810
00:00:00.364	1.320879	1.248352	1.299634
00:00:00.365	1.320879	0.982418	1.282784
00:00:00.365	1.319414	1.074725	1.295238
00:00:00.365	1.322344	1.108425	1.287179
00:00:00.398	1.319414	1.081319	1.280586
00:00:00.398	1.317949	1.102564	1.283516
00:00:00.398	1.315751	1.103297	1.295971
00:00:00.399	1.308425	1.093040	1.293040
00:00:00.399	1.284249	1.060073	1.279121
00:00:00.399	1.270330	1.050549	1.282784
00:00:00.400	1.272527	1.237363	1.284249
00:00:00.400	1.268864	1.411722	1.296703
00:00:00.400	1.304762	1.463736	1.316484
00:00:00.401	1.313553	1.421245	1.313553
00:00:00.401	1.300366	1.405128	1.320879
00:00:00.401	1.313553	1.450549	1.326740
00:00:00.402	1.320879	1.458608	1.305495
00:00:00.402	1.317949	1.438828	1.295971
00:00:00.403	1.332601	1.378755	1.290110
00:00:00.403	1.346520	1.356044	1.309890
00:00:00.403	1.359707	1.351648	1.321612
00:00:00.404	1.356044	1.345788	1.328205
00:00:00.404	1.353846	1.383883	1.344322
00:00:00.404	1.331868	1.441026	1.331868
00:00:00.405	1.298901	1.354579	1.321612
00:00:00.405	1.280586	1.520879	1.333333
00:00:00.405	1.273993	1.750183	1.326007
00:00:00.406	1.276923	1.784615	1.299634
00:00:00.406	1.292308	1.614652	1.310623
00:00:00.406	1.289377	1.333333	1.288645
00:00:00.407	1.282051	1.057875	1.276190
00:00:00.407	1.315018	0.738462	1.279853
00:00:00.408	1.318681	0.538462	1.257875
00:00:00.408	1.322344	0.599267	1.256410
00:00:00.408	1.331868	0.910623	1.296703
00:00:00.409	1.317216	1.148718	1.312088
00:00:00.409	1.299634	1.334799	1.322344
00:00:00.409	1.296703	1.460073	1.317949
00:00:00.410	1.288645	1.590476	1.336264
00:00:00.410	1.295238	1.493773	1.327473
00:00:00.410	1.306960	1.358974	1.330403
00:00:00.411	1.311355	1.210989	1.327473
00:00:00.411	1.331868	1.209524	1.333333
00:00:00.411	1.331136	1.238095	1.331136
00:00:00.412	1.321612	1.296703	1.325275
00:00:00.412	1.346520	1.495971	1.311355
00:00:00.412	1.342125	1.690842	1.313553
00:00:00.413	1.334066	1.641026	1.303297
00:00:00.414	1.314286	1.530403	1.298168
00:00:00.414	1.297436	1.435897	1.281319
00:00:00.414	1.287912	1.350916	1.275458
00:00:00.414	1.298168	1.238095	1.284249
00:00:00.415	1.326740	1.226374	1.300366
00:00:00.415	1.304762	1.383883	1.304029
00:00:00.447	1.298901	1.343590	1.313553
00:00:00.448	1.309890	1.261538	1.323077
00:00:00.448	1.308425	1.323810	1.326007
00:00:00.448	1.317216	1.246154	1.315018
00:00:00.450	1.330403	1.247619	1.302564
00:00:00.450	1.333333	1.291575	1.304029
00:00:00.450	1.320879	1.183883	1.303297
00:00:00.451	1.319414	1.091575	1.295238
00:00:00.451	1.303297	1.120879	1.299634
00:00:00.451	1.291575	1.172161	1.306960
00:00:00.452	1.300366	1.185348	1.303297
00:00:00.452	1.317216	1.233700	1.309890
00:00:00.452	1.321612	1.293773	1.304029
00:00:00.452	1.317216	1.419048	1.300366
00:00:00.452	1.321612	1.406593	1.288645
00:00:00.455	1.331136	1.391941	1.295971
00:00:00.455	1.326007	1.404396	1.305495
00:00:00.455	1.307692	1.459341	1.299634
00:00:00.455	1.282051	1.473260	1.298168
00:00:00.455	1.289377	1.495971	1.321612
00:00:00.455	1.301099	1.397802	1.323077
00:00:00.455	1.294505	1.197802	1.330403
00:00:00.455	1.281319	1.157509	1.323810
00:00:00.455	1.276923	1.202930	1.296703
00:00:00.457	1.283516	1.271062	1.290110
00:00:00.457	1.289377	1.304762	1.298168
00:00:00.457	1.304762	1.318681	1.293773
00:00:00.457	1.325275	1.397070	1.305495
00:00:00.457	1.318681	1.477656	1.306227
00:00:00.458	1.301832	1.482051	1.301832
00:00:00.458	1.301832	1.388278	1.298168
00:00:00.458	1.309890	1.371429	1.290110
00:00:00.459	1.300366	1.331868	1.288645
00:00:00.459	1.323810	1.246886	1.280586
00:00:00.459	1.320879	1.105495	1.261538
00:00:00.460	1.345788	1.146520	1.276923
00:00:00.460	1.339194	1.109890	1.289377
00:00:00.460	1.323810	1.043223	1.305495
00:00:00.461	1.323810	1.195604	1.327473
00:00:00.461	1.321612	1.300366	1.320147
00:00:00.462	1.326740	1.397070	1.343590
00:00:00.462	1.328938	1.503297	1.339927
00:00:00.462	1.323810	1.481319	1.309158
00:00:00.463	1.314286	1.346520	1.305495
00:00:00.463	1.309890	1.292308	1.309890
00:00:00.463	1.305495	1.224908	1.296703
00:00:00.464	1.301832	1.235165	1.300366
00:00:00.464	1.294505	1.288645	1.299634
00:00:00.464	1.305495	1.426374	1.323810
00:00:00.465	1.304762	1.423443	1.333333
00:00:00.497	1.295971	1.409524	1.328205
00:00:00.498	1.323810	1.410256	1.339927
00:00:00.498	1.342857	1.377289	1.323077
00:00:00.498	1.355311	1.224176	1.292308
00:00:00.498	1.341392	1.117216	1.282784
00:00:00.499	1.311355	1.109158	1.284982
00:00:00.499	1.300366	1.221978	1.276190
00:00:00.499	1.286447	1.264469	1.273260
00:00:00.500	1.279853	1.304029	1.290842
00:00:00.500	1.279121	1.357509	1.300366
00:00:00.501	1.279121	1.337729	1.298901
00:00:00.501	1.293773	1.272527	1.312088
00:00:00.501	1.289377	1.249817	1.306960
00:00:00.502	1.297436	1.282784	1.298168
00:00:00.502	1.314286	1.276923	1.295238
00:00:00.502	1.315751	1.350183	1.287912
00:00:00.503	1.336264	1.404396	1.299634
00:00:00.503	1.340659	1.382418	1.312821
00:00:00.503	1.317949	1.318681	1.314286
00:00:00.504	1.317216	1.336264	1.311355
00:00:00.504	1.304029	1.413187	1.311355
00:00:00.504	1.304762	1.503297	1.327473
00:00:00.505	1.320879	1.381685	1.299634
00:00:00.505	1.317949	1.257875	1.299634
00:00:00.506	1.326740	1.174359	1.299634
00:00:00.506	1.322344	1.042491	1.292308
00:00:00.506	1.318681	1.199267	1.279121
00:00:00.507	1.308425	1.493040	1.296703
00:00:00.507	1.314286	1.621245	1.311355
00:00:00.507	1.304029	1.547253	1.334066
00:00:00.508	1.309158	1.353846	1.320879
00:00:00.508	1.323810	1.202930	1.329670
00:00:00.508	1.311355	1.190476	1.333333
00:00:00.509	1.310623	1.162637	1.323077
00:00:00.509	1.309890	1.332601	1.309158
00:00:00.509	1.321612	1.698901	1.325275
00:00:00.510	1.307692	1.701099	1.308425
00:00:00.510	1.305495	1.339194	1.299634
00:00:00.512	1.295238	1.018315	1.285714
00:00:00.512	1.293773	0.906960	1.275458
00:00:00.512	1.284982	0.678388	1.266667
00:00:00.512	1.286447	0.857875	1.276923
00:00:00.512	1.306227	1.152381	1.298168
00:00:00.512	1.322344	1.263004	1.313553
00:00:00.514	1.347253	1.273993	1.318681
00:00:00.514	1.345788	1.306227	1.318681
00:00:00.514	1.336996	1.439560	1.312821
00:00:00.516	1.338462	1.682051	1.326007
00:00:00.516	1.328938	1.746520	1.336264
00:00:00.516	1.314286	1.635165	1.331136
00:00:00.549	1.331136	1.494505	1.312821
00:00:00.549	1.336996	1.342125	1.310623
00:00:00.549	1.330403	1.249084	1.298901
00:00:00.549	1.304762	1.293773	1.304029
00:00:00.549	1.279853	1.396337	1.307692
00:00:00.549	1.274725	1.356044	1.316484
00:00:00.549	1.259341	1.254945	1.306960
00:00:00.549	1.266667	1.132601	1.301832
00:00:00.552	1.270330	1.028571	1.294505
00:00:00.552	1.273993	1.052015	1.290842
00:00:00.552	1.287912	1.189744	1.315751
00:00:00.552	1.309158	1.323077	1.300366
00:00:00.552	1.321612	1.394139	1.311355
00:00:00.552	1.337729	1.377289	1.326007
00:00:00.552	1.326007	1.387546	1.308425
00:00:00.552	1.325275	1.446886	1.306960
00:00:00.552	1.335531	1.355311	1.297436
00:00:00.553	1.341392	1.271062	1.306227
00:00:00.553	1.334799	1.232967	1.312821
00:00:00.553	1.321612	1.260073	1.307692
00:00:00.554	1.323077	1.260806	1.298168
00:00:00.554	1.324542	1.282051	1.290842
00:00:00.555	1.316484	1.339927	1.292308
00:00:00.555	1.310623	1.368498	1.297436
00:00:00.555	1.305495	1.386813	1.311355
00:00:00.556	1.284249	1.361905	1.298168
00:00:00.556	1.293040	1.357509	1.294505
00:00:00.556	1.305495	1.336264	1.299634
00:00:00.557	1.312821	1.324542	1.295238
00:00:00.557	1.326740	1.365568	1.306227
00:00:00.557	1.306227	1.411722	1.314286
00:00:00.558	1.318681	1.482784	1.336264
00:00:00.558	1.320147	1.457143	1.338462
00:00:00.558	1.313553	1.416117	1.347253
00:00:00.559	1.312088	1.386081	1.323810
00:00:00.559	1.316484	1.317949	1.319414
00:00:00.560	1.331868	1.224908	1.304762
00:00:00.560	1.340659	1.139194	1.279853
00:00:00.560	1.343590	1.009524	1.284982
00:00:00.561	1.336264	0.991941	1.295238
00:00:00.561	1.296703	1.041758	1.276923
00:00:00.561	1.294505	1.173626	1.285714
00:00:00.562	1.299634	1.339927	1.300366
00:00:00.562	1.294505	1.383150	1.305495
00:00:00.562	1.287179	1.353846	1.314286
00:00:00.563	1.282051	1.329670	1.303297
00:00:00.563	1.267399	1.326740	1.300366
00:00:00.563	1.284982	1.383150	1.295971
00:00:00.564	1.296703	1.408791	1.288645
00:00:00.564	1.320147	1.421245	1.309158
00:00:00.596	1.332601	1.388278	1.313553
00:00:00.597	1.333333	1.364835	1.315018
00:00:00.597	1.333333	1.343590	1.317949
00:00:00.597	1.334799	1.294505	1.313553
00:00:00.598	1.316484	1.236630	1.306960
00:00:00.598	1.323810	1.291575	1.312088
00:00:00.599	1.309158	1.380952	1.290110
00:00:00.599	1.306227	1.464469	1.293773
00:00:00.599	1.305495	1.550183	1.313553
00:00:00.600	1.292308	1.466667	1.315018
00:00:00.600	1.315018	1.238828	1.302564
00:00:00.600	1.325275	1.139194	1.303297
00:00:00.601	1.315751	1.037363	1.301832
00:00:00.601	1.295971	0.994872	1.294505
00:00:00.601	1.305495	1.074725	1.297436
00:00:00.602	1.326007	1.175824	1.304762
00:00:00.602	1.335531	1.293773	1.317216
00:00:00.602	1.326740	1.320147	1.309890
00:00:00.603	1.313553	1.376557	1.304029
00:00:00.603	1.314286	1.391209	1.305495
00:00:00.604	1.320147	1.394139	1.310623
00:00:00.604	1.327473	1.394872	1.300366
00:00:00.604	1.312821	1.384615	1.309890
00:00:00.605	1.289377	1.520879	1.317216
00:00:00.605	1.286447	1.591941	1.322344
00:00:00.605	1.280586	1.512088	1.312821
00:00:00.606	1.282784	1.382418	1.303297
00:00:00.606	1.298901	1.404396	1.300366
00:00:00.606	1.311355	1.239560	1.287912
00:00:00.607	1.306960	1.096703	1.278388
00:00:00.607	1.328938	1.133333	1.292308
00:00:00.607	1.326007	1.148718	1.293773
00:00:00.611	1.320879	1.128205	1.303297
00:00:00.611	1.326007	1.281319	1.321612
00:00:00.611	1.312821	1.218315	1.335531
00:00:00.611	1.298901	1.164835	1.328938
00:00:00.611	1.311355	1.163370	1.328205
00:00:00.611	1.295971	1.272527	1.327473
00:00:00.611	1.295971	1.386813	1.311355
00:00:00.611	1.317216	1.510623	1.306227
00:00:00.611	1.328205	1.520879	1.289377
00:00:00.611	1.324542	1.586813	1.304029
00:00:00.611	1.316484	1.455678	1.296703
00:00:00.614	1.328938	1.252015	1.304029
00:00:00.614	1.320879	1.152381	1.297436
00:00:00.614	1.309890	1.132601	1.291575
00:00:00.614	1.297436	1.123077	1.284982
00:00:00.614	1.312821	1.186813	1.297436
00:00:00.614	1.327473	1.251282	1.306227
00:00:00.614	1.328205	1.262271	1.317216
00:00:00.647	1.308425	1.290842	1.314286
00:00:00.647	1.306960	1.357509	1.326740
00:00:00.647	1.311355	1.415385	1.315751
00:00:00.647	1.288645	1.405861	1.290842
00:00:00.648	1.293040	1.362637	1.298168
00:00:00.648	1.297436	1.297436	1.312821
00:00:00.648	1.293040	1.279853	1.304762
00:00:00.649	1.302564	1.401465	1.312821
00:00:00.649	1.299634	1.416117	1.312821
00:00:00.649	1.295238	1.394139	1.302564
00:00:00.650	1.283516	1.312821	1.287912
00:00:00.650	1.287179	1.238095	1.295238
00:00:00.650	1.306227	1.176557	1.298168
00:00:00.651	1.314286	1.298901	1.303297
00:00:00.651	1.304029	1.404396	1.295238
00:00:00.651	1.315018	1.448352	1.301832
00:00:00.652	1.316484	1.405128	1.311355
00:00:00.652	1.331136	1.301099	1.304029
00:00:00.653	1.353114	1.194139	1.286447
00:00:00.653	1.339194	1.199267	1.280586
00:00:00.653	1.323810	1.342125	1.309158
00:00:00.654	1.317216	1.375824	1.312821
00:00:00.655	1.300366	1.304762	1.320879
00:00:00.655	1.295971	1.230769	1.304762
00:00:00.655	1.299634	1.147985	1.288645
00:00:00.655	1.294505	1.288645	1.284982
00:00:00.655	1.310623	1.386813	1.292308
00:00:00.656	1.309890	1.405861	1.293773
00:00:00.656	1.297436	1.311355	1.312821
00:00:00.656	1.298901	1.230037	1.312821
00:00:00.657	1.322344	1.211722	1.314286
00:00:00.657	1.322344	1.167033	1.314286
00:00:00.658	1.329670	1.172161	1.309890
00:00:00.658	1.338462	1.320879	1.319414
00:00:00.658	1.322344	1.427106	1.308425
00:00:00.659	1.325275	1.384615	1.305495
00:00:00.659	1.320879	1.318681	1.298168
00:00:00.659	1.320879	1.283516	1.313553
00:00:00.660	1.304762	1.304762	1.276923
00:00:00.660	1.284982	1.306227	1.263004
00:00:00.660	1.277656	1.227839	1.276923
00:00:00.661	1.275458	1.251282	1.291575
00:00:00.661	1.288645	1.325275	1.308425
00:00:00.661	1.282784	1.323077	1.337729
00:00:00.662	1.286447	1.272527	1.331868
00:00:00.662	1.326740	1.309158	1.323810
00:00:00.663	1.323810	1.339194	1.306227
00:00:00.663	1.323810	1.306227	1.300366
00:00:00.663	1.318681	1.300366	1.304762
00:00:00.664	1.305495	1.369231	1.305495
00:00:00.696	1.302564	1.367033	1.308425
00:00:00.696	1.315018	1.353114	1.299634
00:00:00.697	1.333333	1.364835	1.311355
00:00:00.697	1.328938	1.342125	1.309890
00:00:00.697	1.328205	1.274725	1.305495
00:00:00.698	1.333333	1.282784	1.311355
00:00:00.698	1.320147	1.301832	1.297436
00:00:00.698	1.306227	1.345788	1.274725
00:00:00.699	1.301832	1.429304	1.293773
00:00:00.699	1.296703	1.472527	1.295971
00:00:00.699	1.271795	1.398535	1.280586
00:00:00.700	1.278388	1.287179	1.290842
00:00:00.700	1.297436	1.157509	1.279121
00:00:00.700	1.295971	1.065934	1.295238
00:00:00.701	1.295238	1.131136	1.308425
00:00:00.701	1.301832	1.223443	1.320879
00:00:00.702	1.305495	1.336264	1.340659
00:00:00.702	1.314286	1.364835	1.338462
00:00:00.702	1.305495	1.336996	1.306960
00:00:00.704	1.310623	1.339927	1.310623
00:00:00.704	1.318681	1.330403	1.309158
00:00:00.704	1.336996	1.335531	1.305495
00:00:00.704	1.338462	1.369231	1.309158
00:00:00.704	1.331868	1.366300	1.313553
00:00:00.704	1.328205	1.447619	1.309158
00:00:00.705	1.328205	1.562637	1.332601
00:00:00.705	1.321612	1.635897	1.306227
00:00:00.705	1.322344	1.573626	1.276923
00:00:00.709	1.306960	1.409524	1.269597
00:00:00.709	1.330403	1.258608	1.276923
00:00:00.709	1.345788	0.952381	1.290110
00:00:00.709	1.325275	0.811722	1.279121
00:00:00.709	1.312088	0.809524	1.285714
00:00:00.709	1.305495	0.921612	1.306960
00:00:00.709	1.292308	1.003663	1.322344
00:00:00.709	1.263004	1.238095	1.320879
00:00:00.709	1.253480	1.471062	1.323810
00:00:00.709	1.250549	1.519414	1.330403
00:00:00.709	1.282051	1.517949	1.320147
00:00:00.712	1.296703	1.498168	1.300366
00:00:00.712	1.295971	1.381685	1.315018
00:00:00.712	1.298168	1.265934	1.305495
00:00:00.712	1.315018	1.208059	1.314286
00:00:00.712	1.329670	1.215385	1.317949
00:00:00.712	1.339194	1.246154	1.320147
00:00:00.712	1.343590	1.356777	1.319414
00:00:00.712	1.342857	1.400000	1.300366
00:00:00.714	1.323810	1.422711	1.298168
00:00:00.714	1.316484	1.452747	1.304762
00:00:00.714	1.314286	1.476923	1.308425
00:00:00.746	1.321612	1.447619	1.300366
00:00:00.746	1.326740	1.431502	1.298168
00:00:00.746	1.346520	1.351648	1.303297
00:00:00.747	1.345055	1.297436	1.309158
00:00:00.747	1.334066	1.302564	1.301832
00:00:00.747	1.312088	1.262271	1.318681
00:00:00.748	1.298901	1.267399	1.304029
00:00:00.748	1.295971	1.267399	1.291575
00:00:00.748	1.312088	1.225641	1.285714
00:00:00.749	1.292308	1.183883	1.281319
00:00:00.749	1.254212	1.221978	1.285714
00:00:00.749	1.269597	1.303297	1.297436
00:00:00.750	1.297436	1.549451	1.331136
00:00:00.750	1.323077	1.679853	1.337729
00:00:00.751	1.312821	1.536996	1.299634
00:00:00.751	1.321612	1.288645	1.276923
00:00:00.751	1.323810	1.028571	1.260073
00:00:00.752	1.327473	0.854945	1.257875
00:00:00.752	1.314286	0.805128	1.248352
00:00:00.752	1.287912	1.011722	1.256410
00:00:00.753	1.276190	1.249817	1.289377
00:00:00.753	1.295971	1.400000	1.332601
00:00:00.753	1.318681	1.506227	1.378022
00:00:00.754	1.333333	1.581685	1.403663
00:00:00.754	1.320879	1.548718	1.404396
00:00:00.754	1.304762	1.471795	1.372894
00:00:00.755	1.306960	1.393407	1.354579
00:00:00.755	1.304762	1.336264	1.317216
00:00:00.756	1.296703	1.263736	1.299634
00:00:00.756	1.305495	1.182418	1.295238
00:00:00.756	1.306960	1.169963	1.298168
00:00:00.757	1.313553	1.213187	1.299634
00:00:00.757	1.322344	1.254212	1.287912
00:00:00.757	1.307692	1.263004	1.270330
00:00:00.758	1.321612	1.316484	1.275458
00:00:00.759	1.317949	1.387546	1.275458
00:00:00.759	1.335531	1.384615	1.290110
00:00:00.759	1.340659	1.318681	1.303297
00:00:00.759	1.339194	1.284249	1.300366
00:00:00.759	1.326740	1.329670	1.304762
00:00:00.760	1.326007	1.357509	1.306960
00:00:00.760	1.290110	1.394139	1.302564
00:00:00.761	1.293040	1.414652	1.302564
00:00:00.761	1.290110	1.371429	1.304029
00:00:00.761	1.298901	1.317216	1.315018
00:00:00.762	1.294505	1.241758	1.314286
00:00:00.762	1.296703	1.210989	1.302564
00:00:00.762	1.326740	1.344322	1.312088
00:00:00.763	1.327473	1.447619	1.309890
00:00:00.763	1.303297	1.386081	1.309890
