timestamp	ch1	ch2	ch3
00:00:00.000	1.282051	1.076923	1.263004
00:00:00.000	1.297436	1.254212	1.295238
00:00:00.001	1.300366	1.372161	1.306227
00:00:00.001	1.294505	1.455678	1.315751
00:00:00.001	1.315751	1.493773	1.332601
00:00:00.002	1.311355	1.537729	1.336264
00:00:00.002	1.298168	1.532601	1.323810
00:00:00.002	1.300366	1.424176	1.304029
00:00:00.003	1.319414	1.385348	1.307692
00:00:00.003	1.339927	1.504762	1.304762
00:00:00.003	1.335531	1.608059	1.308425
00:00:00.004	1.326007	1.635165	1.306227
00:00:00.004	1.312821	1.350916	1.290842
00:00:00.005	1.312088	1.085714	1.304029
00:00:00.005	1.303297	0.868132	1.297436
00:00:00.005	1.287912	0.826374	1.298901
00:00:00.007	1.290110	0.939194	1.302564
00:00:00.007	1.307692	1.114286	1.321612
00:00:00.007	1.321612	1.386813	1.323077
00:00:00.009	1.336996	1.598535	1.348718
00:00:00.009	1.340659	1.604396	1.347253
00:00:00.009	1.309890	1.406593	1.319414
00:00:00.009	1.286447	1.245421	1.318681
00:00:00.009	1.273993	1.239560	1.303297
00:00:00.009	1.263004	1.275458	1.290110
00:00:00.009	1.292308	1.369963	1.293773
00:00:00.009	1.312821	1.397070	1.300366
00:00:00.012	1.312088	1.474725	1.300366
00:00:00.012	1.336264	1.424908	1.309158
00:00:00.012	1.363370	1.285714	1.298901
00:00:00.012	1.366300	1.106960	1.298901
00:00:00.012	1.369963	1.112088	1.317949
00:00:00.012	1.336996	1.135531	1.312821
00:00:00.012	1.304762	1.248352	1.314286
00:00:00.012	1.313553	1.343590	1.321612
00:00:00.013	1.303297	1.359707	1.304762
00:00:00.013	1.298168	1.482784	1.302564
00:00:00.013	1.298901	1.455678	1.293040
00:00:00.013	1.299634	1.326740	1.296703
00:00:00.014	1.295971	1.249084	1.295971
00:00:00.014	1.303297	1.238095	1.291575
00:00:00.015	1.312088	1.270330	1.293773
00:00:00.015	1.304762	1.337729	1.299634
00:00:00.015	1.275458	1.445421	1.300366
00:00:00.016	1.286447	1.465201	1.305495
00:00:00.016	1.298168	1.498168	1.314286
00:00:00.016	1.298168	1.383150	1.308425
00:00:00.017	1.328938	1.284982	1.320147
00:00:00.017	1.340659	1.215385	1.321612
00:00:00.049	1.339194	1.233700	1.323810
00:00:00.050	1.337729	1.265934	1.316484
00:00:00.050	1.320147	1.304029	1.307692
00:00:00.050	1.292308	1.341392	1.304762
00:00:00.051	1.296703	1.366300	1.306227
00:00:00.051	1.274725	1.313553	1.296703
00:00:00.051	1.276190	1.256410	1.295971
00:00:00.052	1.293040	1.287179	1.302564
00:00:00.052	1.299634	1.258608	1.299634
00:00:00.052	1.307692	1.279853	1.303297
00:00:00.053	1.308425	1.278388	1.288645
00:00:00.053	1.316484	1.257143	1.302564
00:00:00.054	1.316484	1.284249	1.304762
00:00:00.054	1.323077	1.270330	1.303297
00:00:00.054	1.328938	1.340659	1.303297
00:00:00.055	1.328938	1.306227	1.294505
00:00:00.055	1.332601	1.368498	1.312821
00:00:00.055	1.334066	1.275458	1.305495
00:00:00.056	1.325275	1.271062	1.298168
00:00:00.056	1.329670	1.321612	1.309890
00:00:00.056	1.328205	1.339194	1.319414
00:00:00.057	1.297436	1.320879	1.315018
00:00:00.057	1.297436	1.298901	1.308425
00:00:00.057	1.289377	1.264469	1.293040
00:00:00.058	1.293773	1.268132	1.306227
00:00:00.058	1.300366	1.305495	1.308425
00:00:00.059	1.305495	1.322344	1.293040
00:00:00.059	1.323077	1.389744	1.305495
00:00:00.059	1.320879	1.358974	1.295238
00:00:00.060	1.312088	1.295238	1.292308
00:00:00.060	1.309890	1.257143	1.302564
00:00:00.060	1.307692	1.247619	1.306960
00:00:00.061	1.303297	1.246154	1.309890
00:00:00.061	1.309890	1.241758	1.315018
00:00:00.061	1.307692	1.306960	1.305495
00:00:00.062	1.307692	1.343590	1.303297
00:00:00.062	1.317949	1.356044	1.309890
00:00:00.062	1.313553	1.320879	1.300366
00:00:00.063	1.305495	1.344322	1.309158
00:00:00.063	1.312088	1.401465	1.303297
00:00:00.064	1.321612	1.412454	1.293040
00:00:00.064	1.306960	1.374359	1.289377
00:00:00.064	1.323810	1.431502	1.317949
00:00:00.065	1.313553	1.480586	1.313553
00:00:00.065	1.310623	1.442491	1.320879
00:00:00.065	1.306227	1.310623	1.312821
00:00:00.066	1.306227	1.202930	1.311355
00:00:00.066	1.309890	1.014652	1.291575
00:00:00.066	1.328205	0.931136	1.293773
00:00:00.067	1.328205	1.076923	1.300366
00:00:00.099	1.327473	1.210256	1.298168
00:00:00.099	1.305495	1.305495	1.299634
00:00:00.101	1.304762	1.364835	1.306227
00:00:00.101	1.304762	1.330403	1.299634
00:00:00.101	1.314286	1.319414	1.308425
00:00:00.101	1.312088	1.402930	1.310623
00:00:00.101	1.317949	1.421978	1.306960
00:00:00.101	1.300366	1.372894	1.305495
00:00:00.104	1.307692	1.369231	1.313553
00:00:00.104	1.301832	1.431502	1.314286
00:00:00.104	1.290842	1.357509	1.302564
00:00:00.104	1.289377	1.259341	1.294505
00:00:00.104	1.299634	1.192674	1.306227
00:00:00.104	1.305495	1.178755	1.301832
00:00:00.104	1.313553	1.178755	1.298168
00:00:00.104	1.299634	1.283516	1.306960
00:00:00.107	1.318681	1.452747	1.309890
00:00:00.107	1.330403	1.458608	1.310623
00:00:00.107	1.337729	1.419780	1.300366
00:00:00.107	1.330403	1.358242	1.292308
00:00:00.107	1.330403	1.345788	1.288645
00:00:00.107	1.320879	1.315751	1.290110
00:00:00.107	1.312088	1.314286	1.310623
00:00:00.107	1.290842	1.330403	1.315018
00:00:00.108	1.306960	1.434432	1.323810
00:00:00.108	1.306227	1.410256	1.319414
00:00:00.108	1.313553	1.368498	1.323077
00:00:00.109	1.323810	1.282051	1.318681
00:00:00.109	1.330403	1.216850	1.317949
00:00:00.109	1.328938	1.156777	1.300366
00:00:00.110	1.322344	1.116484	1.278388
00:00:00.110	1.291575	1.171429	1.266667
00:00:00.110	1.297436	1.239560	1.285714
00:00:00.111	1.290842	1.272527	1.300366
00:00:00.111	1.271795	1.276190	1.306227
00:00:00.111	1.279121	1.300366	1.311355
00:00:00.112	1.288645	1.408791	1.315018
00:00:00.112	1.312088	1.414652	1.317949
00:00:00.113	1.323810	1.339194	1.320879
00:00:00.113	1.315018	1.250549	1.300366
00:00:00.113	1.317949	1.238828	1.300366
00:00:00.114	1.311355	1.301099	1.306227
00:00:00.114	1.306227	1.329670	1.304029
00:00:00.114	1.294505	1.349451	1.300366
00:00:00.115	1.318681	1.394872	1.313553
00:00:00.115	1.309158	1.456410	1.304762
00:00:00.115	1.306227	1.434432	1.306960
00:00:00.116	1.306227	1.328938	1.300366
00:00:00.116	1.314286	1.207326	1.292308
00:00:00.116	1.320879	1.180952	1.298901
00:00:00.149	1.323810	1.217582	1.300366
00:00:00.149	1.317216	1.238828	1.298168
00:00:00.149	1.335531	1.367766	1.304762
00:00:00.150	1.332601	1.385348	1.305495
00:00:00.150	1.323077	1.320147	1.308425
00:00:00.150	1.312088	1.253480	1.293773
00:00:00.151	1.297436	1.255678	1.299634
00:00:00.151	1.309158	1.330403	1.314286
00:00:00.152	1.309890	1.363370	1.309890
00:00:00.152	1.297436	1.265934	1.298168
00:00:00.152	1.315018	1.283516	1.309158
00:00:00.153	1.318681	1.315018	1.306227
00:00:00.153	1.319414	1.260806	1.305495
00:00:00.153	1.320147	1.192674	1.298901
00:00:00.154	1.321612	1.255678	1.302564
00:00:00.154	1.317949	1.333333	1.306960
00:00:00.154	1.316484	1.409524	1.302564
00:00:00.155	1.306227	1.548718	1.319414
00:00:00.155	1.317949	1.578755	1.318681
00:00:00.155	1.314286	1.402198	1.306960
00:00:00.156	1.307692	1.229304	1.297436
00:00:00.156	1.313553	1.030769	1.300366
00:00:00.157	1.305495	0.994872	1.295971
00:00:00.157	1.304762	1.063004	1.301832
00:00:00.157	1.304762	1.223443	1.306960
00:00:00.158	1.303297	1.348718	1.308425
00:00:00.158	1.293773	1.431502	1.301832
00:00:00.158	1.306960	1.468864	1.314286
00:00:00.159	1.312821	1.417582	1.323810
00:00:00.159	1.306227	1.319414	1.316484
00:00:00.159	1.309890	1.295238	1.300366
00:00:00.160	1.320879	1.298901	1.311355
00:00:00.160	1.308425	1.270330	1.295971
00:00:00.160	1.310623	1.372894	1.312821
00:00:00.161	1.309158	1.389011	1.310623
00:00:00.161	1.299634	1.358242	1.295238
00:00:00.162	1.310623	1.326740	1.304029
00:00:00.162	1.320879	1.328938	1.303297
00:00:00.162	1.306960	1.328205	1.297436
00:00:00.163	1.310623	1.369963	1.294505
00:00:00.163	1.326007	1.444689	1.293040
00:00:00.163	1.329670	1.433700	1.309158
00:00:00.164	1.322344	1.390476	1.311355
00:00:00.164	1.301832	1.266667	1.302564
00:00:00.164	1.296703	1.218315	1.287912
00:00:00.165	1.306227	1.219780	1.288645
00:00:00.165	1.320147	1.218315	1.280586
00:00:00.165	1.318681	1.195604	1.281319
00:00:00.166	1.332601	1.102564	1.289377
00:00:00.166	1.334799	1.086447	1.312821
00:00:00.198	1.330403	1.182418	1.328938
00:00:00.199	1.323077	1.292308	1.331136
00:00:00.199	1.313553	1.320147	1.336996
00:00:00.199	1.287179	1.314286	1.329670
00:00:00.200	1.281319	1.348718	1.325275
00:00:00.200	1.273993	1.347253	1.302564
00:00:00.203	1.282051	1.365568	1.296703
00:00:00.203	1.291575	1.402930	1.295971
00:00:00.203	1.303297	1.432967	1.313553
00:00:00.203	1.306960	1.463736	1.309158
00:00:00.203	1.317216	1.520147	1.328205
00:00:00.203	1.317216	1.526007	1.327473
00:00:00.203	1.323077	1.389011	1.309158
00:00:00.203	1.319414	1.264469	1.300366
00:00:00.203	1.318681	1.159707	1.270330
00:00:00.204	1.323810	1.073993	1.272527
00:00:00.207	1.326740	1.003663	1.284249
00:00:00.207	1.313553	1.130403	1.289377
00:00:00.207	1.320879	1.265201	1.298901
00:00:00.207	1.326007	1.334066	1.309158
00:00:00.207	1.317216	1.364835	1.310623
00:00:00.207	1.310623	1.363370	1.318681
00:00:00.207	1.291575	1.332601	1.307692
00:00:00.207	1.301832	1.366300	1.314286
00:00:00.207	1.304029	1.338462	1.315751
00:00:00.207	1.290110	1.302564	1.299634
00:00:00.208	1.306960	1.381685	1.313553
00:00:00.209	1.312088	1.402198	1.308425
00:00:00.209	1.312821	1.328938	1.302564
00:00:00.209	1.310623	1.314286	1.305495
00:00:00.209	1.310623	1.269597	1.301832
00:00:00.209	1.310623	1.202198	1.296703
00:00:00.210	1.307692	1.193407	1.295238
00:00:00.210	1.308425	1.278388	1.300366
00:00:00.211	1.309158	1.350183	1.299634
00:00:00.211	1.309158	1.421245	1.308425
00:00:00.211	1.328205	1.420513	1.304029
00:00:00.212	1.342125	1.384615	1.306960
00:00:00.212	1.342125	1.363370	1.298168
00:00:00.212	1.339194	1.350183	1.295971
00:00:00.213	1.337729	1.313553	1.293773
00:00:00.213	1.320879	1.283516	1.293773
00:00:00.213	1.293773	1.307692	1.300366
00:00:00.214	1.281319	1.279853	1.308425
00:00:00.214	1.269597	1.278388	1.293040
00:00:00.214	1.290842	1.269597	1.303297
00:00:00.215	1.297436	1.448352	1.303297
00:00:00.215	1.285714	1.465201	1.320147
00:00:00.216	1.304029	1.320879	1.326740
00:00:00.216	1.279853	1.159707	1.306227
00:00:00.248	1.306227	1.195604	1.309158
