timestamp	ch1	ch2	ch3
00:00:00.000	1.316484	1.327473	1.303297
00:00:00.000	1.306227	1.346520	1.306227
00:00:00.000	1.304029	1.338462	1.304029
00:00:00.000	1.297436	1.319414	1.294505
00:00:00.000	1.295971	1.312821	1.298901
00:00:00.000	1.306227	1.268132	1.312088
00:00:00.000	1.299634	1.238095	1.292308
00:00:00.000	1.315018	1.295238	1.304029
00:00:00.002	1.309890	1.337729	1.304762
00:00:00.002	1.309890	1.331868	1.301832
00:00:00.002	1.320879	1.312821	1.293773
00:00:00.002	1.325275	1.334799	1.300366
00:00:00.002	1.326740	1.321612	1.306960
00:00:00.002	1.313553	1.288645	1.294505
00:00:00.004	1.321612	1.282784	1.302564
00:00:00.004	1.319414	1.287912	1.301832
00:00:00.004	1.317949	1.265934	1.309158
00:00:00.004	1.309158	1.276923	1.309158
00:00:00.004	1.309890	1.319414	1.308425
00:00:00.004	1.293040	1.330403	1.307692
00:00:00.004	1.295238	1.325275	1.306960
00:00:00.004	1.303297	1.326007	1.300366
00:00:00.005	1.302564	1.336264	1.300366
00:00:00.005	1.310623	1.322344	1.300366
00:00:00.005	1.316484	1.307692	1.312088
00:00:00.006	1.315018	1.295971	1.308425
00:00:00.006	1.304762	1.263736	1.306227
00:00:00.006	1.310623	1.282784	1.301832
00:00:00.007	1.314286	1.289377	1.302564
00:00:00.007	1.309158	1.298901	1.297436
00:00:00.007	1.315018	1.295238	1.310623
00:00:00.008	1.315018	1.289377	1.305495
00:00:00.008	1.317949	1.304029	1.309158
00:00:00.009	1.314286	1.312088	1.304762
00:00:00.009	1.309158	1.336264	1.309158
00:00:00.009	1.297436	1.336996	1.300366
00:00:00.010	1.298901	1.341392	1.309890
00:00:00.010	1.303297	1.323810	1.304762
00:00:00.010	1.296703	1.323810	1.305495
00:00:00.011	1.298168	1.300366	1.298168
00:00:00.043	1.322344	1.305495	1.306227
00:00:00.043	1.309890	1.303297	1.298901
00:00:00.044	1.317949	1.301832	1.309890
00:00:00.044	1.318681	1.291575	1.303297
00:00:00.044	1.320879	1.299634	1.306960
00:00:00.045	1.318681	1.290842	1.305495
00:00:00.045	1.312088	1.295238	1.306960
00:00:00.045	1.312088	1.290110	1.300366
00:00:00.046	1.319414	1.297436	1.303297
00:00:00.046	1.300366	1.290842	1.300366
00:00:00.046	1.312088	1.295238	1.305495
00:00:00.047	1.301832	1.293773	1.300366
00:00:00.047	1.295971	1.298168	1.295971
00:00:00.048	1.306227	1.314286	1.308425
00:00:00.048	1.297436	1.311355	1.299634
00:00:00.048	1.293773	1.298901	1.298901
00:00:00.049	1.308425	1.328938	1.298901
00:00:00.050	1.310623	1.319414	1.293773
00:00:00.050	1.318681	1.315018	1.310623
00:00:00.050	1.310623	1.304762	1.302564
00:00:00.050	1.320147	1.306227	1.307692
00:00:00.051	1.319414	1.307692	1.304762
00:00:00.051	1.315751	1.303297	1.307692
00:00:00.051	1.321612	1.302564	1.315018
00:00:00.051	1.312088	1.289377	1.308425
00:00:00.052	1.323810	1.282784	1.300366
00:00:00.052	1.318681	1.298901	1.309158
00:00:00.053	1.296703	1.282051	1.298901
00:00:00.053	1.306960	1.289377	1.309890
00:00:00.053	1.293040	1.276923	1.299634
00:00:00.054	1.307692	1.312088	1.304762
00:00:00.054	1.299634	1.326007	1.304029
00:00:00.054	1.304762	1.361172	1.309158
00:00:00.055	1.315751	1.355311	1.309890
00:00:00.055	1.315018	1.328938	1.306960
00:00:00.055	1.319414	1.331136	1.304762
00:00:00.056	1.319414	1.342857	1.299634
00:00:00.056	1.311355	1.314286	1.291575
00:00:00.056	1.310623	1.279121	1.298901
00:00:00.057	1.320147	1.257143	1.309890
00:00:00.057	1.312088	1.278388	1.303297
00:00:00.058	1.309158	1.267399	1.294505
00:00:00.058	1.315018	1.292308	1.299634
00:00:00.058	1.315751	1.313553	1.302564
00:00:00.059	1.309890	1.315751	1.305495
00:00:00.059	1.309890	1.309890	1.305495
00:00:00.059	1.312821	1.306227	1.304029
00:00:00.060	1.298901	1.297436	1.304029
00:00:00.060	1.304762	1.300366	1.300366
00:00:00.060	1.309158	1.309890	1.305495
00:00:00.093	1.315018	1.297436	1.304029
00:00:00.093	1.312821	1.289377	1.298168
00:00:00.093	1.318681	1.307692	1.311355
00:00:00.095	1.305495	1.318681	1.301832
00:00:00.095	1.312088	1.326740	1.295971
00:00:00.095	1.317216	1.314286	1.307692
00:00:00.096	1.323810	1.295238	1.311355
00:00:00.096	1.309158	1.282784	1.297436
00:00:00.096	1.321612	1.306960	1.312821
00:00:00.097	1.306227	1.293040	1.300366
00:00:00.097	1.312088	1.319414	1.306227
00:00:00.097	1.311355	1.348718	1.308425
00:00:00.097	1.303297	1.332601	1.294505
00:00:00.097	1.309890	1.334066	1.317216
00:00:00.100	1.304762	1.316484	1.306227
00:00:00.100	1.286447	1.306960	1.298901
00:00:00.100	1.313553	1.326007	1.312821
00:00:00.100	1.301099	1.308425	1.306227
00:00:00.100	1.312088	1.305495	1.312821
00:00:00.100	1.311355	1.286447	1.308425
00:00:00.100	1.315751	1.273260	1.304029
00:00:00.100	1.319414	1.290110	1.308425
00:00:00.100	1.308425	1.295238	1.295971
00:00:00.101	1.320879	1.309158	1.306227
00:00:00.102	1.313553	1.293773	1.303297
00:00:00.102	1.312088	1.304029	1.295971
00:00:00.102	1.311355	1.313553	1.309158
00:00:00.102	1.318681	1.291575	1.309158
00:00:00.103	1.317949	1.309890	1.305495
00:00:00.103	1.308425	1.312821	1.305495
00:00:00.103	1.291575	1.293773	1.299634
00:00:00.104	1.301099	1.304029	1.300366
00:00:00.104	1.301099	1.304762	1.300366
00:00:00.104	1.302564	1.309890	1.307692
00:00:00.105	1.314286	1.311355	1.309158
00:00:00.105	1.312088	1.311355	1.299634
00:00:00.105	1.309890	1.300366	1.293773
00:00:00.106	1.315751	1.303297	1.307692
00:00:00.106	1.309158	1.287179	1.298168
00:00:00.107	1.323810	1.299634	1.312088
00:00:00.107	1.320879	1.298168	1.312088
00:00:00.107	1.309158	1.291575	1.300366
00:00:00.108	1.312821	1.305495	1.298901
00:00:00.108	1.306227	1.297436	1.297436
00:00:00.108	1.301832	1.309158	1.300366
00:00:00.109	1.307692	1.326007	1.308425
00:00:00.109	1.295238	1.315018	1.293773
00:00:00.109	1.306227	1.326740	1.310623
00:00:00.110	1.303297	1.316484	1.300366
00:00:00.110	1.306227	1.306227	1.309158
00:00:00.142	1.305495	1.303297	1.303297
00:00:00.143	1.307692	1.309890	1.306960
00:00:00.143	1.310623	1.315751	1.308425
00:00:00.143	1.312088	1.306960	1.312088
00:00:00.144	1.320879	1.306960	1.308425
00:00:00.144	1.312088	1.313553	1.306227
00:00:00.144	1.318681	1.306227	1.308425
00:00:00.145	1.316484	1.296703	1.303297
00:00:00.145	1.315751	1.290110	1.308425
00:00:00.146	1.320879	1.284982	1.308425
00:00:00.146	1.317949	1.290110	1.304029
00:00:00.146	1.306227	1.281319	1.300366
00:00:00.147	1.307692	1.312088	1.299634
00:00:00.147	1.301099	1.347253	1.306227
00:00:00.147	1.303297	1.353114	1.311355
00:00:00.148	1.303297	1.339194	1.308425
00:00:00.148	1.291575	1.308425	1.303297
00:00:00.148	1.305495	1.283516	1.299634
00:00:00.149	1.312821	1.263004	1.308425
00:00:00.149	1.300366	1.273260	1.309890
00:00:00.149	1.313553	1.300366	1.309158
00:00:00.150	1.308425	1.300366	1.298168
00:00:00.150	1.320147	1.352381	1.304762
00:00:00.151	1.326007	1.360440	1.303297
00:00:00.151	1.305495	1.305495	1.299634
00:00:00.151	1.324542	1.275458	1.307692
00:00:00.152	1.312088	1.258608	1.300366
00:00:00.152	1.307692	1.276190	1.306227
00:00:00.152	1.305495	1.278388	1.303297
00:00:00.153	1.310623	1.301832	1.295238
00:00:00.153	1.306960	1.306960	1.306227
00:00:00.154	1.304029	1.312821	1.299634
00:00:00.154	1.299634	1.326740	1.296703
00:00:00.154	1.305495	1.335531	1.295238
00:00:00.154	1.309158	1.321612	1.304762
00:00:00.156	1.316484	1.260806	1.313553
00:00:00.156	1.317216	1.241758	1.308425
00:00:00.156	1.298901	1.273993	1.304029
00:00:00.156	1.313553	1.318681	1.314286
00:00:00.156	1.317216	1.329670	1.310623
00:00:00.157	1.306960	1.331868	1.298901
00:00:00.158	1.317949	1.345055	1.296703
00:00:00.158	1.312088	1.325275	1.306227
00:00:00.158	1.320879	1.306960	1.311355
00:00:00.158	1.308425	1.301099	1.300366
00:00:00.158	1.307692	1.322344	1.302564
00:00:00.160	1.311355	1.329670	1.317216
00:00:00.160	1.299634	1.326740	1.309890
00:00:00.160	1.295971	1.336264	1.304029
00:00:00.160	1.309890	1.329670	1.306227
00:00:00.193	1.301832	1.316484	1.306960
00:00:00.193	1.295971	1.318681	1.306960
00:00:00.193	1.309890	1.309158	1.312088
00:00:00.193	1.303297	1.278388	1.295971
00:00:00.193	1.327473	1.290842	1.318681
00:00:00.196	1.322344	1.287912	1.308425
00:00:00.196	1.334066	1.296703	1.319414
00:00:00.196	1.331136	1.295238	1.311355
00:00:00.196	1.329670	1.298168	1.306227
00:00:00.196	1.312088	1.308425	1.309890
00:00:00.197	1.319414	1.305495	1.307692
00:00:00.197	1.317949	1.300366	1.307692
00:00:00.197	1.310623	1.306960	1.295971
00:00:00.198	1.309890	1.312088	1.308425
00:00:00.198	1.308425	1.323810	1.312821
00:00:00.198	1.304762	1.321612	1.312088
00:00:00.198	1.301099	1.312821	1.296703
00:00:00.198	1.304762	1.314286	1.304029
00:00:00.198	1.306960	1.317949	1.312821
00:00:00.199	1.309890	1.315018	1.304029
00:00:00.199	1.308425	1.316484	1.306227
00:00:00.200	1.316484	1.314286	1.306960
00:00:00.200	1.320879	1.303297	1.308425
00:00:00.200	1.317949	1.293773	1.306960
00:00:00.201	1.323810	1.282784	1.302564
00:00:00.201	1.322344	1.283516	1.310623
00:00:00.201	1.317949	1.283516	1.309158
00:00:00.202	1.311355	1.283516	1.303297
00:00:00.202	1.311355	1.306227	1.313553
00:00:00.202	1.306227	1.317216	1.307692
00:00:00.203	1.306227	1.316484	1.304029
00:00:00.203	1.311355	1.327473	1.309158
00:00:00.203	1.308425	1.332601	1.312088
00:00:00.204	1.301832	1.323810	1.303297
00:00:00.204	1.309890	1.322344	1.308425
00:00:00.205	1.312821	1.312088	1.312088
00:00:00.205	1.297436	1.299634	1.300366
00:00:00.206	1.318681	1.306960	1.315751
00:00:00.206	1.317216	1.298901	1.305495
00:00:00.206	1.323810	1.304762	1.306227
00:00:00.206	1.309890	1.287179	1.298168
00:00:00.207	1.309890	1.289377	1.292308
00:00:00.207	1.320147	1.301099	1.298168
00:00:00.207	1.312088	1.305495	1.309890
00:00:00.208	1.315018	1.312821	1.304029
00:00:00.208	1.297436	1.308425	1.299634
00:00:00.208	1.304762	1.317216	1.308425
00:00:00.209	1.306227	1.309158	1.307692
00:00:00.209	1.308425	1.320879	1.304029
00:00:00.210	1.302564	1.310623	1.306960
00:00:00.242	1.305495	1.298901	1.317949
00:00:00.242	1.310623	1.283516	1.305495
00:00:00.242	1.309890	1.297436	1.310623
00:00:00.243	1.309890	1.309890	1.298901
00:00:00.243	1.316484	1.313553	1.305495
00:00:00.244	1.309158	1.323810	1.306227
00:00:00.244	1.306227	1.302564	1.300366
00:00:00.244	1.323810	1.300366	1.308425
00:00:00.245	1.322344	1.298901	1.306227
00:00:00.245	1.312088	1.304029	1.306227
00:00:00.245	1.314286	1.307692	1.308425
00:00:00.246	1.320879	1.315018	1.311355
00:00:00.246	1.300366	1.300366	1.292308
00:00:00.246	1.309890	1.320147	1.310623
00:00:00.247	1.299634	1.321612	1.300366
00:00:00.247	1.286447	1.310623	1.298168
00:00:00.247	1.302564	1.323810	1.304029
00:00:00.248	1.294505	1.311355	1.298168
00:00:00.248	1.313553	1.323077	1.309890
00:00:00.249	1.315751	1.315751	1.302564
00:00:00.249	1.315751	1.302564	1.306227
00:00:00.249	1.318681	1.287912	1.303297
00:00:00.250	1.311355	1.287179	1.299634
00:00:00.250	1.315751	1.293773	1.298901
00:00:00.250	1.326007	1.303297	1.309158
00:00:00.251	1.320147	1.298901	1.307692
00:00:00.251	1.314286	1.295238	1.300366
00:00:00.251	1.304762	1.294505	1.297436
00:00:00.252	1.304029	1.297436	1.297436
00:00:00.252	1.303297	1.312821	1.301832
00:00:00.252	1.313553	1.329670	1.309890
00:00:00.253	1.297436	1.323810	1.295971
00:00:00.253	1.303297	1.328205	1.306960
00:00:00.254	1.301832	1.329670	1.307692
00:00:00.255	1.309890	1.329670	1.313553
00:00:00.255	1.296703	1.311355	1.306960
00:00:00.256	1.309158	1.304762	1.308425
00:00:00.256	1.316484	1.282784	1.306227
00:00:00.256	1.306227	1.256410	1.298168
00:00:00.258	1.323810	1.274725	1.312821
00:00:00.258	1.323810	1.284982	1.307692
00:00:00.258	1.325275	1.306227	1.305495
00:00:00.258	1.323077	1.302564	1.304029
00:00:00.258	1.320879	1.308425	1.305495
00:00:00.258	1.314286	1.301099	1.307692
00:00:00.258	1.315018	1.316484	1.310623
00:00:00.258	1.300366	1.336264	1.293040
00:00:00.261	1.294505	1.339927	1.304029
00:00:00.261	1.309158	1.328205	1.312088
00:00:00.261	1.309158	1.308425	1.309158
00:00:00.292	1.306960	1.331136	1.304762
00:00:00.292	1.303297	1.342125	1.303297
00:00:00.292	1.310623	1.325275	1.300366
00:00:00.294	1.310623	1.289377	1.293773
00:00:00.294	1.312821	1.290842	1.293773
00:00:00.294	1.315751	1.311355	1.302564
00:00:00.294	1.320879	1.295238	1.302564
00:00:00.295	1.320879	1.292308	1.308425
00:00:00.295	1.309890	1.283516	1.296703
00:00:00.295	1.320879	1.297436	1.316484
00:00:00.295	1.303297	1.291575	1.295971
00:00:00.295	1.308425	1.297436	1.295971
00:00:00.296	1.307692	1.308425	1.298901
00:00:00.296	1.309890	1.316484	1.310623
00:00:00.296	1.303297	1.309890	1.301832
00:00:00.297	1.295971	1.304029	1.297436
00:00:00.297	1.306227	1.313553	1.307692
00:00:00.298	1.304762	1.306960	1.312821
00:00:00.298	1.304029	1.303297	1.307692
00:00:00.298	1.312088	1.310623	1.304029
00:00:00.299	1.315018	1.310623	1.306960
00:00:00.299	1.306227	1.300366	1.309158
00:00:00.299	1.317949	1.317949	1.309158
00:00:00.300	1.311355	1.308425	1.309158
00:00:00.300	1.320879	1.306960	1.311355
00:00:00.300	1.315751	1.304762	1.300366
00:00:00.301	1.306960	1.310623	1.308425
00:00:00.301	1.318681	1.301099	1.310623
00:00:00.301	1.302564	1.284249	1.300366
00:00:00.302	1.306227	1.297436	1.304762
00:00:00.302	1.306227	1.290842	1.305495
00:00:00.303	1.304762	1.306960	1.300366
00:00:00.303	1.298168	1.321612	1.304029
00:00:00.303	1.306960	1.322344	1.302564
00:00:00.304	1.317216	1.319414	1.303297
00:00:00.304	1.309890	1.324542	1.305495
00:00:00.304	1.314286	1.315018	1.303297
00:00:00.305	1.316484	1.312821	1.307692
00:00:00.305	1.312088	1.298168	1.306960
00:00:00.305	1.317216	1.287912	1.308425
00:00:00.306	1.320879	1.285714	1.306960
00:00:00.306	1.306227	1.286447	1.300366
00:00:00.307	1.318681	1.288645	1.295238
00:00:00.307	1.315018	1.299634	1.312821
00:00:00.307	1.315018	1.301832	1.306960
00:00:00.308	1.311355	1.309158	1.306227
00:00:00.308	1.306960	1.352381	1.310623
00:00:00.308	1.302564	1.351648	1.295238
00:00:00.309	1.306227	1.338462	1.303297
00:00:00.309	1.303297	1.318681	1.308425
00:00:00.341	1.303297	1.300366	1.306960
00:00:00.342	1.307692	1.282784	1.302564
00:00:00.342	1.317949	1.290842	1.305495
00:00:00.342	1.313553	1.288645	1.309158
00:00:00.343	1.305495	1.268864	1.302564
00:00:00.343	1.312088	1.279853	1.309890
00:00:00.343	1.318681	1.299634	1.312088
00:00:00.344	1.320147	1.293773	1.298901
00:00:00.344	1.312821	1.284249	1.304029
00:00:00.344	1.317216	1.280586	1.305495
00:00:00.345	1.317216	1.288645	1.315751
00:00:00.345	1.317216	1.298901	1.304029
00:00:00.346	1.304762	1.304029	1.284982
00:00:00.346	1.309890	1.333333	1.298901
00:00:00.346	1.303297	1.331136	1.302564
00:00:00.347	1.295971	1.328938	1.303297
00:00:00.347	1.296703	1.327473	1.295971
00:00:00.347	1.310623	1.337729	1.298168
00:00:00.348	1.303297	1.317949	1.302564
00:00:00.348	1.309158	1.320147	1.306227
00:00:00.348	1.305495	1.306960	1.298901
00:00:00.349	1.321612	1.312821	1.314286
00:00:00.349	1.323810	1.309890	1.312088
00:00:00.349	1.328205	1.304762	1.315018
00:00:00.351	1.318681	1.294505	1.315751
00:00:00.351	1.317216	1.294505	1.312088
00:00:00.352	1.318681	1.301099	1.306960
00:00:00.352	1.312088	1.297436	1.299634
00:00:00.352	1.315018	1.314286	1.312088
00:00:00.353	1.304762	1.317216	1.309158
00:00:00.353	1.301099	1.315018	1.299634
00:00:00.353	1.304029	1.320147	1.306227
00:00:00.353	1.300366	1.324542	1.294505
00:00:00.353	1.295971	1.308425	1.299634
00:00:00.353	1.304762	1.305495	1.307692
00:00:00.356	1.301832	1.290110	1.298168
00:00:00.356	1.294505	1.292308	1.306227
00:00:00.356	1.298901	1.323077	1.302564
00:00:00.356	1.316484	1.332601	1.299634
00:00:00.356	1.320879	1.301832	1.308425
00:00:00.356	1.307692	1.293040	1.291575
00:00:00.356	1.326740	1.355311	1.314286
00:00:00.356	1.318681	1.311355	1.304762
00:00:00.357	1.319414	1.277656	1.308425
00:00:00.358	1.314286	1.260073	1.305495
00:00:00.358	1.309890	1.238828	1.304029
00:00:00.358	1.304029	1.245421	1.296703
00:00:00.359	1.309890	1.273993	1.300366
00:00:00.359	1.309890	1.275458	1.306227
00:00:00.359	1.299634	1.254212	1.297436
00:00:00.391	1.304762	1.313553	1.293040
00:00:00.391	1.312088	1.345055	1.300366
00:00:00.392	1.317216	1.351648	1.312088
00:00:00.392	1.311355	1.331136	1.293773
00:00:00.392	1.317949	1.313553	1.311355
00:00:00.393	1.321612	1.313553	1.311355
00:00:00.393	1.319414	1.315751	1.312088
00:00:00.393	1.320147	1.324542	1.309158
00:00:00.395	1.313553	1.322344	1.298901
00:00:00.395	1.312088	1.315018	1.307692
00:00:00.395	1.312821	1.308425	1.311355
00:00:00.395	1.301832	1.312821	1.297436
00:00:00.395	1.315018	1.331868	1.309890
00:00:00.396	1.315018	1.334066	1.311355
00:00:00.396	1.312088	1.315018	1.306227
00:00:00.396	1.312088	1.299634	1.309890
00:00:00.397	1.299634	1.265934	1.290842
00:00:00.397	1.312088	1.299634	1.310623
00:00:00.397	1.310623	1.290110	1.307692
00:00:00.398	1.306227	1.268864	1.303297
00:00:00.398	1.319414	1.293040	1.312821
00:00:00.398	1.310623	1.295238	1.307692
00:00:00.399	1.318681	1.318681	1.300366
00:00:00.399	1.315751	1.319414	1.293773
00:00:00.400	1.325275	1.336264	1.309890
00:00:00.400	1.313553	1.306227	1.302564
00:00:00.400	1.310623	1.301832	1.304762
00:00:00.401	1.300366	1.289377	1.304762
00:00:00.401	1.307692	1.300366	1.304762
00:00:00.401	1.307692	1.305495	1.305495
00:00:00.402	1.309158	1.307692	1.307692
00:00:00.402	1.300366	1.315751	1.298901
00:00:00.402	1.315018	1.342125	1.307692
00:00:00.403	1.305495	1.347985	1.306960
00:00:00.403	1.308425	1.336996	1.303297
00:00:00.403	1.293773	1.315751	1.290842
00:00:00.404	1.308425	1.353846	1.309890
00:00:00.404	1.299634	1.380220	1.309890
00:00:00.405	1.299634	1.364103	1.306227
00:00:00.405	1.315751	1.351648	1.312821
00:00:00.405	1.315018	1.324542	1.306960
00:00:00.406	1.310623	1.291575	1.310623
00:00:00.406	1.324542	1.292308	1.311355
00:00:00.406	1.328938	1.284249	1.307692
00:00:00.407	1.325275	1.282051	1.314286
00:00:00.407	1.306960	1.189011	1.293040
00:00:00.407	1.316484	1.292308	1.302564
00:00:00.408	1.311355	1.382418	1.304029
00:00:00.408	1.317216	1.365568	1.315018
00:00:00.408	1.311355	1.325275	1.320147
00:00:00.441	1.311355	1.257143	1.309158
00:00:00.441	1.312821	1.264469	1.295971
00:00:00.441	1.312088	1.265201	1.296703
00:00:00.442	1.314286	1.228571	1.299634
00:00:00.442	1.302564	1.134066	1.284982
00:00:00.442	1.301832	1.135531	1.270330
00:00:00.443	1.312088	1.428571	1.300366
00:00:00.443	1.315751	1.586813	1.320879
00:00:00.444	1.304029	1.396337	1.317949
00:00:00.444	1.295971	1.190476	1.311355
00:00:00.444	1.311355	1.175092	1.323077
00:00:00.446	1.306227	1.221978	1.323077
00:00:00.446	1.305495	1.304762	1.323077
00:00:00.446	1.303297	1.224908	1.300366
00:00:00.446	1.297436	1.224908	1.273260
00:00:00.448	1.287179	1.421245	1.273260
00:00:00.448	1.304762	1.660073	1.303297
00:00:00.448	1.311355	1.475458	1.311355
00:00:00.448	1.305495	1.345788	1.315018
00:00:00.448	1.269597	1.164103	1.312821
00:00:00.449	1.263004	1.074725	1.310623
00:00:00.449	1.288645	1.010256	1.313553
00:00:00.450	1.316484	1.052747	1.298901
00:00:00.450	1.326740	1.150916	1.302564
00:00:00.450	1.323810	1.265934	1.306227
00:00:00.450	1.339194	1.362637	1.314286
00:00:00.450	1.326007	1.374359	1.314286
00:00:00.450	1.331136	1.587546	1.337729
00:00:00.453	1.323810	1.934799	1.345788
00:00:00.453	1.312088	1.835165	1.341392
00:00:00.453	1.305495	1.421978	1.317216
00:00:00.453	1.295971	1.117949	1.304762
00:00:00.453	1.320879	1.028571	1.309158
00:00:00.453	1.330403	1.054945	1.306960
00:00:00.453	1.318681	1.031502	1.299634
00:00:00.453	1.323077	0.898168	1.271795
00:00:00.454	1.306227	1.051282	1.252747
00:00:00.454	1.307692	1.388278	1.279121
00:00:00.454	1.315751	1.463736	1.300366
00:00:00.455	1.318681	1.360440	1.311355
00:00:00.455	1.323077	1.314286	1.312088
00:00:00.455	1.309890	1.309158	1.305495
00:00:00.456	1.323810	1.312088	1.309158
00:00:00.456	1.339194	1.273260	1.300366
00:00:00.456	1.303297	1.210256	1.304762
00:00:00.457	1.315751	1.303297	1.318681
00:00:00.457	1.310623	1.400733	1.308425
00:00:00.457	1.320879	1.401465	1.312821
00:00:00.458	1.311355	1.438828	1.301832
00:00:00.458	1.304029	1.501099	1.307692
00:00:00.490	1.303297	1.517949	1.312821
00:00:00.491	1.301832	1.432967	1.300366
00:00:00.491	1.298168	1.361905	1.302564
00:00:00.491	1.303297	1.317949	1.308425
00:00:00.492	1.310623	1.279121	1.299634
00:00:00.492	1.310623	1.269597	1.295971
00:00:00.493	1.313553	1.254945	1.299634
00:00:00.493	1.300366	1.283516	1.291575
00:00:00.493	1.323077	1.291575	1.306960
00:00:00.494	1.313553	1.282051	1.297436
00:00:00.494	1.314286	1.303297	1.308425
00:00:00.494	1.320879	1.317949	1.316484
00:00:00.495	1.318681	1.321612	1.317949
00:00:00.495	1.310623	1.319414	1.318681
00:00:00.495	1.314286	1.342857	1.318681
00:00:00.496	1.312088	1.346520	1.314286
00:00:00.496	1.303297	1.324542	1.304029
00:00:00.496	1.302564	1.314286	1.300366
00:00:00.497	1.302564	1.295238	1.293040
00:00:00.497	1.294505	1.213187	1.298901
00:00:00.498	1.293040	1.234432	1.292308
00:00:00.498	1.296703	1.261538	1.295971
00:00:00.499	1.297436	1.318681	1.296703
00:00:00.499	1.306227	1.347985	1.302564
00:00:00.499	1.314286	1.328205	1.297436
00:00:00.499	1.315751	1.318681	1.320879
00:00:00.500	1.315751	1.323077	1.312821
00:00:00.500	1.307692	1.315751	1.307692
00:00:00.500	1.323077	1.320147	1.311355
00:00:00.501	1.312821	1.312821	1.316484
00:00:00.501	1.305495	1.303297	1.307692
00:00:00.501	1.310623	1.326007	1.298901
00:00:00.502	1.315751	1.341392	1.326007
00:00:00.502	1.304029	1.316484	1.320147
00:00:00.503	1.313553	1.301832	1.315018
00:00:00.503	1.310623	1.295971	1.310623
00:00:00.503	1.316484	1.277656	1.300366
00:00:00.504	1.323810	1.265934	1.293040
00:00:00.504	1.316484	1.238095	1.296703
00:00:00.504	1.302564	1.258608	1.294505
00:00:00.505	1.307692	1.310623	1.299634
00:00:00.505	1.306227	1.308425	1.292308
00:00:00.505	1.312088	1.300366	1.309158
00:00:00.507	1.315751	1.310623	1.312821
00:00:00.507	1.311355	1.322344	1.312821
00:00:00.507	1.302564	1.350916	1.304762
00:00:00.507	1.290110	1.351648	1.308425
00:00:00.507	1.305495	1.358974	1.306227
00:00:00.508	1.296703	1.315751	1.282051
00:00:00.508	1.303297	1.284249	1.289377
00:00:00.540	1.304029	1.249084	1.300366
00:00:00.540	1.311355	1.271062	1.306227
00:00:00.541	1.308425	1.295238	1.299634
00:00:00.541	1.312088	1.329670	1.307692
00:00:00.542	1.313553	1.340659	1.307692
00:00:00.542	1.312088	1.320879	1.300366
00:00:00.542	1.322344	1.318681	1.308425
00:00:00.546	1.326007	1.276190	1.305495
00:00:00.546	1.323077	1.253480	1.288645
00:00:00.546	1.318681	1.232967	1.297436
00:00:00.546	1.313553	1.247619	1.288645
00:00:00.546	1.318681	1.301832	1.309158
00:00:00.546	1.317216	1.345788	1.309158
00:00:00.546	1.298901	1.317949	1.297436
00:00:00.546	1.312821	1.319414	1.306227
00:00:00.546	1.312088	1.360440	1.310623
00:00:00.546	1.306960	1.355311	1.311355
00:00:00.546	1.309890	1.326740	1.315751
00:00:00.549	1.309158	1.329670	1.300366
00:00:00.549	1.312088	1.372894	1.313553
00:00:00.549	1.312088	1.320147	1.304762
00:00:00.549	1.311355	1.257875	1.307692
00:00:00.549	1.313553	1.242491	1.298901
00:00:00.549	1.315018	1.235897	1.300366
00:00:00.549	1.317949	1.238828	1.297436
00:00:00.549	1.304762	1.268132	1.295971
00:00:00.549	1.316484	1.300366	1.299634
00:00:00.551	1.311355	1.363370	1.304029
00:00:00.551	1.303297	1.345055	1.315751
00:00:00.552	1.298168	1.355311	1.304029
00:00:00.552	1.305495	1.337729	1.312088
00:00:00.552	1.302564	1.253480	1.300366
00:00:00.552	1.308425	1.230037	1.309890
00:00:00.552	1.305495	1.221978	1.304762
00:00:00.552	1.299634	1.229304	1.290110
00:00:00.553	1.307692	1.284249	1.295971
00:00:00.553	1.309890	1.323810	1.308425
00:00:00.553	1.315018	1.360440	1.302564
00:00:00.554	1.315018	1.361172	1.293773
00:00:00.554	1.315751	1.350183	1.308425
00:00:00.554	1.317949	1.330403	1.315018
00:00:00.555	1.317216	1.308425	1.310623
00:00:00.555	1.327473	1.314286	1.316484
00:00:00.555	1.313553	1.326740	1.315751
00:00:00.556	1.308425	1.342125	1.304762
00:00:00.556	1.315018	1.375092	1.314286
00:00:00.557	1.311355	1.356777	1.296703
00:00:00.557	1.312821	1.343590	1.310623
00:00:00.557	1.313553	1.345788	1.312088
00:00:00.558	1.320147	1.331136	1.309890
00:00:00.590	1.320147	1.309890	1.312088
00:00:00.590	1.297436	1.286447	1.303297
00:00:00.591	1.290110	1.260806	1.290842
00:00:00.591	1.310623	1.275458	1.299634
00:00:00.591	1.315018	1.260806	1.311355
00:00:00.592	1.310623	1.246886	1.299634
00:00:00.592	1.314286	1.252015	1.298168
00:00:00.592	1.312088	1.290842	1.300366
00:00:00.593	1.319414	1.309158	1.305495
00:00:00.593	1.289377	1.306960	1.300366
00:00:00.593	1.306227	1.331868	1.310623
00:00:00.594	1.306960	1.326007	1.302564
00:00:00.594	1.313553	1.321612	1.306960
00:00:00.594	1.322344	1.336264	1.310623
00:00:00.595	1.314286	1.325275	1.299634
00:00:00.595	1.323810	1.319414	1.311355
00:00:00.596	1.304029	1.323077	1.309158
00:00:00.596	1.293773	1.346520	1.307692
00:00:00.596	1.302564	1.353846	1.311355
00:00:00.597	1.295971	1.339194	1.306227
00:00:00.597	1.297436	1.342125	1.306960
00:00:00.597	1.299634	1.320879	1.312088
00:00:00.598	1.304029	1.284249	1.297436
00:00:00.598	1.310623	1.285714	1.296703
00:00:00.598	1.318681	1.264469	1.309158
00:00:00.599	1.328205	1.337729	1.304762
00:00:00.599	1.317949	1.325275	1.289377
00:00:00.599	1.333333	1.320879	1.293040
00:00:00.600	1.328205	1.293040	1.295238
00:00:00.600	1.327473	1.207326	1.315018
00:00:00.601	1.304029	1.123810	1.302564
00:00:00.601	1.300366	1.106960	1.309890
00:00:00.601	1.306227	1.206593	1.317216
00:00:00.602	1.304029	1.288645	1.318681
00:00:00.602	1.311355	1.342125	1.315751
00:00:00.602	1.298901	1.365568	1.297436
00:00:00.603	1.307692	1.361172	1.295238
00:00:00.603	1.310623	1.367766	1.314286
00:00:00.603	1.306960	1.333333	1.303297
00:00:00.604	1.316484	1.323810	1.299634
00:00:00.604	1.314286	1.328938	1.304762
00:00:00.604	1.320879	1.336996	1.312821
00:00:00.605	1.313553	1.350183	1.309890
00:00:00.605	1.319414	1.382418	1.316484
00:00:00.606	1.317949	1.377289	1.313553
00:00:00.607	1.317949	1.356777	1.306960
00:00:00.607	1.315751	1.317216	1.304762
00:00:00.608	1.305495	1.276190	1.304762
00:00:00.608	1.314286	1.246154	1.308425
00:00:00.608	1.298168	1.221978	1.300366
00:00:00.643	1.304762	1.246886	1.298901
00:00:00.643	1.292308	1.269597	1.297436
00:00:00.643	1.291575	1.303297	1.287912
00:00:00.643	1.308425	1.339194	1.312821
00:00:00.643	1.303297	1.345788	1.315018
00:00:00.643	1.304762	1.308425	1.306227
00:00:00.643	1.326740	1.308425	1.315751
00:00:00.643	1.314286	1.317216	1.309158
00:00:00.643	1.323077	1.351648	1.312088
00:00:00.646	1.333333	1.372894	1.316484
00:00:00.646	1.312088	1.341392	1.296703
00:00:00.646	1.319414	1.325275	1.317949
00:00:00.646	1.319414	1.321612	1.307692
00:00:00.646	1.309890	1.283516	1.307692
00:00:00.646	1.312088	1.221978	1.302564
00:00:00.646	1.312821	1.221978	1.308425
00:00:00.646	1.301832	1.238828	1.302564
00:00:00.647	1.286447	1.286447	1.290842
00:00:00.647	1.281319	1.309890	1.298901
00:00:00.647	1.288645	1.317216	1.300366
00:00:00.648	1.284249	1.336996	1.306227
00:00:00.648	1.295238	1.330403	1.306227
00:00:00.648	1.311355	1.325275	1.297436
00:00:00.648	1.313553	1.341392	1.306227
00:00:00.648	1.326007	1.353114	1.309890
00:00:00.648	1.309890	1.319414	1.306960
00:00:00.649	1.327473	1.301832	1.310623
00:00:00.649	1.330403	1.287179	1.311355
00:00:00.650	1.315018	1.268132	1.308425
00:00:00.650	1.326007	1.272527	1.299634
00:00:00.650	1.317949	1.292308	1.302564
00:00:00.651	1.312821	1.329670	1.303297
00:00:00.651	1.306227	1.361905	1.300366
00:00:00.651	1.290110	1.356044	1.300366
00:00:00.652	1.290842	1.350183	1.300366
00:00:00.652	1.302564	1.330403	1.300366
00:00:00.652	1.304029	1.282784	1.314286
00:00:00.653	1.302564	1.263736	1.298168
00:00:00.653	1.308425	1.301099	1.300366
00:00:00.653	1.309158	1.328938	1.304029
00:00:00.654	1.313553	1.298901	1.303297
00:00:00.654	1.315751	1.271062	1.307692
00:00:00.655	1.316484	1.243223	1.304762
00:00:00.656	1.317949	1.206593	1.306227
00:00:00.656	1.313553	1.176557	1.298168
00:00:00.656	1.317949	1.253480	1.304762
00:00:00.656	1.318681	1.334799	1.302564
00:00:00.656	1.323077	1.357509	1.306227
00:00:00.657	1.303297	1.326740	1.300366
00:00:00.657	1.296703	1.357509	1.295971
00:00:00.689	1.310623	1.378022	1.306227
00:00:00.690	1.299634	1.353114	1.302564
00:00:00.690	1.300366	1.336264	1.312088
00:00:00.690	1.308425	1.317216	1.304029
00:00:00.691	1.299634	1.300366	1.310623
00:00:00.691	1.307692	1.311355	1.309158
00:00:00.691	1.300366	1.285714	1.295238
00:00:00.692	1.317949	1.292308	1.309890
00:00:00.692	1.312088	1.300366	1.300366
00:00:00.692	1.314286	1.300366	1.301099
00:00:00.693	1.326740	1.306227	1.312088
00:00:00.693	1.315751	1.284249	1.302564
00:00:00.694	1.305495	1.271795	1.300366
00:00:00.694	1.315751	1.281319	1.300366
00:00:00.694	1.312821	1.312088	1.302564
00:00:00.695	1.308425	1.321612	1.300366
00:00:00.695	1.298901	1.316484	1.293773
00:00:00.695	1.303297	1.333333	1.298168
00:00:00.696	1.309158	1.342857	1.309890
00:00:00.696	1.304762	1.332601	1.310623
00:00:00.696	1.305495	1.355311	1.310623
00:00:00.697	1.306960	1.376557	1.315018
00:00:00.697	1.288645	1.355311	1.305495
00:00:00.697	1.316484	1.352381	1.314286
00:00:00.698	1.312821	1.333333	1.306960
00:00:00.698	1.326740	1.265201	1.304029
00:00:00.699	1.328938	1.210989	1.311355
00:00:00.699	1.332601	1.196337	1.310623
00:00:00.699	1.323810	1.274725	1.312088
00:00:00.700	1.317216	1.331136	1.310623
00:00:00.700	1.308425	1.379487	1.301832
00:00:00.700	1.311355	1.351648	1.300366
00:00:00.702	1.309158	1.333333	1.304029
00:00:00.702	1.309158	1.345788	1.308425
00:00:00.702	1.300366	1.376557	1.309158
00:00:00.703	1.295238	1.295238	1.290842
00:00:00.703	1.289377	1.243956	1.287179
00:00:00.703	1.298901	1.260806	1.303297
00:00:00.705	1.299634	1.246154	1.300366
00:00:00.705	1.310623	1.168498	1.309158
00:00:00.705	1.309890	1.161905	1.293773
00:00:00.705	1.303297	1.174359	1.287912
00:00:00.705	1.306227	1.325275	1.306227
00:00:00.705	1.311355	1.456410	1.315018
00:00:00.705	1.313553	1.406593	1.317949
00:00:00.705	1.312088	1.370696	1.322344
00:00:00.708	1.316484	1.305495	1.320879
00:00:00.708	1.312088	1.268864	1.317216
00:00:00.708	1.317949	1.235165	1.309890
00:00:00.708	1.309158	1.161905	1.288645
00:00:00.742	1.306960	1.179487	1.295971
00:00:00.742	1.309158	1.287912	1.311355
00:00:00.742	1.313553	1.309158	1.314286
00:00:00.742	1.310623	1.297436	1.305495
00:00:00.742	1.301832	1.345055	1.307692
00:00:00.742	1.304762	1.383150	1.309890
00:00:00.742	1.300366	1.404396	1.303297
00:00:00.742	1.298901	1.393407	1.297436
00:00:00.742	1.323077	1.366300	1.304029
00:00:00.742	1.331136	1.359707	1.306227
00:00:00.744	1.347985	1.356044	1.290842
00:00:00.744	1.347253	1.333333	1.298168
00:00:00.744	1.326740	1.296703	1.302564
00:00:00.745	1.314286	1.328205	1.313553
00:00:00.745	1.307692	1.332601	1.312821
00:00:00.745	1.285714	1.281319	1.307692
00:00:00.745	1.297436	1.253480	1.314286
00:00:00.745	1.292308	1.239560	1.313553
00:00:00.745	1.306960	1.292308	1.315018
00:00:00.746	1.311355	1.338462	1.318681
00:00:00.746	1.300366	1.311355	1.304762
00:00:00.746	1.309890	1.295238	1.308425
00:00:00.747	1.303297	1.315018	1.301832
00:00:00.747	1.309158	1.323810	1.309890
00:00:00.748	1.312088	1.303297	1.293773
00:00:00.748	1.309890	1.279121	1.290842
00:00:00.748	1.317949	1.308425	1.300366
00:00:00.749	1.321612	1.328938	1.300366
00:00:00.749	1.306227	1.320147	1.297436
00:00:00.749	1.310623	1.328938	1.305495
00:00:00.750	1.305495	1.310623	1.294505
00:00:00.750	1.305495	1.298901	1.275458
00:00:00.750	1.317216	1.306960	1.302564
00:00:00.751	1.315751	1.327473	1.305495
00:00:00.751	1.316484	1.323077	1.293773
00:00:00.751	1.308425	1.285714	1.300366
00:00:00.752	1.309158	1.281319	1.304029
00:00:00.752	1.295971	1.289377	1.301832
00:00:00.753	1.314286	1.320879	1.310623
00:00:00.753	1.318681	1.328938	1.304762
00:00:00.753	1.321612	1.355311	1.308425
00:00:00.754	1.317949	1.327473	1.308425
00:00:00.754	1.321612	1.295971	1.307692
00:00:00.754	1.314286	1.276923	1.301099
00:00:00.755	1.304029	1.271795	1.310623
00:00:00.755	1.312821	1.270330	1.309158
00:00:00.755	1.315018	1.282051	1.304762
00:00:00.756	1.311355	1.291575	1.306227
00:00:00.756	1.320147	1.323077	1.315751
00:00:00.757	1.314286	1.333333	1.309158
00:00:00.789	1.320147	1.350183	1.304029
00:00:00.789	1.322344	1.376557	1.307692
00:00:00.789	1.317216	1.368498	1.304762
00:00:00.790	1.328205	1.361905	1.308425
00:00:00.790	1.314286	1.317949	1.304029
00:00:00.790	1.317216	1.309158	1.305495
00:00:00.792	1.292308	1.235897	1.300366
00:00:00.792	1.279121	1.183883	1.304029
00:00:00.792	1.287179	1.159707	1.298168
00:00:00.792	1.284982	1.257875	1.297436
00:00:00.792	1.296703	1.323077	1.302564
00:00:00.793	1.318681	1.334799	1.311355
00:00:00.793	1.333333	1.316484	1.309158
00:00:00.793	1.338462	1.299634	1.309158
00:00:00.794	1.333333	1.315018	1.304029
00:00:00.794	1.323810	1.318681	1.310623
00:00:00.795	1.305495	1.308425	1.309158
00:00:00.795	1.273260	1.324542	1.289377
00:00:00.795	1.284249	1.356044	1.306960
00:00:00.795	1.289377	1.348718	1.300366
00:00:00.796	1.301099	1.347253	1.312821
00:00:00.796	1.319414	1.321612	1.307692
00:00:00.797	1.323077	1.347253	1.310623
00:00:00.797	1.320879	1.378022	1.309890
00:00:00.797	1.323810	1.379487	1.312088
00:00:00.799	1.323810	1.323077	1.294505
00:00:00.799	1.326740	1.324542	1.290110
00:00:00.799	1.334799	1.347985	1.306960
00:00:00.801	1.323077	1.265934	1.304029
00:00:00.801	1.320147	1.187546	1.311355
00:00:00.801	1.308425	1.186081	1.314286
00:00:00.801	1.303297	1.159707	1.306960
00:00:00.801	1.297436	1.240293	1.304762
00:00:00.802	1.306227	1.284982	1.313553
00:00:00.802	1.303297	1.276923	1.311355
00:00:00.802	1.293040	1.279853	1.303297
00:00:00.802	1.298168	1.313553	1.300366
00:00:00.802	1.287912	1.311355	1.302564
00:00:00.802	1.311355	1.295238	1.305495
00:00:00.806	1.306227	1.334066	1.305495
00:00:00.806	1.302564	1.352381	1.315751
00:00:00.806	1.309158	1.370696	1.304762
00:00:00.806	1.312088	1.336996	1.292308
00:00:00.806	1.310623	1.329670	1.300366
00:00:00.806	1.320147	1.315018	1.301832
00:00:00.806	1.318681	1.260073	1.300366
00:00:00.806	1.321612	1.272527	1.302564
00:00:00.806	1.325275	1.304762	1.300366
00:00:00.806	1.308425	1.315751	1.297436
00:00:00.806	1.317216	1.326740	1.308425
00:00:00.839	1.300366	1.293040	1.296703
00:00:00.839	1.311355	1.313553	1.309890
00:00:00.839	1.303297	1.319414	1.300366
00:00:00.839	1.310623	1.332601	1.308425
00:00:00.840	1.312088	1.339927	1.312088
00:00:00.840	1.312821	1.336996	1.309158
00:00:00.841	1.315018	1.356044	1.306960
00:00:00.841	1.314286	1.364103	1.306227
00:00:00.841	1.311355	1.327473	1.306227
00:00:00.842	1.305495	1.286447	1.299634
00:00:00.842	1.316484	1.283516	1.304029
00:00:00.842	1.311355	1.284982	1.304762
00:00:00.843	1.320879	1.322344	1.317216
00:00:00.844	1.322344	1.300366	1.299634
00:00:00.844	1.315751	1.301099	1.300366
00:00:00.844	1.312088	1.306960	1.298901
00:00:00.844	1.314286	1.297436	1.312088
00:00:00.845	1.298901	1.290842	1.304762
00:00:00.845	1.301099	1.290110	1.305495
00:00:00.845	1.295971	1.320147	1.300366
00:00:00.846	1.297436	1.350183	1.302564
00:00:00.846	1.301099	1.317949	1.305495
00:00:00.846	1.306960	1.326007	1.309158
00:00:00.847	1.308425	1.331868	1.301832
00:00:00.847	1.309158	1.350183	1.302564
00:00:00.847	1.316484	1.400733	1.307692
00:00:00.848	1.309890	1.345788	1.308425
00:00:00.848	1.314286	1.260806	1.308425
00:00:00.848	1.321612	1.179487	1.310623
00:00:00.849	1.326007	1.106227	1.302564
00:00:00.849	1.312088	1.109890	1.304029
00:00:00.850	1.328205	1.192674	1.305495
00:00:00.850	1.323077	1.246154	1.305495
00:00:00.850	1.312088	1.328938	1.302564
00:00:00.851	1.311355	1.349451	1.306227
00:00:00.851	1.296703	1.342125	1.307692
00:00:00.851	1.304762	1.371429	1.310623
00:00:00.852	1.287179	1.379487	1.302564
00:00:00.852	1.303297	1.378755	1.314286
00:00:00.852	1.307692	1.378755	1.309158
00:00:00.853	1.320147	1.370696	1.309890
00:00:00.853	1.324542	1.342125	1.316484
00:00:00.853	1.326007	1.327473	1.310623
00:00:00.854	1.323077	1.304762	1.299634
00:00:00.854	1.319414	1.318681	1.303297
00:00:00.855	1.314286	1.370696	1.300366
00:00:00.855	1.316484	1.388278	1.305495
00:00:00.855	1.317216	1.336264	1.302564
00:00:00.856	1.314286	1.255678	1.309158
00:00:00.856	1.306960	1.172894	1.300366
00:00:00.888	1.300366	1.188278	1.292308
00:00:00.889	1.284982	1.202930	1.298168
00:00:00.889	1.284249	1.259341	1.298168
00:00:00.889	1.288645	1.320879	1.306227
00:00:00.891	1.295971	1.320147	1.304029
00:00:00.891	1.299634	1.334066	1.309158
00:00:00.891	1.303297	1.337729	1.305495
00:00:00.891	1.329670	1.336264	1.306227
00:00:00.891	1.320147	1.333333	1.312088
00:00:00.891	1.314286	1.337729	1.304029
