timestamp	ch1	ch2	ch3
00:00:00.000	1.315751	1.206593	1.307692
00:00:00.000	1.320147	1.232967	1.316484
00:00:00.000	1.317216	1.266667	1.307692
00:00:00.000	1.303297	1.270330	1.300366
00:00:00.000	1.298901	1.264469	1.305495
00:00:00.001	1.314286	1.285714	1.305495
00:00:00.001	1.325275	1.303297	1.306960
00:00:00.001	1.311355	1.342125	1.295238
00:00:00.001	1.326740	1.380952	1.296703
00:00:00.001	1.317216	1.364835	1.289377
00:00:00.001	1.301832	1.356777	1.290110
00:00:00.007	1.299634	1.378022	1.294505
00:00:00.007	1.290110	1.359707	1.295238
00:00:00.007	1.295238	1.295971	1.307692
00:00:00.007	1.304762	1.275458	1.320147
00:00:00.007	1.319414	1.287912	1.309890
00:00:00.007	1.292308	1.298901	1.307692
00:00:00.007	1.290842	1.323810	1.308425
00:00:00.007	1.297436	1.312821	1.312821
00:00:00.007	1.320879	1.284982	1.304029
00:00:00.007	1.309890	1.279121	1.314286
00:00:00.007	1.299634	1.278388	1.304029
00:00:00.007	1.309158	1.259341	1.295238
00:00:00.007	1.326740	1.282051	1.299634
00:00:00.007	1.320147	1.319414	1.300366
00:00:00.008	1.330403	1.334799	1.305495
00:00:00.008	1.326007	1.322344	1.302564
00:00:00.008	1.308425	1.334066	1.300366
00:00:00.008	1.295238	1.330403	1.298168
00:00:00.008	1.310623	1.332601	1.305495
00:00:00.009	1.307692	1.304762	1.300366
00:00:00.009	1.300366	1.280586	1.289377
00:00:00.009	1.312088	1.259341	1.303297
00:00:00.010	1.298901	1.238095	1.304762
00:00:00.010	1.296703	1.263736	1.311355
00:00:00.010	1.328205	1.303297	1.319414
00:00:00.011	1.320879	1.315018	1.317216
00:00:00.011	1.303297	1.307692	1.312088
00:00:00.012	1.315018	1.308425	1.309158
00:00:00.012	1.311355	1.294505	1.303297
00:00:00.012	1.296703	1.298168	1.292308
00:00:00.013	1.305495	1.358974	1.300366
00:00:00.013	1.307692	1.372161	1.290842
00:00:00.013	1.297436	1.356777	1.300366
00:00:00.014	1.318681	1.329670	1.298901
00:00:00.014	1.315751	1.330403	1.302564
00:00:00.014	1.298168	1.309158	1.294505
00:00:00.015	1.325275	1.307692	1.305495
00:00:00.015	1.330403	1.281319	1.304029
00:00:00.015	1.347253	1.278388	1.318681
00:00:00.048	1.343590	1.307692	1.309890
00:00:00.048	1.311355	1.295238	1.298901
00:00:00.048	1.271795	1.275458	1.298168
00:00:00.049	1.272527	1.287912	1.308425
00:00:00.049	1.298901	1.322344	1.301832
00:00:00.049	1.315018	1.309158	1.312821
00:00:00.051	1.280586	1.274725	1.301099
00:00:00.051	1.274725	1.271062	1.298168
00:00:00.051	1.286447	1.264469	1.297436
00:00:00.051	1.326740	1.280586	1.295971
00:00:00.051	1.324542	1.257143	1.298168
00:00:00.052	1.316484	1.252015	1.291575
00:00:00.052	1.317216	1.276190	1.293773
00:00:00.052	1.315018	1.290110	1.298168
00:00:00.053	1.327473	1.323077	1.301832
00:00:00.053	1.336264	1.350183	1.314286
00:00:00.053	1.313553	1.327473	1.314286
00:00:00.054	1.306227	1.306960	1.309158
00:00:00.054	1.263736	1.319414	1.312088
00:00:00.054	1.253480	1.331868	1.307692
00:00:00.055	1.308425	1.339927	1.319414
00:00:00.055	1.343590	1.327473	1.300366
00:00:00.055	1.375092	1.305495	1.310623
00:00:00.056	1.378755	1.285714	1.297436
00:00:00.056	1.341392	1.290842	1.296703
00:00:00.057	1.304762	1.329670	1.299634
00:00:00.057	1.260806	1.338462	1.293040
00:00:00.057	1.236630	1.342125	1.291575
00:00:00.058	1.274725	1.341392	1.296703
00:00:00.058	1.309158	1.319414	1.285714
00:00:00.058	1.323810	1.327473	1.306227
00:00:00.060	1.317949	1.318681	1.312821
00:00:00.060	1.312821	1.284249	1.307692
00:00:00.060	1.320147	1.301099	1.312821
00:00:00.061	1.323810	1.295238	1.322344
00:00:00.061	1.317949	1.294505	1.312088
00:00:00.062	1.315751	1.280586	1.310623
00:00:00.062	1.321612	1.277656	1.321612
00:00:00.062	1.296703	1.243956	1.299634
00:00:00.062	1.300366	1.279853	1.300366
00:00:00.062	1.276923	1.308425	1.300366
00:00:00.062	1.284249	1.304029	1.290110
00:00:00.064	1.286447	1.320147	1.304029
00:00:00.064	1.295971	1.347985	1.293040
00:00:00.064	1.309890	1.316484	1.292308
00:00:00.065	1.344322	1.327473	1.303297
00:00:00.065	1.374359	1.332601	1.298168
00:00:00.065	1.336996	1.313553	1.295238
00:00:00.065	1.323810	1.309890	1.305495
00:00:00.065	1.293773	1.306227	1.304762
00:00:00.101	1.323810	1.311355	1.313553
00:00:00.101	1.320147	1.311355	1.317949
00:00:00.101	1.306960	1.308425	1.317949
00:00:00.101	1.308425	1.293040	1.315751
00:00:00.101	1.288645	1.282784	1.301832
00:00:00.101	1.284249	1.287179	1.300366
00:00:00.101	1.286447	1.308425	1.305495
00:00:00.101	1.277656	1.350916	1.298168
00:00:00.101	1.307692	1.346520	1.300366
00:00:00.101	1.316484	1.308425	1.298168
00:00:00.101	1.307692	1.295971	1.297436
00:00:00.101	1.287912	1.283516	1.298901
00:00:00.102	1.286447	1.279121	1.300366
00:00:00.103	1.312088	1.256410	1.295971
00:00:00.103	1.331868	1.223443	1.298901
00:00:00.103	1.321612	1.221978	1.291575
00:00:00.103	1.318681	1.272527	1.299634
00:00:00.103	1.323077	1.306227	1.309890
00:00:00.104	1.301832	1.328938	1.300366
00:00:00.104	1.300366	1.354579	1.307692
00:00:00.104	1.316484	1.350183	1.309158
00:00:00.105	1.312821	1.328205	1.317216
00:00:00.105	1.313553	1.324542	1.312821
00:00:00.106	1.312821	1.315018	1.300366
00:00:00.106	1.310623	1.300366	1.293773
00:00:00.106	1.318681	1.297436	1.303297
00:00:00.107	1.326740	1.356044	1.307692
00:00:00.107	1.323810	1.370696	1.293773
00:00:00.107	1.304029	1.323077	1.294505
00:00:00.108	1.292308	1.263736	1.290842
00:00:00.108	1.303297	1.320147	1.300366
00:00:00.108	1.305495	1.365568	1.293040
00:00:00.109	1.306227	1.350916	1.310623
00:00:00.109	1.298901	1.298901	1.298901
00:00:00.109	1.285714	1.246154	1.308425
00:00:00.110	1.287179	1.252015	1.320879
00:00:00.110	1.294505	1.249817	1.320147
00:00:00.111	1.303297	1.212454	1.300366
00:00:00.111	1.330403	1.213187	1.309890
00:00:00.111	1.350183	1.249817	1.303297
00:00:00.112	1.348718	1.283516	1.303297
00:00:00.112	1.340659	1.324542	1.308425
00:00:00.112	1.323810	1.315751	1.289377
00:00:00.113	1.301099	1.289377	1.272527
00:00:00.113	1.303297	1.317216	1.295971
00:00:00.113	1.296703	1.334066	1.301832
00:00:00.114	1.290842	1.352381	1.302564
00:00:00.114	1.267399	1.336996	1.295971
00:00:00.115	1.291575	1.317949	1.302564
00:00:00.115	1.289377	1.304029	1.309158
00:00:00.147	1.310623	1.324542	1.309158
00:00:00.147	1.312821	1.314286	1.298901
00:00:00.148	1.307692	1.299634	1.311355
00:00:00.148	1.292308	1.287912	1.311355
00:00:00.148	1.273260	1.277656	1.314286
00:00:00.149	1.287912	1.283516	1.314286
00:00:00.149	1.323810	1.300366	1.305495
00:00:00.150	1.355311	1.315018	1.290842
00:00:00.150	1.384615	1.345788	1.306227
00:00:00.150	1.364103	1.326007	1.296703
00:00:00.151	1.341392	1.320879	1.294505
00:00:00.151	1.276923	1.310623	1.294505
00:00:00.151	1.282051	1.328938	1.294505
00:00:00.152	1.310623	1.339194	1.299634
00:00:00.152	1.323810	1.345788	1.305495
00:00:00.152	1.310623	1.364835	1.308425
00:00:00.153	1.289377	1.367033	1.311355
00:00:00.153	1.297436	1.318681	1.311355
00:00:00.153	1.306227	1.274725	1.314286
00:00:00.154	1.283516	1.213187	1.315018
00:00:00.157	1.277656	1.215385	1.312821
00:00:00.157	1.280586	1.230769	1.299634
00:00:00.157	1.293773	1.267399	1.306227
00:00:00.157	1.294505	1.314286	1.299634
00:00:00.157	1.293773	1.314286	1.296703
00:00:00.157	1.309158	1.307692	1.300366
00:00:00.157	1.312821	1.312821	1.294505
00:00:00.158	1.312088	1.304762	1.291575
00:00:00.158	1.312088	1.309890	1.290110
00:00:00.158	1.306227	1.323810	1.291575
00:00:00.158	1.301832	1.315018	1.293773
00:00:00.160	1.313553	1.304029	1.299634
00:00:00.160	1.308425	1.288645	1.294505
00:00:00.160	1.329670	1.322344	1.315751
00:00:00.160	1.331868	1.312821	1.311355
00:00:00.161	1.315018	1.301832	1.309158
00:00:00.161	1.316484	1.318681	1.311355
00:00:00.161	1.331868	1.310623	1.316484
00:00:00.161	1.310623	1.297436	1.310623
00:00:00.161	1.317949	1.347985	1.307692
00:00:00.161	1.312088	1.380952	1.304029
00:00:00.167	1.296703	1.311355	1.298901
00:00:00.167	1.302564	1.271062	1.299634
00:00:00.167	1.304029	1.253480	1.282784
00:00:00.167	1.315751	1.249084	1.296703
00:00:00.167	1.315751	1.248352	1.300366
00:00:00.167	1.298168	1.219780	1.300366
00:00:00.167	1.301832	1.246154	1.296703
00:00:00.167	1.310623	1.303297	1.295971
00:00:00.167	1.309158	1.335531	1.300366
00:00:00.199	1.313553	1.324542	1.312088
00:00:00.199	1.298168	1.317216	1.298901
00:00:00.199	1.304762	1.345055	1.315018
00:00:00.199	1.303297	1.348718	1.311355
00:00:00.199	1.294505	1.315018	1.305495
00:00:00.199	1.309158	1.301832	1.310623
00:00:00.199	1.318681	1.325275	1.293040
00:00:00.199	1.322344	1.353846	1.307692
00:00:00.200	1.309890	1.329670	1.299634
00:00:00.200	1.298901	1.312088	1.295238
00:00:00.200	1.315018	1.300366	1.300366
00:00:00.201	1.320879	1.290842	1.295238
00:00:00.201	1.319414	1.282051	1.295971
00:00:00.201	1.312088	1.249817	1.299634
00:00:00.202	1.313553	1.239560	1.300366
00:00:00.202	1.316484	1.288645	1.312088
00:00:00.202	1.315751	1.313553	1.312821
00:00:00.203	1.298901	1.312821	1.299634
00:00:00.203	1.312088	1.317949	1.318681
00:00:00.204	1.315751	1.327473	1.317949
00:00:00.204	1.293773	1.331136	1.316484
00:00:00.204	1.290842	1.341392	1.309890
00:00:00.205	1.284249	1.355311	1.300366
00:00:00.205	1.300366	1.358242	1.300366
00:00:00.205	1.303297	1.334799	1.303297
00:00:00.206	1.306960	1.296703	1.299634
00:00:00.206	1.309158	1.260806	1.300366
00:00:00.207	1.314286	1.256410	1.293773
00:00:00.207	1.314286	1.263736	1.298168
00:00:00.207	1.314286	1.255678	1.297436
00:00:00.207	1.310623	1.268132	1.290842
00:00:00.208	1.320879	1.317216	1.300366
00:00:00.208	1.301832	1.304029	1.299634
00:00:00.209	1.304762	1.309158	1.300366
00:00:00.209	1.293040	1.321612	1.299634
00:00:00.209	1.309158	1.342125	1.312088
00:00:00.210	1.309890	1.335531	1.312088
00:00:00.210	1.315018	1.296703	1.311355
00:00:00.210	1.335531	1.271795	1.317216
00:00:00.211	1.331136	1.247619	1.306960
00:00:00.211	1.333333	1.249084	1.298168
00:00:00.211	1.340659	1.266667	1.304762
00:00:00.212	1.333333	1.294505	1.298901
00:00:00.212	1.303297	1.335531	1.290842
00:00:00.213	1.284249	1.358242	1.290110
00:00:00.213	1.220513	1.345788	1.304029
00:00:00.213	1.231502	1.339194	1.304762
00:00:00.214	1.249817	1.323077	1.302564
00:00:00.214	1.266667	1.300366	1.300366
00:00:00.214	1.319414	1.281319	1.304029
00:00:00.246	1.373626	1.294505	1.311355
00:00:00.247	1.383883	1.320879	1.313553
00:00:00.247	1.354579	1.315018	1.306960
00:00:00.249	1.339194	1.320879	1.315018
00:00:00.249	1.330403	1.301099	1.304029
00:00:00.249	1.319414	1.286447	1.312821
00:00:00.249	1.303297	1.271795	1.308425
00:00:00.249	1.268132	1.255678	1.304762
00:00:00.249	1.287179	1.268132	1.304029
00:00:00.251	1.317216	1.289377	1.299634
00:00:00.251	1.312088	1.336996	1.306227
00:00:00.251	1.297436	1.357509	1.293773
00:00:00.251	1.292308	1.373626	1.290842
00:00:00.251	1.304762	1.374359	1.298168
00:00:00.251	1.306227	1.360440	1.309890
00:00:00.253	1.309158	1.345055	1.310623
00:00:00.253	1.314286	1.338462	1.306227
00:00:00.253	1.315751	1.315751	1.306227
00:00:00.253	1.308425	1.232234	1.298901
00:00:00.255	1.327473	1.238095	1.309890
00:00:00.255	1.323810	1.224176	1.309890
00:00:00.255	1.316484	1.211722	1.303297
00:00:00.255	1.305495	1.233700	1.304762
00:00:00.256	1.314286	1.262271	1.300366
00:00:00.256	1.317949	1.308425	1.300366
00:00:00.256	1.312088	1.343590	1.309158
00:00:00.256	1.303297	1.336264	1.300366
00:00:00.256	1.304762	1.335531	1.298168
00:00:00.258	1.323077	1.337729	1.295971
00:00:00.258	1.297436	1.318681	1.282784
00:00:00.258	1.299634	1.329670	1.298901
00:00:00.258	1.305495	1.326007	1.299634
00:00:00.258	1.321612	1.316484	1.304762
00:00:00.258	1.322344	1.304029	1.304029
00:00:00.263	1.323810	1.300366	1.303297
00:00:00.263	1.317216	1.297436	1.304029
00:00:00.263	1.332601	1.291575	1.309158
00:00:00.263	1.323810	1.296703	1.315018
00:00:00.263	1.311355	1.312821	1.312821
00:00:00.263	1.292308	1.322344	1.305495
00:00:00.263	1.290110	1.310623	1.303297
00:00:00.263	1.288645	1.303297	1.300366
00:00:00.263	1.292308	1.323810	1.288645
00:00:00.263	1.315751	1.332601	1.297436
00:00:00.263	1.328205	1.315018	1.300366
00:00:00.263	1.300366	1.275458	1.295971
00:00:00.263	1.299634	1.277656	1.293773
00:00:00.263	1.297436	1.286447	1.289377
00:00:00.264	1.313553	1.283516	1.302564
00:00:00.264	1.301099	1.255678	1.300366
00:00:00.296	1.313553	1.266667	1.304762
00:00:00.297	1.307692	1.299634	1.304762
00:00:00.297	1.305495	1.312088	1.309890
00:00:00.297	1.300366	1.306960	1.312821
00:00:00.298	1.320147	1.311355	1.317216
00:00:00.298	1.312088	1.314286	1.315018
00:00:00.298	1.312821	1.323077	1.310623
00:00:00.299	1.310623	1.309890	1.309890
00:00:00.299	1.298168	1.305495	1.300366
00:00:00.299	1.313553	1.318681	1.304762
00:00:00.300	1.315018	1.309158	1.294505
00:00:00.300	1.309158	1.314286	1.291575
00:00:00.300	1.315751	1.323077	1.304762
00:00:00.301	1.309890	1.317216	1.295238
00:00:00.301	1.300366	1.317216	1.304029
00:00:00.302	1.300366	1.320879	1.307692
00:00:00.302	1.317216	1.295971	1.302564
00:00:00.302	1.318681	1.297436	1.312821
00:00:00.303	1.299634	1.310623	1.319414
00:00:00.303	1.295971	1.296703	1.304029
00:00:00.303	1.312088	1.306227	1.317949
00:00:00.304	1.318681	1.304762	1.309158
00:00:00.304	1.314286	1.296703	1.309158
00:00:00.304	1.315018	1.301832	1.304762
00:00:00.305	1.317949	1.314286	1.300366
00:00:00.305	1.316484	1.300366	1.292308
00:00:00.306	1.315018	1.290842	1.300366
00:00:00.306	1.313553	1.285714	1.286447
00:00:00.306	1.312088	1.303297	1.294505
00:00:00.307	1.316484	1.294505	1.297436
00:00:00.307	1.313553	1.298901	1.298168
00:00:00.307	1.311355	1.300366	1.299634
00:00:00.308	1.312088	1.297436	1.300366
00:00:00.308	1.317949	1.297436	1.307692
00:00:00.308	1.304029	1.289377	1.307692
00:00:00.309	1.300366	1.298901	1.308425
00:00:00.309	1.288645	1.310623	1.310623
00:00:00.309	1.305495	1.317949	1.310623
00:00:00.310	1.312088	1.311355	1.311355
00:00:00.310	1.313553	1.312088	1.309890
00:00:00.311	1.320879	1.308425	1.306960
00:00:00.312	1.319414	1.306960	1.298901
00:00:00.312	1.322344	1.315018	1.306227
00:00:00.312	1.313553	1.312088	1.295238
00:00:00.312	1.312821	1.312821	1.289377
00:00:00.312	1.312088	1.317949	1.297436
00:00:00.313	1.306960	1.317949	1.302564
00:00:00.313	1.321612	1.305495	1.300366
00:00:00.313	1.304762	1.304762	1.304029
00:00:00.314	1.314286	1.311355	1.302564
00:00:00.346	1.285714	1.293773	1.299634
00:00:00.347	1.299634	1.290110	1.298168
00:00:00.347	1.302564	1.299634	1.315018
00:00:00.347	1.308425	1.302564	1.309158
00:00:00.347	1.311355	1.306960	1.307692
00:00:00.351	1.297436	1.298168	1.304029
00:00:00.351	1.315018	1.304029	1.310623
00:00:00.351	1.321612	1.304029	1.304029
00:00:00.351	1.326007	1.302564	1.300366
00:00:00.351	1.319414	1.302564	1.298168
00:00:00.351	1.254945	1.298168	1.290842
00:00:00.351	1.267399	1.309890	1.291575
00:00:00.351	1.315751	1.308425	1.298168
00:00:00.353	1.337729	1.316484	1.298168
00:00:00.353	1.343590	1.309890	1.290842
00:00:00.353	1.356044	1.312821	1.296703
00:00:00.353	1.344322	1.297436	1.291575
00:00:00.353	1.322344	1.299634	1.311355
00:00:00.353	1.273260	1.306960	1.315751
00:00:00.354	1.254945	1.301832	1.322344
00:00:00.354	1.271062	1.290842	1.317949
00:00:00.354	1.310623	1.295971	1.312821
00:00:00.354	1.305495	1.290842	1.297436
00:00:00.354	1.319414	1.306960	1.310623
00:00:00.354	1.321612	1.311355	1.306227
00:00:00.360	1.314286	1.310623	1.291575
00:00:00.360	1.290842	1.321612	1.298168
00:00:00.360	1.313553	1.312088	1.300366
00:00:00.360	1.314286	1.298901	1.285714
00:00:00.360	1.327473	1.314286	1.302564
00:00:00.360	1.312088	1.306227	1.297436
00:00:00.360	1.318681	1.314286	1.305495
00:00:00.360	1.319414	1.311355	1.304762
00:00:00.360	1.316484	1.309158	1.310623
00:00:00.360	1.312821	1.301832	1.312821
00:00:00.360	1.297436	1.299634	1.309890
00:00:00.360	1.296703	1.300366	1.315751
00:00:00.360	1.288645	1.293773	1.312088
00:00:00.360	1.297436	1.295971	1.315751
00:00:00.360	1.299634	1.300366	1.316484
00:00:00.360	1.295238	1.301099	1.320147
00:00:00.362	1.309158	1.304762	1.315751
00:00:00.362	1.314286	1.295238	1.278388
00:00:00.362	1.341392	1.311355	1.285714
00:00:00.362	1.355311	1.312088	1.276923
00:00:00.362	1.312088	1.301099	1.270330
00:00:00.362	1.312088	1.312821	1.305495
00:00:00.363	1.326740	1.316484	1.321612
00:00:00.364	1.317949	1.317216	1.306227
00:00:00.364	1.346520	1.323077	1.291575
00:00:00.396	1.343590	1.311355	1.294505
00:00:00.396	1.290110	1.292308	1.296703
00:00:00.396	1.289377	1.306960	1.318681
00:00:00.397	1.266667	1.295971	1.315018
00:00:00.397	1.262271	1.300366	1.314286
00:00:00.397	1.285714	1.301832	1.312821
00:00:00.398	1.300366	1.290110	1.293773
00:00:00.398	1.316484	1.296703	1.299634
00:00:00.398	1.320147	1.306960	1.299634
00:00:00.399	1.308425	1.309158	1.296703
00:00:00.399	1.303297	1.311355	1.296703
00:00:00.400	1.297436	1.317216	1.295238
00:00:00.400	1.298901	1.312088	1.283516
00:00:00.400	1.301099	1.315751	1.293773
00:00:00.401	1.320147	1.310623	1.295971
00:00:00.401	1.372894	1.300366	1.304029
00:00:00.401	1.315018	1.306227	1.312821
00:00:00.402	1.283516	1.298901	1.302564
00:00:00.402	1.295971	1.293773	1.306960
00:00:00.402	1.330403	1.304029	1.318681
00:00:00.403	1.342125	1.290110	1.311355
00:00:00.403	1.323077	1.298168	1.317949
00:00:00.403	1.307692	1.299634	1.315018
00:00:00.404	1.306960	1.301099	1.306960
00:00:00.404	1.311355	1.304029	1.317216
00:00:00.405	1.305495	1.301099	1.290110
00:00:00.405	1.300366	1.296703	1.297436
00:00:00.405	1.311355	1.302564	1.299634
00:00:00.406	1.312088	1.304762	1.284982
00:00:00.406	1.315018	1.317949	1.292308
00:00:00.406	1.314286	1.326007	1.298901
00:00:00.408	1.317216	1.315018	1.294505
00:00:00.408	1.318681	1.312821	1.300366
00:00:00.408	1.306227	1.303297	1.297436
00:00:00.408	1.302564	1.298168	1.307692
00:00:00.408	1.304029	1.298168	1.306960
00:00:00.409	1.287179	1.279853	1.306227
00:00:00.409	1.306227	1.297436	1.321612
00:00:00.409	1.290110	1.297436	1.311355
00:00:00.410	1.263004	1.296703	1.312088
00:00:00.410	1.297436	1.302564	1.308425
00:00:00.410	1.311355	1.298168	1.306960
00:00:00.413	1.310623	1.300366	1.298901
00:00:00.413	1.330403	1.320879	1.299634
00:00:00.413	1.328205	1.317216	1.293773
00:00:00.413	1.335531	1.315018	1.302564
00:00:00.413	1.317216	1.312821	1.303297
00:00:00.413	1.311355	1.321612	1.298168
00:00:00.414	1.309158	1.326740	1.304029
00:00:00.414	1.315018	1.320147	1.304029
00:00:00.447	1.307692	1.306960	1.299634
00:00:00.447	1.313553	1.312821	1.310623
00:00:00.447	1.303297	1.299634	1.306227
00:00:00.447	1.300366	1.298168	1.321612
00:00:00.447	1.298901	1.295238	1.309890
00:00:00.449	1.306227	1.290110	1.306960
00:00:00.449	1.306227	1.284982	1.303297
00:00:00.449	1.314286	1.285714	1.309890
00:00:00.449	1.315018	1.295971	1.304029
00:00:00.451	1.314286	1.301099	1.298168
00:00:00.451	1.315751	1.295971	1.295971
00:00:00.451	1.312088	1.299634	1.296703
00:00:00.451	1.312821	1.306227	1.293773
00:00:00.451	1.304029	1.312821	1.293773
00:00:00.451	1.304762	1.315018	1.300366
00:00:00.451	1.305495	1.304762	1.289377
00:00:00.451	1.308425	1.315018	1.305495
00:00:00.451	1.312088	1.307692	1.305495
00:00:00.457	1.298168	1.303297	1.307692
00:00:00.457	1.316484	1.303297	1.319414
00:00:00.457	1.318681	1.292308	1.302564
00:00:00.457	1.305495	1.292308	1.308425
00:00:00.457	1.320879	1.304762	1.319414
00:00:00.457	1.315751	1.304029	1.308425
00:00:00.457	1.313553	1.315751	1.312821
00:00:00.457	1.304762	1.313553	1.300366
00:00:00.457	1.308425	1.312821	1.298168
00:00:00.457	1.317949	1.318681	1.300366
00:00:00.457	1.312088	1.315018	1.292308
00:00:00.457	1.317216	1.315018	1.295971
00:00:00.457	1.316484	1.309890	1.293040
00:00:00.457	1.312088	1.300366	1.284249
00:00:00.457	1.313553	1.306960	1.300366
00:00:00.457	1.306960	1.300366	1.309158
00:00:00.458	1.295238	1.288645	1.300366
00:00:00.458	1.316484	1.301099	1.312088
00:00:00.458	1.311355	1.308425	1.312088
00:00:00.459	1.300366	1.304762	1.320879
00:00:00.459	1.306227	1.301832	1.317949
00:00:00.459	1.306960	1.287179	1.300366
00:00:00.460	1.310623	1.298901	1.312821
00:00:00.460	1.315018	1.306227	1.311355
00:00:00.460	1.305495	1.293773	1.292308
00:00:00.461	1.309890	1.314286	1.304762
00:00:00.461	1.296703	1.312088	1.294505
00:00:00.461	1.300366	1.314286	1.293773
00:00:00.462	1.306960	1.314286	1.298168
00:00:00.462	1.299634	1.308425	1.284249
00:00:00.463	1.308425	1.308425	1.295238
00:00:00.463	1.328205	1.312088	1.302564
00:00:00.495	1.369963	1.306227	1.301832
00:00:00.495	1.359707	1.304029	1.304029
00:00:00.496	1.334799	1.305495	1.303297
00:00:00.496	1.334799	1.303297	1.318681
00:00:00.496	1.302564	1.304029	1.308425
00:00:00.497	1.270330	1.304762	1.310623
00:00:00.497	1.260073	1.300366	1.312821
00:00:00.498	1.295971	1.295971	1.304762
00:00:00.498	1.296703	1.293040	1.295971
00:00:00.498	1.305495	1.306960	1.300366
00:00:00.499	1.279853	1.301832	1.295971
00:00:00.499	1.275458	1.303297	1.291575
00:00:00.500	1.324542	1.322344	1.300366
00:00:00.500	1.310623	1.315018	1.288645
00:00:00.500	1.320147	1.316484	1.300366
00:00:00.500	1.319414	1.312821	1.297436
00:00:00.501	1.316484	1.317949	1.298168
00:00:00.501	1.317216	1.323077	1.312821
00:00:00.501	1.309158	1.314286	1.311355
00:00:00.502	1.305495	1.297436	1.308425
00:00:00.502	1.305495	1.288645	1.310623
00:00:00.503	1.302564	1.287179	1.314286
00:00:00.503	1.284982	1.275458	1.305495
00:00:00.503	1.303297	1.284982	1.316484
00:00:00.505	1.300366	1.289377	1.306960
00:00:00.505	1.294505	1.297436	1.300366
00:00:00.505	1.287179	1.306227	1.291575
00:00:00.505	1.295971	1.315018	1.289377
00:00:00.505	1.296703	1.310623	1.293040
00:00:00.505	1.378755	1.312088	1.307692
00:00:00.506	1.350183	1.305495	1.303297
00:00:00.507	1.315018	1.306960	1.320147
00:00:00.507	1.316484	1.309158	1.318681
00:00:00.507	1.323077	1.317949	1.316484
00:00:00.507	1.345788	1.311355	1.304029
00:00:00.510	1.336996	1.309890	1.296703
00:00:00.510	1.308425	1.306227	1.294505
00:00:00.510	1.317949	1.311355	1.304029
00:00:00.510	1.306960	1.304762	1.294505
00:00:00.510	1.305495	1.318681	1.296703
00:00:00.510	1.301832	1.325275	1.306960
00:00:00.514	1.300366	1.304762	1.314286
00:00:00.514	1.292308	1.282784	1.305495
00:00:00.514	1.273993	1.289377	1.309158
00:00:00.514	1.290842	1.296703	1.298901
00:00:00.514	1.284982	1.302564	1.306960
00:00:00.514	1.306227	1.297436	1.291575
00:00:00.514	1.317216	1.313553	1.292308
00:00:00.514	1.317949	1.318681	1.295238
00:00:00.514	1.315018	1.306227	1.298168
00:00:00.546	1.309890	1.303297	1.295238
00:00:00.546	1.312088	1.315018	1.314286
00:00:00.546	1.323810	1.313553	1.314286
00:00:00.546	1.306227	1.303297	1.308425
00:00:00.546	1.309158	1.300366	1.317216
00:00:00.552	1.309890	1.303297	1.317216
00:00:00.552	1.306227	1.287912	1.300366
00:00:00.552	1.295238	1.293040	1.311355
00:00:00.552	1.298901	1.303297	1.303297
00:00:00.552	1.307692	1.304029	1.300366
00:00:00.552	1.308425	1.304029	1.299634
00:00:00.552	1.317216	1.304029	1.299634
00:00:00.552	1.323077	1.307692	1.291575
00:00:00.552	1.328205	1.311355	1.300366
00:00:00.552	1.340659	1.320147	1.303297
00:00:00.552	1.344322	1.326007	1.300366
00:00:00.552	1.312088	1.321612	1.300366
00:00:00.552	1.298901	1.317949	1.302564
00:00:00.552	1.306960	1.312821	1.314286
00:00:00.552	1.306227	1.311355	1.314286
00:00:00.552	1.302564	1.304029	1.312821
00:00:00.552	1.301832	1.310623	1.317949
00:00:00.553	1.312821	1.308425	1.312821
00:00:00.553	1.298901	1.302564	1.310623
00:00:00.553	1.302564	1.298901	1.306227
00:00:00.554	1.298168	1.293773	1.307692
00:00:00.554	1.314286	1.289377	1.303297
00:00:00.554	1.313553	1.285714	1.294505
00:00:00.555	1.326740	1.291575	1.298168
00:00:00.555	1.327473	1.296703	1.300366
00:00:00.555	1.310623	1.289377	1.283516
00:00:00.556	1.306227	1.300366	1.296703
00:00:00.556	1.313553	1.311355	1.301832
00:00:00.557	1.307692	1.313553	1.294505
00:00:00.557	1.307692	1.324542	1.302564
00:00:00.557	1.304029	1.324542	1.303297
00:00:00.558	1.309890	1.323810	1.317216
00:00:00.558	1.304029	1.309890	1.316484
00:00:00.558	1.312088	1.292308	1.309158
00:00:00.559	1.309890	1.288645	1.315018
00:00:00.559	1.308425	1.283516	1.300366
00:00:00.559	1.305495	1.295238	1.310623
00:00:00.560	1.307692	1.285714	1.304762
00:00:00.560	1.313553	1.303297	1.306960
00:00:00.561	1.316484	1.320147	1.305495
00:00:00.561	1.312088	1.323810	1.286447
00:00:00.561	1.320879	1.339194	1.298168
00:00:00.562	1.321612	1.327473	1.299634
00:00:00.562	1.314286	1.311355	1.304762
00:00:00.562	1.308425	1.301099	1.312821
00:00:00.594	1.316484	1.304029	1.312088
00:00:00.595	1.298168	1.298168	1.312821
00:00:00.595	1.310623	1.303297	1.315751
00:00:00.596	1.308425	1.301832	1.314286
00:00:00.596	1.309158	1.290842	1.306227
00:00:00.596	1.312821	1.302564	1.310623
00:00:00.597	1.315018	1.310623	1.315751
00:00:00.597	1.301832	1.311355	1.295971
00:00:00.597	1.306227	1.336264	1.295971
00:00:00.598	1.299634	1.334066	1.292308
00:00:00.598	1.322344	1.335531	1.304029
00:00:00.598	1.312088	1.332601	1.295971
00:00:00.600	1.316484	1.320147	1.301832
00:00:00.600	1.302564	1.270330	1.295238
00:00:00.600	1.299634	1.253480	1.285714
00:00:00.600	1.320879	1.265934	1.304762
00:00:00.600	1.307692	1.264469	1.294505
00:00:00.602	1.316484	1.282051	1.303297
00:00:00.602	1.303297	1.271062	1.298168
00:00:00.602	1.295971	1.266667	1.298168
00:00:00.602	1.299634	1.291575	1.309158
00:00:00.602	1.300366	1.301099	1.318681
00:00:00.602	1.302564	1.297436	1.311355
00:00:00.604	1.301832	1.299634	1.300366
00:00:00.604	1.311355	1.312821	1.309158
00:00:00.604	1.310623	1.328205	1.302564
00:00:00.604	1.320879	1.349451	1.306960
00:00:00.604	1.310623	1.367766	1.301832
00:00:00.604	1.309158	1.379487	1.300366
00:00:00.606	1.315018	1.361172	1.298168
00:00:00.606	1.314286	1.322344	1.302564
00:00:00.609	1.323077	1.328938	1.300366
00:00:00.609	1.323810	1.277656	1.296703
00:00:00.609	1.312821	1.228571	1.293773
00:00:00.609	1.312088	1.223443	1.303297
00:00:00.609	1.311355	1.228571	1.300366
00:00:00.609	1.306960	1.245421	1.301832
00:00:00.609	1.308425	1.276923	1.309890
00:00:00.609	1.297436	1.273260	1.298168
00:00:00.609	1.298168	1.279853	1.304762
00:00:00.609	1.310623	1.310623	1.312821
00:00:00.609	1.306960	1.322344	1.297436
00:00:00.609	1.309890	1.339194	1.307692
00:00:00.615	1.311355	1.338462	1.303297
00:00:00.615	1.308425	1.328938	1.290110
00:00:00.615	1.314286	1.333333	1.310623
00:00:00.615	1.312088	1.313553	1.292308
00:00:00.615	1.304762	1.301832	1.289377
00:00:00.615	1.315751	1.303297	1.300366
00:00:00.615	1.316484	1.302564	1.303297
00:00:00.647	1.302564	1.307692	1.296703
00:00:00.647	1.312088	1.334799	1.314286
00:00:00.647	1.306227	1.322344	1.310623
00:00:00.647	1.294505	1.315018	1.309158
00:00:00.647	1.300366	1.327473	1.310623
00:00:00.647	1.296703	1.331136	1.318681
00:00:00.647	1.305495	1.339194	1.315751
00:00:00.647	1.304762	1.298168	1.306960
00:00:00.647	1.308425	1.281319	1.299634
00:00:00.647	1.309890	1.279853	1.300366
00:00:00.648	1.315018	1.282051	1.300366
00:00:00.649	1.323810	1.255678	1.298901
00:00:00.649	1.316484	1.279853	1.302564
00:00:00.650	1.310623	1.306227	1.295238
00:00:00.650	1.306960	1.323810	1.287179
00:00:00.650	1.318681	1.318681	1.302564
00:00:00.650	1.311355	1.299634	1.299634
00:00:00.650	1.300366	1.290842	1.298901
00:00:00.651	1.306960	1.296703	1.306960
00:00:00.651	1.312088	1.323077	1.306227
00:00:00.651	1.305495	1.340659	1.314286
00:00:00.652	1.315751	1.346520	1.320147
00:00:00.652	1.301832	1.339194	1.315018
00:00:00.652	1.295971	1.324542	1.301832
00:00:00.653	1.316484	1.328938	1.309890
00:00:00.653	1.301832	1.297436	1.305495
00:00:00.653	1.303297	1.279853	1.306960
00:00:00.654	1.311355	1.268864	1.300366
00:00:00.654	1.313553	1.273993	1.298168
00:00:00.655	1.306227	1.289377	1.298901
00:00:00.655	1.318681	1.310623	1.299634
00:00:00.655	1.312088	1.323810	1.287179
00:00:00.657	1.319414	1.300366	1.305495
00:00:00.657	1.317216	1.290110	1.300366
00:00:00.657	1.308425	1.291575	1.298901
00:00:00.657	1.300366	1.295238	1.305495
00:00:00.658	1.305495	1.308425	1.306227
00:00:00.658	1.295971	1.301099	1.304762
00:00:00.658	1.313553	1.304029	1.318681
00:00:00.658	1.309158	1.288645	1.316484
00:00:00.658	1.304762	1.296703	1.308425
00:00:00.659	1.321612	1.335531	1.309158
00:00:00.659	1.317949	1.330403	1.307692
00:00:00.660	1.290110	1.294505	1.304762
00:00:00.660	1.291575	1.290110	1.294505
00:00:00.660	1.301099	1.298901	1.289377
00:00:00.661	1.317216	1.312821	1.298901
00:00:00.661	1.313553	1.312821	1.296703
00:00:00.661	1.312088	1.315018	1.296703
00:00:00.662	1.305495	1.300366	1.292308
00:00:00.694	1.310623	1.302564	1.295971
00:00:00.694	1.310623	1.306960	1.307692
00:00:00.695	1.298901	1.295238	1.300366
00:00:00.695	1.309158	1.301099	1.311355
00:00:00.695	1.312088	1.306960	1.307692
00:00:00.696	1.308425	1.312088	1.316484
00:00:00.696	1.295238	1.321612	1.311355
00:00:00.696	1.304762	1.317949	1.322344
00:00:00.698	1.294505	1.299634	1.306960
00:00:00.698	1.309158	1.280586	1.307692
00:00:00.698	1.318681	1.261538	1.300366
00:00:00.698	1.317216	1.276923	1.292308
00:00:00.698	1.305495	1.291575	1.284982
00:00:00.701	1.312088	1.315018	1.287179
00:00:00.701	1.315751	1.334799	1.293773
00:00:00.701	1.314286	1.328938	1.297436
00:00:00.701	1.312088	1.326007	1.297436
00:00:00.701	1.302564	1.321612	1.300366
00:00:00.701	1.313553	1.312088	1.312821
00:00:00.702	1.301832	1.273260	1.296703
00:00:00.702	1.301832	1.259341	1.295238
00:00:00.702	1.308425	1.294505	1.314286
00:00:00.702	1.304029	1.323077	1.310623
00:00:00.702	1.315751	1.324542	1.315018
00:00:00.705	1.309890	1.276923	1.309158
00:00:00.705	1.300366	1.261538	1.301832
00:00:00.705	1.316484	1.306227	1.310623
00:00:00.705	1.315751	1.320147	1.306960
00:00:00.705	1.308425	1.306227	1.290110
00:00:00.705	1.314286	1.309158	1.304762
00:00:00.705	1.304762	1.288645	1.291575
00:00:00.705	1.304029	1.297436	1.287912
00:00:00.705	1.306227	1.309890	1.293040
00:00:00.711	1.317949	1.333333	1.296703
00:00:00.711	1.316484	1.316484	1.303297
00:00:00.711	1.312088	1.289377	1.311355
00:00:00.711	1.314286	1.273260	1.309890
00:00:00.711	1.291575	1.290110	1.315018
00:00:00.711	1.308425	1.322344	1.314286
00:00:00.711	1.294505	1.329670	1.315018
00:00:00.711	1.298168	1.312088	1.305495
00:00:00.711	1.305495	1.313553	1.303297
00:00:00.711	1.313553	1.311355	1.313553
00:00:00.711	1.320147	1.307692	1.300366
00:00:00.711	1.308425	1.287912	1.290842
00:00:00.711	1.298901	1.280586	1.297436
00:00:00.711	1.315018	1.300366	1.295971
00:00:00.711	1.314286	1.342125	1.300366
00:00:00.711	1.311355	1.347253	1.295971
00:00:00.711	1.309890	1.332601	1.297436
00:00:00.744	1.309890	1.326007	1.306960
00:00:00.744	1.309890	1.333333	1.309158
00:00:00.744	1.301099	1.312088	1.303297
00:00:00.746	1.304029	1.296703	1.310623
00:00:00.746	1.302564	1.269597	1.306227
00:00:00.746	1.308425	1.245421	1.307692
00:00:00.746	1.306960	1.244689	1.315018
00:00:00.746	1.295238	1.261538	1.300366
00:00:00.746	1.308425	1.303297	1.306227
00:00:00.747	1.307692	1.309158	1.300366
00:00:00.747	1.303297	1.306227	1.297436
00:00:00.748	1.323810	1.318681	1.300366
00:00:00.748	1.314286	1.314286	1.290110
00:00:00.748	1.304762	1.307692	1.287179
00:00:00.749	1.313553	1.325275	1.300366
00:00:00.749	1.306960	1.313553	1.295971
00:00:00.749	1.317949	1.320879	1.306227
00:00:00.750	1.315018	1.323077	1.307692
00:00:00.750	1.320879	1.304029	1.310623
00:00:00.750	1.316484	1.269597	1.312821
00:00:00.751	1.292308	1.253480	1.300366
00:00:00.751	1.285714	1.284249	1.307692
00:00:00.751	1.301832	1.305495	1.320147
00:00:00.752	1.295971	1.306227	1.300366
00:00:00.752	1.309890	1.314286	1.308425
00:00:00.753	1.315751	1.323077	1.309158
00:00:00.753	1.302564	1.319414	1.302564
00:00:00.753	1.306227	1.317949	1.293773
00:00:00.754	1.305495	1.317949	1.295238
00:00:00.754	1.304762	1.301099	1.298168
00:00:00.754	1.323077	1.295238	1.293773
00:00:00.755	1.318681	1.273993	1.294505
00:00:00.755	1.314286	1.272527	1.293040
00:00:00.755	1.311355	1.302564	1.298168
00:00:00.756	1.304762	1.307692	1.298901
00:00:00.756	1.296703	1.317949	1.306227
00:00:00.757	1.299634	1.335531	1.309158
00:00:00.757	1.303297	1.329670	1.312821
00:00:00.757	1.300366	1.305495	1.312088
00:00:00.758	1.312821	1.296703	1.312088
00:00:00.758	1.303297	1.305495	1.309890
00:00:00.758	1.309158	1.326740	1.312088
00:00:00.760	1.312821	1.311355	1.309158
00:00:00.760	1.309158	1.276923	1.303297
00:00:00.760	1.315018	1.280586	1.304762
00:00:00.760	1.319414	1.286447	1.296703
00:00:00.762	1.324542	1.288645	1.300366
00:00:00.762	1.320879	1.298168	1.292308
00:00:00.762	1.317949	1.305495	1.288645
00:00:00.762	1.300366	1.315751	1.295238
