timestamp	ch1	ch2	ch3
00:00:00.000	1.302564	1.318681	1.300366
00:00:00.000	1.309890	1.346520	1.315751
00:00:00.001	1.312821	1.334799	1.300366
00:00:00.001	1.307692	1.330403	1.303297
00:00:00.001	1.310623	1.326007	1.307692
00:00:00.003	1.315751	1.300366	1.309158
00:00:00.003	1.310623	1.283516	1.312821
00:00:00.003	1.314286	1.282784	1.301832
00:00:00.003	1.307692	1.311355	1.293040
00:00:00.003	1.315018	1.334066	1.309158
00:00:00.003	1.312821	1.370696	1.304762
00:00:00.005	1.296703	1.374359	1.298168
00:00:00.005	1.320879	1.345788	1.306960
00:00:00.036	1.306227	1.287179	1.286447
00:00:00.037	1.309158	1.271062	1.303297
00:00:00.037	1.309890	1.260073	1.303297
00:00:00.037	1.308425	1.251282	1.298168
00:00:00.038	1.307692	1.237363	1.300366
00:00:00.038	1.300366	1.203663	1.294505
00:00:00.038	1.306227	1.222711	1.296703
00:00:00.039	1.302564	1.271795	1.296703
00:00:00.039	1.306227	1.308425	1.304029
00:00:00.040	1.306227	1.317949	1.304029
00:00:00.040	1.302564	1.310623	1.308425
00:00:00.040	1.324542	1.344322	1.307692
00:00:00.041	1.327473	1.354579	1.308425
00:00:00.041	1.316484	1.344322	1.301832
00:00:00.041	1.317949	1.359707	1.306960
00:00:00.042	1.299634	1.356044	1.297436
00:00:00.042	1.318681	1.386081	1.301832
00:00:00.042	1.316484	1.361905	1.309890
00:00:00.043	1.308425	1.316484	1.309890
00:00:00.043	1.308425	1.261538	1.307692
00:00:00.043	1.301832	1.219048	1.291575
00:00:00.044	1.309890	1.238095	1.312088
00:00:00.044	1.309158	1.252015	1.302564
00:00:00.045	1.308425	1.242491	1.300366
00:00:00.045	1.314286	1.273260	1.305495
00:00:00.045	1.312088	1.282784	1.297436
00:00:00.046	1.296703	1.301099	1.303297
00:00:00.046	1.302564	1.296703	1.291575
00:00:00.046	1.312088	1.319414	1.307692
00:00:00.047	1.328938	1.358974	1.314286
00:00:00.047	1.312088	1.354579	1.309158
00:00:00.047	1.317949	1.367766	1.300366
00:00:00.048	1.318681	1.356777	1.306960
00:00:00.048	1.316484	1.338462	1.309158
00:00:00.048	1.312088	1.324542	1.308425
00:00:00.049	1.312088	1.309890	1.303297
00:00:00.049	1.302564	1.285714	1.302564
00:00:00.050	1.308425	1.289377	1.298901
00:00:00.050	1.314286	1.315018	1.300366
00:00:00.050	1.310623	1.312088	1.307692
00:00:00.051	1.306960	1.300366	1.299634
00:00:00.051	1.317216	1.306227	1.306227
00:00:00.051	1.316484	1.326740	1.302564
00:00:00.052	1.305495	1.312821	1.298168
00:00:00.052	1.306227	1.307692	1.307692
00:00:00.052	1.312821	1.310623	1.303297
00:00:00.053	1.309890	1.316484	1.305495
00:00:00.053	1.304029	1.306227	1.302564
00:00:00.054	1.317949	1.300366	1.309158
00:00:00.054	1.310623	1.291575	1.292308
00:00:00.086	1.313553	1.282784	1.300366
00:00:00.086	1.309158	1.289377	1.293773
00:00:00.087	1.298168	1.303297	1.300366
00:00:00.087	1.297436	1.331868	1.306227
00:00:00.087	1.303297	1.336996	1.305495
00:00:00.089	1.306227	1.327473	1.310623
00:00:00.089	1.306227	1.309158	1.304762
00:00:00.089	1.303297	1.301099	1.303297
00:00:00.089	1.307692	1.303297	1.304029
00:00:00.089	1.306227	1.301099	1.304029
00:00:00.090	1.322344	1.299634	1.305495
00:00:00.090	1.315751	1.295971	1.295971
00:00:00.090	1.317949	1.309158	1.300366
00:00:00.091	1.307692	1.310623	1.306227
00:00:00.091	1.313553	1.369963	1.306227
00:00:00.091	1.315751	1.372161	1.306227
00:00:00.092	1.311355	1.315751	1.306227
00:00:00.092	1.309890	1.228571	1.287179
00:00:00.092	1.309158	1.232234	1.302564
00:00:00.096	1.310623	1.267399	1.307692
00:00:00.096	1.307692	1.289377	1.300366
00:00:00.096	1.301099	1.293040	1.304029
00:00:00.096	1.307692	1.319414	1.300366
00:00:00.096	1.304762	1.317216	1.298168
00:00:00.096	1.312088	1.317216	1.306227
00:00:00.096	1.311355	1.309890	1.300366
00:00:00.096	1.309158	1.299634	1.297436
00:00:00.096	1.312088	1.290842	1.305495
00:00:00.096	1.316484	1.282784	1.306960
00:00:00.096	1.306227	1.286447	1.295971
00:00:00.099	1.312088	1.320147	1.302564
00:00:00.099	1.322344	1.319414	1.303297
00:00:00.099	1.315018	1.319414	1.290842
00:00:00.099	1.315018	1.328205	1.308425
00:00:00.099	1.312088	1.320147	1.296703
00:00:00.099	1.295971	1.309158	1.302564
00:00:00.099	1.309158	1.309890	1.306227
00:00:00.099	1.307692	1.315751	1.309890
00:00:00.100	1.312088	1.331136	1.308425
00:00:00.100	1.304029	1.341392	1.306227
00:00:00.100	1.300366	1.368498	1.306227
00:00:00.101	1.314286	1.343590	1.309158
00:00:00.101	1.316484	1.312821	1.298168
00:00:00.101	1.309890	1.294505	1.300366
00:00:00.102	1.320147	1.293773	1.303297
00:00:00.102	1.318681	1.270330	1.295238
00:00:00.103	1.306960	1.259341	1.294505
00:00:00.103	1.300366	1.238828	1.293040
00:00:00.103	1.312821	1.254945	1.300366
00:00:00.104	1.311355	1.246886	1.304762
00:00:00.136	1.315018	1.249817	1.311355
00:00:00.136	1.301832	1.245421	1.306960
00:00:00.136	1.301832	1.275458	1.297436
00:00:00.137	1.311355	1.309890	1.295238
00:00:00.137	1.309158	1.331868	1.300366
00:00:00.138	1.306960	1.347253	1.310623
00:00:00.138	1.312088	1.323077	1.298901
00:00:00.138	1.317216	1.325275	1.302564
00:00:00.139	1.308425	1.328938	1.304029
00:00:00.139	1.307692	1.325275	1.303297
00:00:00.139	1.309890	1.339927	1.304762
00:00:00.140	1.309158	1.364103	1.298168
00:00:00.141	1.312088	1.354579	1.303297
00:00:00.141	1.317216	1.339927	1.312821
00:00:00.141	1.311355	1.315751	1.303297
00:00:00.141	1.305495	1.295238	1.310623
00:00:00.141	1.313553	1.283516	1.305495
00:00:00.142	1.309158	1.274725	1.301832
00:00:00.142	1.313553	1.290842	1.309158
00:00:00.143	1.312088	1.309158	1.306960
00:00:00.143	1.309158	1.309158	1.304762
00:00:00.143	1.319414	1.300366	1.312088
00:00:00.144	1.311355	1.306227	1.313553
00:00:00.144	1.305495	1.313553	1.306227
00:00:00.144	1.306227	1.321612	1.310623
00:00:00.145	1.312821	1.331868	1.308425
00:00:00.145	1.297436	1.301099	1.292308
00:00:00.145	1.306227	1.292308	1.295238
00:00:00.146	1.310623	1.282784	1.284982
00:00:00.146	1.314286	1.299634	1.295238
00:00:00.146	1.306960	1.287179	1.282784
00:00:00.147	1.303297	1.293040	1.298901
00:00:00.147	1.309158	1.304029	1.302564
00:00:00.148	1.317216	1.296703	1.304029
00:00:00.148	1.310623	1.301099	1.300366
00:00:00.148	1.317216	1.311355	1.308425
00:00:00.149	1.313553	1.378022	1.309158
00:00:00.149	1.316484	1.378022	1.304762
00:00:00.149	1.309158	1.331136	1.307692
00:00:00.150	1.309158	1.261538	1.309158
00:00:00.150	1.312088	1.257143	1.302564
00:00:00.150	1.304762	1.291575	1.295971
00:00:00.151	1.295238	1.301099	1.295971
00:00:00.151	1.314286	1.332601	1.310623
00:00:00.152	1.313553	1.367033	1.306960
00:00:00.152	1.323077	1.354579	1.312088
00:00:00.152	1.308425	1.290842	1.300366
00:00:00.153	1.314286	1.265201	1.312088
00:00:00.153	1.315018	1.268864	1.306960
00:00:00.153	1.309158	1.274725	1.299634
00:00:00.185	1.312088	1.282784	1.296703
00:00:00.186	1.304029	1.284249	1.292308
00:00:00.186	1.305495	1.284249	1.288645
00:00:00.187	1.312088	1.312821	1.300366
00:00:00.187	1.308425	1.344322	1.303297
00:00:00.187	1.309158	1.347985	1.299634
00:00:00.188	1.307692	1.326007	1.302564
00:00:00.188	1.297436	1.289377	1.302564
00:00:00.188	1.306227	1.253480	1.309890
00:00:00.190	1.313553	1.246154	1.308425
00:00:00.190	1.310623	1.243956	1.303297
00:00:00.190	1.325275	1.277656	1.313553
00:00:00.190	1.316484	1.303297	1.302564
00:00:00.190	1.320879	1.327473	1.310623
00:00:00.190	1.312821	1.326740	1.301832
00:00:00.192	1.320879	1.317216	1.298901
00:00:00.192	1.324542	1.316484	1.304029
00:00:00.192	1.318681	1.317216	1.308425
00:00:00.193	1.309158	1.323077	1.300366
00:00:00.193	1.306227	1.336264	1.303297
00:00:00.193	1.298901	1.339194	1.298168
00:00:00.193	1.304029	1.335531	1.308425
00:00:00.193	1.304762	1.320879	1.304029
00:00:00.195	1.319414	1.309890	1.307692
00:00:00.195	1.317949	1.307692	1.299634
00:00:00.195	1.311355	1.307692	1.306227
00:00:00.195	1.311355	1.300366	1.304029
00:00:00.195	1.312088	1.274725	1.300366
00:00:00.195	1.317216	1.289377	1.309890
00:00:00.196	1.313553	1.307692	1.301832
00:00:00.196	1.315751	1.323810	1.309890
00:00:00.197	1.309890	1.321612	1.306960
00:00:00.197	1.312088	1.323810	1.306227
00:00:00.197	1.307692	1.315018	1.303297
00:00:00.198	1.304762	1.310623	1.305495
00:00:00.198	1.313553	1.300366	1.302564
00:00:00.198	1.310623	1.309158	1.305495
00:00:00.199	1.309158	1.313553	1.309890
00:00:00.199	1.306960	1.309890	1.308425
00:00:00.199	1.308425	1.303297	1.308425
00:00:00.200	1.306960	1.292308	1.307692
00:00:00.200	1.314286	1.302564	1.309890
00:00:00.201	1.308425	1.300366	1.307692
00:00:00.201	1.314286	1.308425	1.306227
00:00:00.201	1.311355	1.312088	1.305495
00:00:00.202	1.314286	1.319414	1.309158
00:00:00.202	1.320879	1.326740	1.310623
00:00:00.202	1.317216	1.312821	1.303297
00:00:00.203	1.314286	1.302564	1.308425
00:00:00.203	1.312088	1.304762	1.309158
00:00:00.235	1.305495	1.291575	1.298168
00:00:00.236	1.313553	1.301832	1.298901
00:00:00.236	1.312821	1.364103	1.306227
00:00:00.236	1.314286	1.378755	1.304029
00:00:00.237	1.309158	1.314286	1.300366
00:00:00.237	1.304762	1.216850	1.304762
00:00:00.237	1.312088	1.218315	1.307692
00:00:00.238	1.317949	1.246886	1.304762
00:00:00.238	1.312088	1.304762	1.304029
00:00:00.238	1.309158	1.328205	1.298168
00:00:00.239	1.317216	1.352381	1.306227
00:00:00.239	1.315018	1.344322	1.305495
00:00:00.239	1.320879	1.332601	1.308425
00:00:00.240	1.315018	1.308425	1.295971
00:00:00.240	1.317949	1.310623	1.306227
00:00:00.241	1.316484	1.299634	1.301832
00:00:00.241	1.304762	1.291575	1.293040
00:00:00.241	1.303297	1.298168	1.302564
00:00:00.242	1.307692	1.308425	1.306227
00:00:00.242	1.291575	1.306960	1.295238
00:00:00.242	1.312821	1.313553	1.306227
00:00:00.243	1.306227	1.309890	1.300366
00:00:00.243	1.301099	1.318681	1.303297
00:00:00.243	1.314286	1.312821	1.306227
00:00:00.244	1.316484	1.296703	1.298168
00:00:00.245	1.302564	1.275458	1.302564
00:00:00.245	1.307692	1.294505	1.311355
00:00:00.245	1.302564	1.284249	1.305495
00:00:00.245	1.306227	1.295971	1.302564
00:00:00.246	1.308425	1.319414	1.312821
00:00:00.246	1.308425	1.318681	1.306960
00:00:00.246	1.298168	1.306227	1.300366
00:00:00.247	1.319414	1.300366	1.293040
00:00:00.247	1.319414	1.293773	1.304029
00:00:00.247	1.317216	1.276923	1.304029
00:00:00.248	1.309158	1.289377	1.290110
00:00:00.248	1.312088	1.318681	1.305495
00:00:00.248	1.309890	1.332601	1.305495
00:00:00.249	1.309890	1.317949	1.303297
00:00:00.249	1.304762	1.296703	1.293040
00:00:00.249	1.303297	1.309890	1.309890
00:00:00.250	1.300366	1.314286	1.297436
00:00:00.250	1.301832	1.302564	1.303297
00:00:00.251	1.305495	1.287912	1.303297
00:00:00.251	1.303297	1.297436	1.300366
00:00:00.251	1.305495	1.328205	1.293773
00:00:00.252	1.322344	1.376557	1.304029
00:00:00.252	1.329670	1.344322	1.304029
00:00:00.252	1.323810	1.284982	1.298168
00:00:00.256	1.332601	1.276923	1.303297
00:00:00.287	1.314286	1.284982	1.305495
00:00:00.287	1.297436	1.290842	1.302564
00:00:00.287	1.301099	1.298901	1.312088
00:00:00.287	1.304029	1.302564	1.299634
00:00:00.287	1.309158	1.314286	1.308425
00:00:00.287	1.308425	1.306960	1.306960
00:00:00.287	1.310623	1.296703	1.306227
00:00:00.287	1.303297	1.291575	1.295238
00:00:00.290	1.320147	1.316484	1.304029
00:00:00.290	1.323810	1.336264	1.290110
00:00:00.290	1.321612	1.357509	1.312088
00:00:00.290	1.310623	1.368498	1.306960
00:00:00.290	1.317216	1.335531	1.305495
00:00:00.290	1.315018	1.259341	1.307692
00:00:00.290	1.315018	1.203663	1.301099
00:00:00.290	1.310623	1.243956	1.303297
00:00:00.291	1.298168	1.312821	1.307692
00:00:00.291	1.304029	1.350183	1.304029
00:00:00.291	1.304029	1.347253	1.289377
00:00:00.292	1.315018	1.360440	1.307692
00:00:00.292	1.306227	1.335531	1.309158
00:00:00.292	1.302564	1.317949	1.306960
00:00:00.293	1.317949	1.315751	1.301832
00:00:00.293	1.306960	1.325275	1.303297
00:00:00.293	1.317216	1.334799	1.309890
00:00:00.294	1.304762	1.328205	1.307692
00:00:00.294	1.309890	1.310623	1.303297
00:00:00.295	1.315751	1.314286	1.305495
00:00:00.295	1.313553	1.293773	1.294505
00:00:00.295	1.325275	1.258608	1.307692
00:00:00.296	1.330403	1.222711	1.308425
00:00:00.296	1.325275	1.207326	1.296703
00:00:00.297	1.314286	1.230769	1.297436
00:00:00.297	1.315751	1.270330	1.300366
00:00:00.297	1.310623	1.283516	1.293040
00:00:00.297	1.312088	1.290110	1.297436
00:00:00.298	1.320879	1.332601	1.309158
00:00:00.298	1.305495	1.334799	1.308425
00:00:00.299	1.304762	1.325275	1.306960
00:00:00.299	1.303297	1.318681	1.309158
00:00:00.299	1.307692	1.324542	1.303297
00:00:00.300	1.304029	1.317949	1.287912
00:00:00.300	1.310623	1.323810	1.304762
00:00:00.300	1.303297	1.311355	1.312088
00:00:00.301	1.308425	1.309890	1.305495
00:00:00.301	1.306227	1.315018	1.306227
00:00:00.301	1.323810	1.315751	1.312088
00:00:00.302	1.327473	1.300366	1.304762
00:00:00.302	1.304762	1.302564	1.304762
00:00:00.302	1.320879	1.323077	1.308425
00:00:00.335	1.311355	1.320147	1.303297
00:00:00.335	1.325275	1.334799	1.307692
00:00:00.335	1.318681	1.334799	1.308425
00:00:00.336	1.312088	1.321612	1.293773
00:00:00.336	1.311355	1.323810	1.316484
00:00:00.336	1.297436	1.304762	1.303297
00:00:00.337	1.306960	1.299634	1.307692
00:00:00.337	1.302564	1.279121	1.298168
00:00:00.337	1.317949	1.295238	1.303297
00:00:00.338	1.309890	1.294505	1.303297
00:00:00.338	1.311355	1.295971	1.306227
00:00:00.339	1.310623	1.305495	1.310623
00:00:00.339	1.311355	1.307692	1.307692
00:00:00.339	1.284982	1.306960	1.305495
00:00:00.340	1.298168	1.369231	1.306960
00:00:00.340	1.301832	1.341392	1.306227
00:00:00.340	1.300366	1.288645	1.309158
00:00:00.341	1.315751	1.270330	1.309890
00:00:00.341	1.315018	1.323810	1.303297
00:00:00.341	1.333333	1.430037	1.299634
00:00:00.342	1.336996	1.570696	1.326007
00:00:00.342	1.321612	1.514286	1.322344
00:00:00.342	1.312088	1.386813	1.297436
00:00:00.343	1.301832	1.284982	1.295971
00:00:00.343	1.314286	1.174359	1.288645
00:00:00.344	1.310623	1.021245	1.280586
00:00:00.344	1.331868	0.955311	1.295238
00:00:00.344	1.328938	1.031502	1.295238
00:00:00.345	1.318681	1.189011	1.311355
00:00:00.345	1.311355	1.315751	1.312821
00:00:00.345	1.295971	1.326740	1.310623
00:00:00.346	1.284982	1.294505	1.327473
00:00:00.346	1.252747	1.292308	1.306960
00:00:00.346	1.251282	1.330403	1.300366
00:00:00.347	1.282051	1.364103	1.309890
00:00:00.347	1.316484	1.361905	1.305495
00:00:00.348	1.331868	1.347985	1.308425
00:00:00.348	1.340659	1.334066	1.309158
00:00:00.348	1.325275	1.334066	1.300366
00:00:00.349	1.315751	1.375092	1.300366
00:00:00.349	1.315018	1.386081	1.298168
00:00:00.349	1.313553	1.356777	1.300366
00:00:00.350	1.318681	1.339194	1.310623
00:00:00.350	1.297436	1.323810	1.309890
00:00:00.350	1.328938	1.322344	1.309158
00:00:00.351	1.345788	1.342857	1.305495
00:00:00.351	1.325275	1.317216	1.295238
00:00:00.351	1.328938	1.319414	1.309158
00:00:00.352	1.326740	1.283516	1.297436
00:00:00.352	1.320147	1.283516	1.300366
00:00:00.384	1.315018	1.287179	1.309890
00:00:00.387	1.309158	1.301099	1.308425
00:00:00.387	1.296703	1.309890	1.300366
00:00:00.387	1.306227	1.323077	1.302564
00:00:00.387	1.293773	1.299634	1.295238
00:00:00.387	1.309158	1.310623	1.305495
00:00:00.387	1.304762	1.308425	1.304762
00:00:00.387	1.305495	1.306960	1.306960
00:00:00.387	1.306227	1.305495	1.304762
00:00:00.388	1.301099	1.298901	1.301099
00:00:00.388	1.304762	1.315751	1.298168
00:00:00.388	1.312088	1.326740	1.306227
00:00:00.389	1.309158	1.330403	1.300366
00:00:00.389	1.311355	1.320879	1.307692
00:00:00.389	1.320147	1.296703	1.300366
00:00:00.390	1.317216	1.287912	1.304029
00:00:00.390	1.322344	1.282784	1.312821
00:00:00.390	1.306227	1.292308	1.297436
00:00:00.391	1.318681	1.361172	1.300366
00:00:00.391	1.301832	1.378022	1.300366
00:00:00.391	1.310623	1.335531	1.302564
00:00:00.392	1.315751	1.259341	1.309158
00:00:00.392	1.306227	1.218315	1.296703
00:00:00.393	1.312088	1.235897	1.303297
00:00:00.393	1.316484	1.253480	1.315018
00:00:00.393	1.298901	1.285714	1.295971
00:00:00.394	1.302564	1.347985	1.306227
00:00:00.394	1.320147	1.346520	1.312088
00:00:00.394	1.317949	1.336996	1.296703
00:00:00.395	1.308425	1.332601	1.305495
00:00:00.395	1.326740	1.315018	1.307692
00:00:00.395	1.317949	1.294505	1.290110
00:00:00.396	1.322344	1.289377	1.305495
00:00:00.396	1.312088	1.284982	1.302564
00:00:00.396	1.309158	1.271062	1.298901
00:00:00.397	1.312088	1.296703	1.309158
00:00:00.397	1.310623	1.297436	1.297436
00:00:00.398	1.304029	1.299634	1.297436
00:00:00.398	1.315018	1.318681	1.308425
00:00:00.398	1.303297	1.304029	1.299634
00:00:00.399	1.300366	1.293040	1.304762
00:00:00.399	1.295971	1.317216	1.308425
00:00:00.399	1.279121	1.336264	1.307692
00:00:00.400	1.298168	1.346520	1.305495
00:00:00.400	1.313553	1.323810	1.312821
00:00:00.400	1.311355	1.316484	1.299634
00:00:00.402	1.317216	1.328938	1.312088
00:00:00.402	1.347253	1.295238	1.298901
00:00:00.402	1.350916	1.316484	1.307692
00:00:00.402	1.342857	1.320147	1.293773
00:00:00.434	1.341392	1.308425	1.303297
00:00:00.434	1.317216	1.304029	1.312821
00:00:00.435	1.300366	1.295971	1.302564
00:00:00.435	1.296703	1.297436	1.306227
00:00:00.435	1.295238	1.289377	1.309890
00:00:00.436	1.294505	1.296703	1.310623
00:00:00.436	1.284249	1.302564	1.298168
00:00:00.437	1.291575	1.314286	1.298168
00:00:00.437	1.294505	1.304762	1.306960
00:00:00.437	1.317949	1.311355	1.309890
00:00:00.438	1.320147	1.301832	1.300366
00:00:00.438	1.320147	1.310623	1.300366
00:00:00.438	1.325275	1.342125	1.307692
00:00:00.439	1.316484	1.323077	1.305495
00:00:00.439	1.294505	1.293040	1.305495
00:00:00.439	1.316484	1.301099	1.311355
00:00:00.440	1.317949	1.302564	1.305495
00:00:00.440	1.318681	1.308425	1.304762
00:00:00.440	1.313553	1.306227	1.295971
00:00:00.441	1.303297	1.298901	1.298168
00:00:00.441	1.299634	1.271062	1.287912
00:00:00.442	1.300366	1.272527	1.300366
00:00:00.442	1.303297	1.277656	1.304762
00:00:00.442	1.298901	1.271062	1.300366
00:00:00.443	1.301832	1.315751	1.303297
00:00:00.443	1.295971	1.311355	1.298168
00:00:00.443	1.323810	1.396337	1.315018
00:00:00.444	1.328205	1.414652	1.307692
00:00:00.444	1.327473	1.374359	1.309158
00:00:00.444	1.328938	1.332601	1.313553
00:00:00.445	1.316484	1.313553	1.312821
00:00:00.445	1.317216	1.316484	1.315018
00:00:00.445	1.317949	1.238095	1.310623
00:00:00.447	1.312088	1.140659	1.300366
00:00:00.447	1.312821	1.074725	1.298168
00:00:00.448	1.301832	1.200733	1.280586
00:00:00.448	1.311355	1.335531	1.317216
00:00:00.448	1.317949	1.353114	1.305495
00:00:00.448	1.301832	1.320879	1.293773
00:00:00.448	1.305495	1.340659	1.303297
00:00:00.448	1.311355	1.334066	1.303297
00:00:00.449	1.306227	1.282051	1.288645
00:00:00.449	1.306227	1.291575	1.313553
00:00:00.449	1.293773	1.295238	1.302564
00:00:00.451	1.297436	1.326007	1.304762
00:00:00.451	1.328205	1.347985	1.307692
00:00:00.451	1.315751	1.336996	1.299634
00:00:00.451	1.313553	1.316484	1.310623
00:00:00.451	1.311355	1.305495	1.289377
00:00:00.452	1.316484	1.319414	1.304762
00:00:00.484	1.316484	1.323810	1.297436
00:00:00.484	1.319414	1.331136	1.300366
00:00:00.484	1.309890	1.322344	1.289377
00:00:00.486	1.309158	1.336996	1.307692
00:00:00.486	1.312821	1.330403	1.306227
00:00:00.486	1.300366	1.317949	1.297436
00:00:00.486	1.306227	1.336264	1.315018
00:00:00.486	1.279853	1.318681	1.302564
00:00:00.487	1.291575	1.315751	1.298168
00:00:00.487	1.307692	1.320879	1.312821
00:00:00.487	1.314286	1.303297	1.312821
00:00:00.488	1.326740	1.293773	1.306227
00:00:00.488	1.315751	1.282051	1.300366
00:00:00.488	1.319414	1.299634	1.304029
00:00:00.489	1.321612	1.358974	1.305495
00:00:00.489	1.309158	1.341392	1.298168
00:00:00.489	1.309890	1.304029	1.306227
00:00:00.490	1.302564	1.265934	1.302564
00:00:00.490	1.290110	1.281319	1.309158
00:00:00.491	1.283516	1.301832	1.305495
00:00:00.491	1.300366	1.292308	1.293773
00:00:00.491	1.309890	1.323810	1.315751
00:00:00.492	1.318681	1.323810	1.311355
00:00:00.492	1.334799	1.304029	1.290110
00:00:00.492	1.339194	1.353114	1.309890
00:00:00.493	1.309158	1.336264	1.297436
00:00:00.493	1.307692	1.301832	1.293773
00:00:00.493	1.316484	1.270330	1.306227
00:00:00.494	1.322344	1.267399	1.298168
00:00:00.494	1.314286	1.255678	1.300366
00:00:00.494	1.309890	1.282051	1.311355
00:00:00.495	1.309890	1.265934	1.309890
00:00:00.495	1.309158	1.262271	1.309158
00:00:00.496	1.317216	1.268132	1.313553
00:00:00.496	1.312821	1.284982	1.311355
00:00:00.496	1.311355	1.302564	1.306960
00:00:00.497	1.315018	1.328205	1.312088
00:00:00.497	1.303297	1.332601	1.295971
00:00:00.497	1.315018	1.334066	1.308425
00:00:00.498	1.306227	1.310623	1.298901
00:00:00.498	1.298901	1.302564	1.300366
00:00:00.498	1.311355	1.320879	1.303297
00:00:00.499	1.309158	1.328205	1.293773
00:00:00.499	1.311355	1.336264	1.304029
00:00:00.499	1.314286	1.320147	1.298168
00:00:00.500	1.311355	1.298168	1.290110
00:00:00.500	1.311355	1.326007	1.304029
00:00:00.501	1.310623	1.318681	1.300366
00:00:00.501	1.312088	1.321612	1.301832
00:00:00.501	1.311355	1.293040	1.292308
00:00:00.533	1.320147	1.288645	1.302564
00:00:00.534	1.308425	1.288645	1.303297
00:00:00.534	1.298901	1.284249	1.298901
00:00:00.535	1.309158	1.312821	1.300366
00:00:00.535	1.310623	1.326007	1.306227
00:00:00.535	1.298901	1.319414	1.312088
00:00:00.536	1.301099	1.304029	1.306227
00:00:00.536	1.291575	1.286447	1.305495
00:00:00.536	1.306227	1.310623	1.309158
00:00:00.537	1.308425	1.320879	1.304029
00:00:00.538	1.321612	1.326007	1.306960
00:00:00.538	1.312088	1.322344	1.300366
00:00:00.538	1.313553	1.294505	1.293773
00:00:00.538	1.328938	1.279121	1.307692
00:00:00.538	1.317216	1.264469	1.294505
00:00:00.539	1.330403	1.264469	1.308425
00:00:00.539	1.319414	1.276923	1.302564
00:00:00.540	1.306227	1.289377	1.303297
00:00:00.540	1.293040	1.306227	1.305495
00:00:00.540	1.290842	1.331868	1.303297
00:00:00.541	1.287912	1.352381	1.309158
00:00:00.541	1.309890	1.357509	1.312821
00:00:00.541	1.315018	1.345788	1.309158
00:00:00.543	1.315018	1.336996	1.304029
00:00:00.543	1.305495	1.317949	1.306227
00:00:00.543	1.293040	1.315751	1.298901
00:00:00.543	1.345055	1.364835	1.306960
00:00:00.543	1.369231	1.349451	1.299634
00:00:00.543	1.352381	1.285714	1.300366
00:00:00.544	1.297436	1.230769	1.304762
00:00:00.544	1.331868	1.259341	1.303297
00:00:00.547	1.324542	1.279853	1.303297
00:00:00.547	1.305495	1.288645	1.306227
00:00:00.547	1.211722	1.290842	1.306960
00:00:00.547	1.161172	1.309158	1.304762
00:00:00.547	1.312088	1.302564	1.305495
00:00:00.547	1.376557	1.316484	1.311355
00:00:00.547	1.347253	1.333333	1.308425
00:00:00.547	1.328938	1.320879	1.307692
00:00:00.547	1.312088	1.317949	1.310623
00:00:00.548	1.315018	1.312821	1.310623
00:00:00.548	1.303297	1.283516	1.298168
00:00:00.548	1.317949	1.287912	1.304762
00:00:00.549	1.319414	1.300366	1.308425
00:00:00.549	1.313553	1.316484	1.308425
00:00:00.550	1.313553	1.317216	1.304029
00:00:00.550	1.312088	1.308425	1.306227
00:00:00.550	1.328938	1.273260	1.298168
00:00:00.551	1.334799	1.291575	1.312088
00:00:00.551	1.314286	1.298168	1.294505
00:00:00.583	1.320147	1.296703	1.304762
00:00:00.584	1.330403	1.327473	1.310623
00:00:00.584	1.307692	1.321612	1.297436
00:00:00.584	1.308425	1.323810	1.305495
00:00:00.585	1.295238	1.306227	1.300366
00:00:00.585	1.285714	1.295238	1.297436
00:00:00.585	1.299634	1.293040	1.314286
00:00:00.586	1.301099	1.287179	1.305495
00:00:00.586	1.310623	1.279853	1.303297
00:00:00.586	1.313553	1.298901	1.313553
00:00:00.587	1.322344	1.301099	1.308425
00:00:00.587	1.297436	1.312088	1.304029
00:00:00.587	1.309158	1.328938	1.308425
00:00:00.588	1.301832	1.325275	1.315018
00:00:00.588	1.296703	1.327473	1.309158
00:00:00.589	1.309158	1.331136	1.304762
00:00:00.589	1.291575	1.306227	1.296703
00:00:00.590	1.306960	1.317216	1.308425
00:00:00.590	1.306960	1.306227	1.307692
00:00:00.590	1.430769	1.292308	1.294505
00:00:00.590	1.377289	1.302564	1.305495
00:00:00.591	1.235165	1.312088	1.294505
00:00:00.591	1.290110	1.319414	1.289377
00:00:00.591	1.312821	1.304762	1.299634
00:00:00.592	1.306960	1.295971	1.293040
00:00:00.592	1.302564	1.293040	1.295238
00:00:00.592	1.295238	1.283516	1.295238
00:00:00.593	1.297436	1.312821	1.304762
00:00:00.593	1.322344	1.315018	1.300366
00:00:00.594	1.342857	1.287179	1.302564
00:00:00.594	1.323810	1.287912	1.298168
00:00:00.594	1.327473	1.312088	1.315751
00:00:00.595	1.317949	1.326740	1.312088
00:00:00.595	1.296703	1.335531	1.299634
00:00:00.595	1.300366	1.334066	1.311355
00:00:00.596	1.303297	1.320147	1.310623
00:00:00.596	1.293773	1.297436	1.297436
00:00:00.596	1.314286	1.311355	1.312088
00:00:00.597	1.328938	1.300366	1.310623
00:00:00.597	1.321612	1.287912	1.308425
00:00:00.597	1.287179	1.286447	1.300366
00:00:00.598	1.275458	1.284249	1.301832
00:00:00.598	1.260806	1.329670	1.296703
00:00:00.599	1.293040	1.370696	1.305495
00:00:00.599	1.322344	1.347253	1.310623
00:00:00.599	1.322344	1.298168	1.306960
00:00:00.600	1.329670	1.281319	1.307692
00:00:00.600	1.327473	1.262271	1.306960
00:00:00.600	1.317216	1.236630	1.310623
00:00:00.601	1.319414	1.227106	1.303297
00:00:00.633	1.325275	1.275458	1.314286
00:00:00.633	1.323810	1.346520	1.317949
00:00:00.634	1.319414	1.345788	1.304029
00:00:00.634	1.309158	1.314286	1.314286
00:00:00.634	1.315018	1.315751	1.326740
00:00:00.635	1.306227	1.345055	1.315018
00:00:00.635	1.320147	1.349451	1.315018
00:00:00.635	1.307692	1.334799	1.298168
00:00:00.637	1.308425	1.343590	1.289377
00:00:00.637	1.328938	1.412454	1.283516
00:00:00.637	1.309890	1.391941	1.268864
00:00:00.637	1.310623	1.356777	1.273260
00:00:00.640	1.320879	1.273260	1.286447
00:00:00.640	1.328938	1.212454	1.300366
00:00:00.640	1.318681	1.206593	1.306960
00:00:00.640	1.314286	1.169231	1.300366
00:00:00.640	1.297436	1.149451	1.285714
00:00:00.640	1.309890	1.186813	1.295971
00:00:00.640	1.289377	1.285714	1.302564
00:00:00.640	1.260806	1.353846	1.304029
00:00:00.640	1.251282	1.376557	1.308425
00:00:00.640	1.276923	1.328938	1.301099
00:00:00.643	1.307692	1.308425	1.313553
00:00:00.643	1.312088	1.317216	1.318681
00:00:00.643	1.315751	1.435897	1.326740
00:00:00.643	1.318681	1.446886	1.318681
00:00:00.643	1.315751	1.416850	1.321612
00:00:00.643	1.333333	1.395604	1.317949
00:00:00.643	1.322344	1.385348	1.298168
00:00:00.643	1.335531	1.317949	1.303297
00:00:00.644	1.335531	1.339194	1.309890
00:00:00.644	1.338462	1.329670	1.298168
00:00:00.644	1.336264	1.286447	1.295238
00:00:00.645	1.330403	1.293040	1.303297
00:00:00.645	1.328205	1.238828	1.313553
00:00:00.645	1.318681	1.339194	1.320147
00:00:00.646	1.309158	1.341392	1.320147
00:00:00.646	1.311355	1.286447	1.317949
00:00:00.646	1.312088	1.264469	1.289377
00:00:00.647	1.294505	1.238828	1.299634
00:00:00.647	1.257875	1.194139	1.280586
00:00:00.648	1.249817	1.147253	1.279121
00:00:00.648	1.266667	1.076923	1.276923
00:00:00.648	1.276190	1.049084	1.247619
00:00:00.649	1.293773	1.152381	1.253480
00:00:00.649	1.317216	1.277656	1.265201
00:00:00.649	1.330403	1.396337	1.274725
00:00:00.650	1.328205	1.451282	1.294505
00:00:00.650	1.339927	1.429304	1.300366
00:00:00.650	1.337729	1.410989	1.326740
00:00:00.683	1.323810	1.336264	1.344322
00:00:00.683	1.314286	1.312821	1.342125
00:00:00.683	1.329670	1.360440	1.352381
00:00:00.684	1.334066	1.347253	1.369963
00:00:00.684	1.323810	1.328205	1.365568
00:00:00.684	1.312821	1.328205	1.332601
00:00:00.685	1.291575	1.306227	1.320147
00:00:00.685	1.275458	1.358974	1.309158
00:00:00.685	1.291575	1.272527	1.297436
00:00:00.686	1.300366	1.236630	1.293040
00:00:00.686	1.283516	1.172161	1.286447
00:00:00.687	1.297436	1.134799	1.276923
00:00:00.687	1.301832	1.221978	1.293773
00:00:00.687	1.304029	1.375092	1.287912
00:00:00.688	1.326007	1.420513	1.294505
00:00:00.688	1.309158	1.390476	1.284249
00:00:00.688	1.317949	1.405861	1.290110
00:00:00.689	1.327473	1.565568	1.319414
00:00:00.689	1.331136	1.777289	1.336996
00:00:00.689	1.325275	1.534799	1.331868
00:00:00.690	1.317216	1.191941	1.310623
00:00:00.690	1.307692	1.074725	1.293773
00:00:00.690	1.323810	1.145055	1.303297
00:00:00.691	1.316484	1.233700	1.305495
00:00:00.691	1.315018	1.129670	1.295238
00:00:00.692	1.306227	1.229304	1.290842
00:00:00.692	1.310623	1.589744	1.327473
00:00:00.692	1.315018	1.465201	1.315018
00:00:00.693	1.314286	1.224176	1.313553
00:00:00.693	1.303297	1.362637	1.312821
00:00:00.694	1.302564	1.728938	1.327473
00:00:00.694	1.299634	1.633700	1.323810
00:00:00.694	1.316484	1.157509	1.308425
00:00:00.694	1.316484	0.828571	1.300366
00:00:00.695	1.314286	0.874725	1.298901
00:00:00.695	1.314286	1.005128	1.294505
00:00:00.695	1.310623	0.942125	1.276923
00:00:00.696	1.282051	0.972894	1.242491
00:00:00.696	1.295238	1.128938	1.262271
00:00:00.697	1.301832	1.336264	1.290842
00:00:00.697	1.302564	1.423443	1.302564
00:00:00.697	1.325275	1.381685	1.315751
00:00:00.698	1.304029	1.418315	1.296703
00:00:00.698	1.328938	1.446154	1.306960
00:00:00.698	1.310623	1.416850	1.302564
00:00:00.699	1.310623	1.368498	1.293773
00:00:00.699	1.343590	1.358974	1.317949
00:00:00.699	1.334799	1.370696	1.317216
00:00:00.700	1.298168	1.375824	1.309890
00:00:00.700	1.287912	1.331136	1.314286
00:00:00.732	1.290842	1.355311	1.314286
00:00:00.736	1.295238	1.387546	1.315751
00:00:00.736	1.293040	1.441026	1.312088
00:00:00.736	1.305495	1.476923	1.309158
00:00:00.736	1.329670	1.440293	1.323810
00:00:00.736	1.306227	1.429304	1.314286
00:00:00.736	1.303297	1.449084	1.315751
00:00:00.736	1.306227	1.446154	1.315751
00:00:00.736	1.313553	1.321612	1.305495
00:00:00.736	1.324542	1.136264	1.260073
00:00:00.736	1.331136	1.093773	1.266667
00:00:00.736	1.308425	1.054945	1.263736
00:00:00.739	1.342125	1.074725	1.288645
00:00:00.739	1.346520	1.159707	1.295238
00:00:00.739	1.325275	1.295971	1.308425
00:00:00.739	1.304029	1.496703	1.313553
00:00:00.739	1.287179	1.595604	1.331868
00:00:00.739	1.313553	1.517949	1.342857
00:00:00.739	1.317949	1.387546	1.326740
00:00:00.739	1.300366	1.221245	1.311355
00:00:00.739	1.262271	1.068132	1.305495
00:00:00.740	1.235897	1.016850	1.298901
00:00:00.740	1.272527	1.169963	1.305495
00:00:00.741	1.309890	1.354579	1.309890
00:00:00.741	1.332601	1.403663	1.296703
00:00:00.741	1.314286	1.358242	1.284982
00:00:00.742	1.302564	1.413187	1.299634
00:00:00.742	1.317216	1.394139	1.307692
00:00:00.742	1.316484	1.320147	1.305495
00:00:00.743	1.323077	1.339194	1.308425
00:00:00.743	1.356777	1.406593	1.311355
00:00:00.743	1.357509	1.431502	1.295238
00:00:00.744	1.361905	1.477656	1.302564
00:00:00.744	1.336264	1.447619	1.274725
00:00:00.744	1.325275	1.506960	1.303297
00:00:00.745	1.318681	1.389011	1.305495
00:00:00.745	1.290842	1.134799	1.280586
00:00:00.746	1.305495	1.060806	1.296703
00:00:00.746	1.298901	1.156044	1.308425
00:00:00.746	1.288645	1.195604	1.316484
00:00:00.747	1.298901	1.071795	1.321612
00:00:00.747	1.297436	1.199267	1.318681
00:00:00.747	1.265934	1.325275	1.306227
00:00:00.748	1.257143	1.285714	1.302564
00:00:00.748	1.267399	1.295238	1.289377
00:00:00.748	1.309890	1.343590	1.297436
00:00:00.749	1.339927	1.301832	1.312821
00:00:00.749	1.320879	1.149451	1.297436
00:00:00.749	1.317216	1.134066	1.302564
00:00:00.750	1.304029	1.239560	1.319414
00:00:00.782	1.297436	1.360440	1.322344
00:00:00.782	1.312088	1.400000	1.330403
00:00:00.783	1.299634	1.342857	1.307692
00:00:00.783	1.308425	1.326740	1.313553
00:00:00.783	1.324542	1.359707	1.306227
00:00:00.784	1.319414	1.406593	1.299634
00:00:00.784	1.304029	1.421245	1.295971
00:00:00.784	1.328205	1.469597	1.306960
00:00:00.785	1.309158	1.383883	1.290110
00:00:00.785	1.315751	1.277656	1.300366
00:00:00.786	1.314286	1.238095	1.306227
00:00:00.786	1.317216	1.320147	1.302564
00:00:00.786	1.310623	1.315751	1.290842
00:00:00.787	1.312821	1.323810	1.295238
00:00:00.787	1.327473	1.313553	1.302564
00:00:00.787	1.334066	1.383150	1.309890
00:00:00.788	1.323077	1.364103	1.309158
00:00:00.788	1.310623	1.317216	1.303297
00:00:00.788	1.327473	1.281319	1.315018
00:00:00.789	1.314286	1.272527	1.305495
00:00:00.789	1.321612	1.263736	1.309890
00:00:00.790	1.319414	1.226374	1.311355
00:00:00.790	1.301832	1.217582	1.291575
00:00:00.790	1.308425	1.274725	1.304029
00:00:00.791	1.290110	1.306227	1.292308
00:00:00.791	1.295971	1.320879	1.300366
00:00:00.791	1.315018	1.315751	1.301832
00:00:00.792	1.311355	1.326007	1.290842
00:00:00.792	1.306960	1.389744	1.299634
00:00:00.792	1.300366	1.594872	1.309158
00:00:00.793	1.276923	1.517949	1.296703
00:00:00.793	1.300366	1.318681	1.299634
00:00:00.793	1.298901	1.279853	1.316484
00:00:00.794	1.297436	1.455678	1.314286
00:00:00.794	1.306960	1.472527	1.319414
00:00:00.795	1.311355	1.238828	1.307692
00:00:00.795	1.319414	1.166300	1.300366
00:00:00.795	1.366300	1.189011	1.300366
00:00:00.797	1.364835	1.093773	1.297436
00:00:00.797	1.334066	0.942857	1.269597
00:00:00.797	1.317949	1.002930	1.282784
00:00:00.800	1.271062	1.140659	1.284249
00:00:00.800	1.268864	1.213187	1.300366
00:00:00.800	1.274725	1.326007	1.315018
00:00:00.800	1.295238	1.391941	1.321612
00:00:00.800	1.322344	1.387546	1.330403
00:00:00.800	1.317949	1.395604	1.329670
00:00:00.800	1.305495	1.334799	1.323077
00:00:00.800	1.311355	1.254212	1.308425
00:00:00.800	1.309890	1.265934	1.287179
00:00:00.832	1.315018	1.286447	1.285714
00:00:00.832	1.317949	1.294505	1.295238
00:00:00.832	1.314286	1.346520	1.292308
00:00:00.835	1.312088	1.416850	1.304762
00:00:00.835	1.303297	1.457143	1.290842
00:00:00.835	1.299634	1.469597	1.314286
00:00:00.835	1.305495	1.443956	1.297436
00:00:00.835	1.316484	1.359707	1.298901
00:00:00.835	1.321612	1.274725	1.300366
00:00:00.835	1.337729	1.243223	1.307692
00:00:00.835	1.328938	1.285714	1.306960
00:00:00.836	1.319414	1.348718	1.317949
00:00:00.836	1.325275	1.475458	1.318681
00:00:00.836	1.308425	1.471062	1.327473
00:00:00.837	1.293040	1.342125	1.331868
00:00:00.837	1.303297	1.234432	1.323077
00:00:00.837	1.317949	1.164103	1.312821
00:00:00.838	1.308425	1.150916	1.300366
00:00:00.838	1.320879	1.212454	1.300366
00:00:00.838	1.309890	1.320879	1.289377
00:00:00.839	1.300366	1.357509	1.287912
00:00:00.839	1.302564	1.326007	1.291575
00:00:00.840	1.316484	1.279121	1.307692
00:00:00.840	1.305495	1.298901	1.306960
00:00:00.840	1.312088	1.321612	1.299634
00:00:00.841	1.321612	1.319414	1.297436
00:00:00.841	1.325275	1.334066	1.305495
00:00:00.841	1.291575	1.293773	1.296703
00:00:00.842	1.277656	1.306227	1.295971
00:00:00.842	1.281319	1.288645	1.292308
00:00:00.842	1.287912	1.275458	1.301832
00:00:00.843	1.304029	1.293040	1.304762
00:00:00.843	1.318681	1.285714	1.295238
00:00:00.843	1.309158	1.328205	1.295238
00:00:00.844	1.320147	1.355311	1.299634
00:00:00.844	1.318681	1.373626	1.292308
00:00:00.845	1.308425	1.458608	1.276923
00:00:00.845	1.309158	1.370696	1.290110
00:00:00.845	1.310623	1.236630	1.304762
00:00:00.846	1.322344	1.179487	1.318681
00:00:00.846	1.334799	1.201465	1.334066
00:00:00.846	1.345788	1.175824	1.342857
00:00:00.847	1.341392	1.171429	1.336264
00:00:00.847	1.328938	1.312821	1.342125
00:00:00.847	1.315018	1.413919	1.330403
00:00:00.848	1.282784	1.409524	1.299634
00:00:00.848	1.293773	1.508425	1.320879
00:00:00.849	1.311355	1.440293	1.315018
00:00:00.849	1.306227	1.386081	1.306960
00:00:00.849	1.312088	1.330403	1.304029
00:00:00.881	1.332601	1.224908	1.291575
00:00:00.883	1.329670	1.194872	1.274725
00:00:00.883	1.321612	1.142857	1.275458
00:00:00.883	1.309158	1.106227	1.263736
00:00:00.883	1.296703	1.109158	1.272527
00:00:00.883	1.294505	1.150916	1.281319
00:00:00.884	1.285714	1.255678	1.294505
00:00:00.884	1.292308	1.268132	1.301832
00:00:00.884	1.306960	1.275458	1.303297
00:00:00.885	1.312821	1.283516	1.313553
00:00:00.885	1.309890	1.317216	1.317216
00:00:00.885	1.300366	1.356777	1.306227
00:00:00.886	1.306227	1.371429	1.304762
00:00:00.886	1.304762	1.370696	1.304762
00:00:00.886	1.328205	1.359707	1.312088
00:00:00.887	1.315751	1.304029	1.309158
00:00:00.887	1.319414	1.301099	1.306227
00:00:00.887	1.316484	1.247619	1.295971
00:00:00.888	1.308425	1.265934	1.295971
00:00:00.888	1.309158	1.369231	1.301832
00:00:00.889	1.318681	1.402930	1.306960
00:00:00.889	1.326007	1.400733	1.309890
00:00:00.889	1.325275	1.375824	1.310623
00:00:00.890	1.311355	1.336996	1.300366
00:00:00.890	1.312088	1.323077	1.304029
00:00:00.890	1.305495	1.322344	1.302564
00:00:00.891	1.295971	1.346520	1.297436
00:00:00.891	1.294505	1.330403	1.306227
00:00:00.891	1.301832	1.312088	1.296703
00:00:00.892	1.303297	1.283516	1.296703
00:00:00.892	1.325275	1.281319	1.310623
00:00:00.892	1.301099	1.279853	1.286447
00:00:00.893	1.287912	1.357509	1.297436
00:00:00.893	1.293040	1.439560	1.296703
00:00:00.894	1.317216	1.463004	1.306960
00:00:00.894	1.320147	1.392674	1.308425
00:00:00.894	1.316484	1.428571	1.309158
