timestamp	ch1	ch2	ch3
00:00:00.000	1.299634	1.303297	1.298168
00:00:00.000	1.301832	1.301099	1.306227
00:00:00.000	1.314286	1.304029	1.306960
00:00:00.000	1.309158	1.306227	1.311355
00:00:00.000	1.311355	1.297436	1.309158
00:00:00.001	1.299634	1.280586	1.300366
00:00:00.001	1.307692	1.297436	1.312088
00:00:00.001	1.309158	1.300366	1.313553
00:00:00.002	1.302564	1.301099	1.310623
00:00:00.002	1.309158	1.305495	1.305495
00:00:00.003	1.306227	1.307692	1.296703
00:00:00.003	1.319414	1.318681	1.299634
00:00:00.003	1.320147	1.315018	1.300366
00:00:00.004	1.309890	1.310623	1.290110
00:00:00.004	1.304762	1.310623	1.296703
00:00:00.004	1.309158	1.312821	1.302564
00:00:00.006	1.309890	1.316484	1.300366
00:00:00.006	1.312821	1.310623	1.298168
00:00:00.006	1.313553	1.306227	1.309890
00:00:00.008	1.310623	1.290842	1.301832
00:00:00.008	1.300366	1.313553	1.307692
00:00:00.008	1.306960	1.358974	1.310623
00:00:00.008	1.307692	1.353846	1.316484
00:00:00.008	1.293040	1.316484	1.312088
00:00:00.008	1.300366	1.292308	1.314286
00:00:00.008	1.298168	1.260806	1.304029
00:00:00.008	1.315751	1.276923	1.310623
00:00:00.009	1.320147	1.289377	1.304762
00:00:00.009	1.306960	1.272527	1.296703
00:00:00.009	1.306960	1.245421	1.296703
00:00:00.012	1.304762	1.245421	1.287912
00:00:00.012	1.310623	1.278388	1.290110
00:00:00.012	1.313553	1.304762	1.298168
00:00:00.012	1.304762	1.320147	1.300366
00:00:00.012	1.319414	1.329670	1.307692
00:00:00.012	1.307692	1.298168	1.300366
00:00:00.012	1.310623	1.313553	1.307692
00:00:00.012	1.299634	1.310623	1.300366
00:00:00.013	1.306227	1.317216	1.310623
00:00:00.013	1.317949	1.316484	1.315018
00:00:00.013	1.301099	1.313553	1.308425
00:00:00.014	1.309158	1.321612	1.312821
00:00:00.014	1.306227	1.320879	1.305495
00:00:00.014	1.298168	1.320147	1.293773
00:00:00.047	1.313553	1.354579	1.305495
00:00:00.047	1.315018	1.325275	1.289377
00:00:00.047	1.323810	1.299634	1.301832
00:00:00.048	1.323810	1.293040	1.295971
00:00:00.048	1.303297	1.309890	1.298901
00:00:00.048	1.312088	1.312821	1.303297
00:00:00.049	1.306227	1.301832	1.309890
00:00:00.049	1.304029	1.282784	1.312821
00:00:00.049	1.290842	1.242491	1.305495
00:00:00.050	1.290842	1.249817	1.300366
00:00:00.050	1.300366	1.291575	1.305495
00:00:00.050	1.323810	1.328938	1.313553
00:00:00.051	1.315018	1.318681	1.312088
00:00:00.052	1.305495	1.303297	1.293773
00:00:00.052	1.313553	1.317949	1.309158
00:00:00.052	1.289377	1.304029	1.300366
00:00:00.052	1.317949	1.318681	1.307692
00:00:00.053	1.306227	1.309890	1.291575
00:00:00.053	1.319414	1.314286	1.300366
00:00:00.053	1.316484	1.311355	1.293773
00:00:00.054	1.310623	1.313553	1.294505
00:00:00.054	1.309890	1.320879	1.304029
00:00:00.054	1.295971	1.307692	1.300366
00:00:00.055	1.309158	1.306960	1.300366
00:00:00.055	1.302564	1.292308	1.296703
00:00:00.055	1.314286	1.298901	1.308425
00:00:00.056	1.312088	1.333333	1.306960
00:00:00.056	1.304029	1.323810	1.315018
00:00:00.057	1.315751	1.302564	1.304029
00:00:00.057	1.324542	1.302564	1.313553
00:00:00.057	1.312821	1.291575	1.304762
00:00:00.058	1.301832	1.285714	1.295238
00:00:00.058	1.309158	1.309158	1.309158
00:00:00.058	1.313553	1.339194	1.305495
00:00:00.059	1.282784	1.324542	1.300366
00:00:00.059	1.291575	1.304762	1.295238
00:00:00.059	1.302564	1.306960	1.298901
00:00:00.060	1.329670	1.300366	1.295971
00:00:00.060	1.320879	1.297436	1.299634
00:00:00.060	1.312088	1.279121	1.304762
00:00:00.061	1.315018	1.254212	1.303297
00:00:00.061	1.312821	1.241758	1.306227
00:00:00.062	1.309890	1.273260	1.309158
00:00:00.062	1.310623	1.276923	1.309158
00:00:00.062	1.304029	1.302564	1.306960
00:00:00.063	1.306227	1.351648	1.308425
00:00:00.063	1.313553	1.358974	1.312088
00:00:00.063	1.318681	1.330403	1.307692
00:00:00.064	1.314286	1.307692	1.309158
00:00:00.064	1.318681	1.306227	1.311355
00:00:00.096	1.302564	1.293040	1.293040
00:00:00.097	1.291575	1.280586	1.298168
00:00:00.097	1.328205	1.268132	1.290842
00:00:00.097	1.330403	1.259341	1.298901
00:00:00.098	1.254212	1.282784	1.298901
00:00:00.098	1.284982	1.313553	1.291575
00:00:00.098	1.323077	1.324542	1.304029
00:00:00.099	1.313553	1.323810	1.304029
00:00:00.099	1.336996	1.331136	1.309890
00:00:00.099	1.315018	1.324542	1.306227
00:00:00.100	1.313553	1.327473	1.299634
00:00:00.100	1.304029	1.343590	1.318681
00:00:00.101	1.299634	1.315751	1.312088
00:00:00.101	1.287912	1.291575	1.308425
00:00:00.101	1.293773	1.297436	1.306227
00:00:00.104	1.300366	1.292308	1.291575
00:00:00.104	1.323810	1.306960	1.304762
00:00:00.104	1.320147	1.305495	1.304762
00:00:00.104	1.304762	1.280586	1.289377
00:00:00.104	1.313553	1.268864	1.294505
00:00:00.104	1.313553	1.274725	1.295971
00:00:00.104	1.306227	1.299634	1.295971
00:00:00.104	1.309158	1.323810	1.304762
00:00:00.104	1.307692	1.315751	1.295971
00:00:00.108	1.314286	1.317216	1.307692
00:00:00.108	1.314286	1.300366	1.298168
00:00:00.108	1.320879	1.307692	1.312088
00:00:00.108	1.320147	1.312821	1.309890
00:00:00.108	1.300366	1.300366	1.309890
00:00:00.108	1.295238	1.309158	1.304762
00:00:00.108	1.291575	1.292308	1.300366
00:00:00.108	1.304029	1.298168	1.308425
00:00:00.108	1.322344	1.309158	1.304029
00:00:00.108	1.303297	1.304762	1.298168
00:00:00.108	1.312088	1.309890	1.300366
00:00:00.109	1.303297	1.309890	1.295971
00:00:00.109	1.309158	1.313553	1.300366
00:00:00.109	1.312088	1.312821	1.305495
00:00:00.110	1.313553	1.298168	1.294505
00:00:00.110	1.327473	1.308425	1.300366
00:00:00.111	1.334066	1.312821	1.303297
00:00:00.111	1.323810	1.321612	1.314286
00:00:00.111	1.317216	1.315018	1.309158
00:00:00.112	1.293773	1.298901	1.301832
00:00:00.112	1.296703	1.318681	1.307692
00:00:00.112	1.297436	1.317216	1.300366
00:00:00.113	1.293040	1.323077	1.310623
00:00:00.113	1.290110	1.312088	1.310623
00:00:00.113	1.282784	1.293040	1.303297
00:00:00.114	1.303297	1.303297	1.309158
00:00:00.146	1.314286	1.306227	1.292308
00:00:00.146	1.327473	1.319414	1.300366
00:00:00.147	1.338462	1.308425	1.294505
00:00:00.147	1.312821	1.284982	1.293040
00:00:00.147	1.306960	1.282784	1.298901
00:00:00.148	1.304762	1.293040	1.300366
00:00:00.148	1.294505	1.306960	1.304762
00:00:00.148	1.282051	1.292308	1.300366
00:00:00.149	1.284249	1.259341	1.294505
00:00:00.149	1.306227	1.277656	1.309158
00:00:00.150	1.309890	1.285714	1.312088
00:00:00.150	1.314286	1.284982	1.310623
00:00:00.150	1.317949	1.293773	1.303297
00:00:00.151	1.319414	1.301832	1.310623
00:00:00.151	1.319414	1.311355	1.309158
00:00:00.151	1.318681	1.315751	1.309158
00:00:00.152	1.320879	1.342857	1.313553
00:00:00.152	1.308425	1.352381	1.304762
00:00:00.152	1.284249	1.343590	1.300366
00:00:00.153	1.306960	1.321612	1.293040
00:00:00.153	1.300366	1.303297	1.287912
00:00:00.153	1.312821	1.318681	1.297436
00:00:00.154	1.300366	1.309158	1.309158
00:00:00.154	1.297436	1.309158	1.297436
00:00:00.155	1.317949	1.322344	1.300366
00:00:00.155	1.326007	1.298168	1.310623
00:00:00.156	1.325275	1.268132	1.306960
00:00:00.156	1.326007	1.259341	1.309158
00:00:00.156	1.290842	1.265201	1.309158
00:00:00.156	1.294505	1.282784	1.309158
00:00:00.157	1.298168	1.290110	1.298901
00:00:00.157	1.323077	1.312088	1.314286
00:00:00.157	1.333333	1.308425	1.306960
00:00:00.158	1.346520	1.300366	1.295971
00:00:00.158	1.325275	1.314286	1.293040
00:00:00.159	1.298901	1.320879	1.286447
00:00:00.159	1.331136	1.336264	1.303297
00:00:00.159	1.290842	1.315751	1.303297
00:00:00.160	1.272527	1.317216	1.306960
00:00:00.160	1.287912	1.329670	1.312088
00:00:00.160	1.322344	1.332601	1.298168
00:00:00.161	1.312088	1.339927	1.311355
00:00:00.161	1.311355	1.317216	1.306227
00:00:00.161	1.300366	1.304029	1.298168
00:00:00.162	1.308425	1.316484	1.309158
00:00:00.162	1.318681	1.267399	1.300366
00:00:00.162	1.322344	1.246154	1.298168
00:00:00.163	1.315018	1.259341	1.306227
00:00:00.163	1.312088	1.262271	1.309158
00:00:00.164	1.312088	1.262271	1.302564
00:00:00.196	1.301099	1.276923	1.288645
00:00:00.196	1.301099	1.301832	1.298168
00:00:00.196	1.308425	1.318681	1.300366
00:00:00.197	1.309890	1.326740	1.299634
00:00:00.197	1.309158	1.323077	1.285714
00:00:00.198	1.309158	1.328938	1.300366
00:00:00.198	1.316484	1.323810	1.306960
00:00:00.198	1.301099	1.312088	1.303297
00:00:00.201	1.298901	1.314286	1.304762
00:00:00.201	1.298168	1.304029	1.309890
00:00:00.201	1.311355	1.300366	1.309158
00:00:00.201	1.316484	1.297436	1.306227
00:00:00.201	1.314286	1.298901	1.311355
00:00:00.201	1.327473	1.327473	1.318681
00:00:00.201	1.304762	1.341392	1.318681
00:00:00.201	1.289377	1.331868	1.305495
00:00:00.201	1.293773	1.337729	1.306227
00:00:00.205	1.306227	1.345788	1.300366
00:00:00.205	1.305495	1.316484	1.287179
00:00:00.205	1.303297	1.309890	1.297436
00:00:00.205	1.323810	1.279121	1.295238
00:00:00.205	1.331136	1.253480	1.296703
00:00:00.205	1.288645	1.282784	1.300366
00:00:00.205	1.205128	1.299634	1.293773
00:00:00.205	1.281319	1.302564	1.307692
00:00:00.205	1.353114	1.293040	1.312088
00:00:00.205	1.361905	1.300366	1.308425
00:00:00.205	1.409524	1.331136	1.317216
00:00:00.206	1.383150	1.319414	1.302564
00:00:00.206	1.331136	1.298901	1.302564
00:00:00.206	1.289377	1.279121	1.296703
00:00:00.207	1.238828	1.276923	1.304762
00:00:00.207	1.240293	1.265201	1.300366
00:00:00.208	1.326007	1.295971	1.300366
00:00:00.208	1.356044	1.383150	1.275458
00:00:00.208	1.361172	1.397802	1.285714
00:00:00.209	1.345788	1.361905	1.287912
00:00:00.209	1.335531	1.308425	1.300366
00:00:00.209	1.287179	1.278388	1.290110
00:00:00.210	1.273993	1.249084	1.293040
00:00:00.210	1.262271	1.253480	1.282784
00:00:00.210	1.262271	1.241026	1.278388
00:00:00.211	1.306227	1.238828	1.322344
00:00:00.211	1.299634	1.230037	1.398535
00:00:00.211	1.269597	1.209524	1.328938
00:00:00.212	1.288645	1.276923	1.342857
00:00:00.212	1.323810	1.323077	1.313553
00:00:00.213	1.307692	1.330403	1.292308
00:00:00.213	1.319414	1.345055	1.306227
00:00:00.213	1.230769	1.326740	1.287179
00:00:00.245	1.169963	1.353114	1.298168
00:00:00.246	1.278388	1.324542	1.288645
00:00:00.246	1.390476	1.305495	1.298901
00:00:00.247	1.499634	1.317949	1.290842
00:00:00.247	1.558242	1.367766	1.287179
00:00:00.247	1.534066	1.423443	1.299634
00:00:00.248	1.405861	1.447619	1.308425
00:00:00.248	1.276923	1.395604	1.314286
00:00:00.248	1.167766	1.312821	1.316484
00:00:00.249	1.150916	1.258608	1.288645
00:00:00.249	1.218315	1.256410	1.261538
00:00:00.249	1.247619	1.243956	1.258608
00:00:00.250	1.353114	1.209524	1.290842
00:00:00.250	1.290842	1.189011	1.351648
00:00:00.250	1.201465	1.225641	1.345788
00:00:00.251	1.200000	1.236630	1.339927
00:00:00.251	1.257143	1.294505	1.279121
00:00:00.252	1.283516	1.330403	1.261538
00:00:00.252	1.324542	1.351648	1.265201
00:00:00.252	1.338462	1.346520	1.294505
00:00:00.253	1.345788	1.327473	1.298901
00:00:00.253	1.365568	1.306960	1.283516
00:00:00.253	1.394872	1.309890	1.318681
00:00:00.254	1.332601	1.326007	1.350183
00:00:00.254	1.269597	1.336264	1.381685
00:00:00.254	1.291575	1.325275	1.323810
00:00:00.255	1.292308	1.320147	1.347253
00:00:00.255	1.354579	1.317949	1.298901
00:00:00.255	1.342857	1.304029	1.283516
00:00:00.256	1.312088	1.304029	1.280586
00:00:00.256	1.290842	1.301832	1.299634
00:00:00.257	1.236630	1.316484	1.292308
00:00:00.257	1.265201	1.329670	1.292308
00:00:00.257	1.306227	1.320879	1.287179
00:00:00.258	1.344322	1.321612	1.304029
00:00:00.258	1.337729	1.290842	1.290842
00:00:00.258	1.299634	1.285714	1.273993
00:00:00.259	1.306960	1.383883	1.292308
00:00:00.259	1.293040	1.534066	1.304029
00:00:00.259	1.283516	1.449084	1.317949
00:00:00.261	1.276190	1.288645	1.298168
00:00:00.261	1.309890	1.279121	1.302564
00:00:00.261	1.336996	1.196337	1.310623
00:00:00.261	1.370696	1.097436	1.312821
00:00:00.261	1.358974	1.129670	1.311355
00:00:00.262	1.367766	1.170696	1.313553
00:00:00.262	1.326740	1.186081	1.300366
00:00:00.262	1.304029	1.207326	1.290110
00:00:00.265	1.297436	1.234432	1.278388
00:00:00.265	1.295971	1.317216	1.295971
00:00:00.295	1.302564	1.363370	1.300366
00:00:00.297	1.307692	1.385348	1.287179
00:00:00.297	1.310623	1.385348	1.309158
00:00:00.297	1.310623	1.385348	1.291575
00:00:00.297	1.317216	1.385348	1.303297
00:00:00.297	1.274725	1.295971	1.290110
00:00:00.297	1.234432	1.263736	1.289377
00:00:00.301	1.279853	1.280586	1.304029
00:00:00.301	1.320879	1.283516	1.309158
00:00:00.301	1.306227	1.327473	1.323810
00:00:00.301	1.341392	1.300366	1.315018
00:00:00.301	1.345055	1.271795	1.292308
00:00:00.301	1.397070	1.331868	1.309158
00:00:00.301	1.372161	1.358242	1.306227
00:00:00.301	1.351648	1.334066	1.298901
00:00:00.301	1.265201	1.319414	1.306960
00:00:00.301	1.138462	1.294505	1.303297
00:00:00.301	1.193407	1.271062	1.304762
00:00:00.302	1.336996	1.306227	1.330403
00:00:00.302	1.484249	1.344322	1.329670
00:00:00.302	1.473260	1.310623	1.287179
00:00:00.303	1.391941	1.302564	1.248352
00:00:00.303	1.281319	1.293773	1.255678
00:00:00.303	1.140659	1.276923	1.260806
00:00:00.304	1.109158	1.293040	1.316484
00:00:00.304	1.147985	1.310623	1.356044
00:00:00.304	1.217582	1.304762	1.375092
00:00:00.305	1.302564	1.275458	1.328205
00:00:00.305	1.375824	1.264469	1.311355
00:00:00.306	1.387546	1.280586	1.282051
00:00:00.306	1.378022	1.328938	1.293773
00:00:00.306	1.337729	1.317949	1.296703
00:00:00.307	1.376557	1.291575	1.300366
00:00:00.307	1.361905	1.338462	1.326740
00:00:00.307	1.358974	1.441758	1.318681
00:00:00.308	1.328938	1.401465	1.293773
00:00:00.308	1.305495	1.326007	1.281319
00:00:00.308	1.300366	1.248352	1.284249
00:00:00.309	1.295238	1.230037	1.311355
00:00:00.309	1.271795	1.273993	1.316484
00:00:00.309	1.242491	1.350183	1.315751
00:00:00.310	1.209524	1.258608	1.297436
00:00:00.310	1.218315	1.217582	1.290110
00:00:00.311	1.298901	1.275458	1.305495
00:00:00.311	1.376557	1.304029	1.323810
00:00:00.311	1.460073	1.296703	1.323077
00:00:00.312	1.410256	1.268132	1.317216
00:00:00.313	1.334066	1.252015	1.309890
00:00:00.313	1.323810	1.281319	1.307692
00:00:00.313	1.349451	1.341392	1.303297
00:00:00.345	1.268132	1.471062	1.287179
00:00:00.345	1.245421	1.590476	1.293773
00:00:00.346	1.271062	1.602930	1.312821
00:00:00.346	1.297436	1.506960	1.308425
00:00:00.346	1.341392	1.377289	1.284982
00:00:00.347	1.361172	1.270330	1.288645
00:00:00.347	1.334066	1.183150	1.288645
00:00:00.347	1.269597	1.131136	1.304762
00:00:00.348	1.224176	1.012454	1.300366
00:00:00.348	1.209524	0.952381	1.293773
00:00:00.348	1.272527	1.041758	1.295971
00:00:00.349	1.298901	1.202198	1.308425
00:00:00.349	1.333333	1.346520	1.339194
00:00:00.350	1.336996	1.358242	1.312088
00:00:00.350	1.342857	1.344322	1.291575
00:00:00.350	1.353846	1.293040	1.298901
00:00:00.351	1.329670	1.334799	1.295971
00:00:00.351	1.320879	1.342125	1.302564
00:00:00.351	1.331136	1.344322	1.311355
00:00:00.352	1.306227	1.340659	1.300366
00:00:00.352	1.287912	1.312088	1.295238
00:00:00.352	1.309890	1.282784	1.296703
00:00:00.353	1.305495	1.292308	1.310623
00:00:00.353	1.336996	1.311355	1.312821
00:00:00.353	1.351648	1.309158	1.303297
00:00:00.355	1.328938	1.314286	1.289377
00:00:00.355	1.319414	1.318681	1.298901
00:00:00.355	1.305495	1.333333	1.295971
00:00:00.355	1.283516	1.347253	1.295238
00:00:00.355	1.279121	1.362637	1.307692
00:00:00.357	1.237363	1.353114	1.296703
00:00:00.357	1.271062	1.378022	1.313553
00:00:00.357	1.285714	1.421245	1.312088
00:00:00.359	1.293040	1.446154	1.306227
00:00:00.359	1.347253	1.410256	1.313553
00:00:00.359	1.279121	1.329670	1.319414
00:00:00.359	1.261538	1.219048	1.300366
00:00:00.359	1.347985	1.180952	1.302564
00:00:00.359	1.424908	1.180952	1.295238
00:00:00.360	1.454945	1.192674	1.309158
00:00:00.360	1.442491	1.236630	1.302564
00:00:00.360	1.408059	1.301832	1.284249
00:00:00.360	1.259341	1.356044	1.286447
00:00:00.360	1.229304	1.346520	1.282784
00:00:00.361	1.262271	1.340659	1.283516
00:00:00.365	1.305495	1.319414	1.300366
00:00:00.365	1.315018	1.290110	1.306227
00:00:00.365	1.302564	1.295971	1.322344
00:00:00.365	1.222711	1.280586	1.308425
00:00:00.365	1.178755	1.277656	1.309158
00:00:00.396	1.253480	1.298901	1.299634
00:00:00.396	1.322344	1.316484	1.300366
00:00:00.396	1.333333	1.315751	1.305495
00:00:00.396	1.350916	1.313553	1.313553
00:00:00.397	1.347253	1.293773	1.298168
00:00:00.397	1.331868	1.293773	1.298901
00:00:00.397	1.306960	1.318681	1.297436
00:00:00.397	1.291575	1.408791	1.306960
00:00:00.397	1.230037	1.432967	1.299634
00:00:00.398	1.281319	1.437363	1.290842
00:00:00.398	1.313553	1.362637	1.286447
00:00:00.399	1.278388	1.300366	1.300366
00:00:00.399	1.291575	1.236630	1.323077
00:00:00.399	1.312088	1.218315	1.350916
00:00:00.400	1.298901	1.142125	1.318681
00:00:00.400	1.319414	1.178755	1.300366
00:00:00.400	1.292308	1.241026	1.284982
00:00:00.401	1.292308	1.304762	1.306960
00:00:00.401	1.318681	1.300366	1.307692
00:00:00.401	1.363370	1.338462	1.309890
00:00:00.402	1.448352	1.362637	1.300366
00:00:00.402	1.491575	1.389744	1.296703
00:00:00.402	1.397802	1.455678	1.293040
00:00:00.403	1.315018	1.521612	1.311355
00:00:00.403	1.240293	1.364835	1.292308
00:00:00.404	1.197070	1.142857	1.286447
00:00:00.404	1.202198	1.150183	1.282051
00:00:00.404	1.221978	1.347253	1.294505
00:00:00.405	1.205861	1.458608	1.306227
00:00:00.405	1.262271	1.328205	1.297436
00:00:00.405	1.321612	1.158242	1.304029
00:00:00.406	1.356044	1.065934	1.304029
00:00:00.406	1.335531	1.104762	1.290842
00:00:00.406	1.362637	1.212454	1.312821
00:00:00.407	1.347985	1.242491	1.297436
00:00:00.407	1.315018	1.172161	1.299634
00:00:00.407	1.268864	1.207326	1.294505
00:00:00.408	1.317216	1.327473	1.288645
00:00:00.408	1.352381	1.421978	1.312088
00:00:00.409	1.323810	1.424908	1.316484
00:00:00.409	1.298901	1.402198	1.292308
00:00:00.409	1.304029	1.373626	1.304762
00:00:00.410	1.303297	1.386081	1.300366
00:00:00.410	1.298168	1.391941	1.290110
00:00:00.410	1.317949	1.380952	1.309890
00:00:00.411	1.328205	1.339927	1.316484
00:00:00.411	1.311355	1.279853	1.308425
00:00:00.411	1.308425	1.263004	1.305495
00:00:00.412	1.310623	1.271795	1.304762
00:00:00.412	1.310623	1.287179	1.315018
00:00:00.444	1.300366	1.221978	1.295971
00:00:00.445	1.317949	1.244689	1.307692
00:00:00.445	1.318681	1.317216	1.309890
00:00:00.445	1.315751	1.328205	1.298168
00:00:00.446	1.321612	1.330403	1.293040
00:00:00.446	1.309158	1.315018	1.294505
00:00:00.446	1.308425	1.309890	1.301832
00:00:00.447	1.319414	1.304762	1.301832
00:00:00.447	1.314286	1.317216	1.300366
00:00:00.448	1.301832	1.322344	1.304762
00:00:00.448	1.295971	1.332601	1.301832
00:00:00.449	1.295971	1.346520	1.306227
00:00:00.449	1.299634	1.346520	1.315018
00:00:00.449	1.306227	1.326740	1.311355
00:00:00.449	1.300366	1.300366	1.309890
00:00:00.450	1.296703	1.279853	1.293773
00:00:00.450	1.306227	1.268132	1.290842
00:00:00.450	1.327473	1.284249	1.300366
00:00:00.451	1.319414	1.267399	1.279853
00:00:00.451	1.309158	1.282784	1.280586
00:00:00.451	1.308425	1.294505	1.293040
00:00:00.452	1.315018	1.300366	1.292308
00:00:00.452	1.364835	1.334799	1.305495
00:00:00.455	1.343590	1.344322	1.309158
00:00:00.455	1.294505	1.316484	1.304029
00:00:00.455	1.287179	1.325275	1.313553
00:00:00.455	1.257143	1.308425	1.307692
00:00:00.455	1.253480	1.293773	1.303297
00:00:00.455	1.265934	1.298168	1.307692
00:00:00.457	1.288645	1.332601	1.311355
00:00:00.457	1.284982	1.347985	1.309158
00:00:00.457	1.327473	1.398535	1.320147
00:00:00.457	1.366300	1.441026	1.298168
00:00:00.457	1.334066	1.393407	1.308425
00:00:00.457	1.298168	1.258608	1.300366
00:00:00.457	1.284982	1.194139	1.304029
00:00:00.457	1.274725	1.128938	1.283516
00:00:00.461	1.315751	1.134799	1.295971
00:00:00.461	1.350916	1.150916	1.298901
00:00:00.461	1.322344	1.194872	1.297436
00:00:00.461	1.298168	1.253480	1.279121
00:00:00.461	1.248352	1.319414	1.295238
00:00:00.461	1.268132	1.374359	1.300366
00:00:00.461	1.306227	1.358242	1.295238
00:00:00.461	1.384615	1.353846	1.298901
00:00:00.461	1.400000	1.363370	1.304029
00:00:00.461	1.353846	1.349451	1.315018
00:00:00.461	1.296703	1.336996	1.312821
00:00:00.462	1.238828	1.326740	1.295238
00:00:00.462	1.246886	1.334066	1.320879
00:00:00.494	1.285714	1.328938	1.312821
00:00:00.494	1.363370	1.336264	1.302564
00:00:00.495	1.383150	1.327473	1.303297
00:00:00.495	1.382418	1.313553	1.290842
00:00:00.495	1.362637	1.307692	1.305495
00:00:00.496	1.307692	1.264469	1.298168
