timestamp	ch1	ch2	ch3
00:00:00.000	1.307692	1.291575	1.304762
00:00:00.000	1.317949	1.306960	1.312088
00:00:00.000	1.316484	1.317949	1.309158
00:00:00.000	1.318681	1.327473	1.309890
00:00:00.000	1.315018	1.346520	1.311355
00:00:00.000	1.311355	1.378755	1.303297
00:00:00.000	1.319414	1.424176	1.309158
00:00:00.000	1.320879	1.358242	1.311355
00:00:00.000	1.315018	1.204396	1.306960
00:00:00.001	1.304762	1.142125	1.298901
00:00:00.001	1.304029	1.172161	1.300366
00:00:00.001	1.301832	1.263004	1.293040
00:00:00.002	1.312821	1.393407	1.309158
00:00:00.002	1.307692	1.378022	1.303297
00:00:00.002	1.300366	1.339194	1.300366
00:00:00.002	1.306960	1.332601	1.302564
00:00:00.003	1.314286	1.327473	1.309890
00:00:00.003	1.323077	1.273260	1.312088
00:00:00.004	1.326740	1.252747	1.325275
00:00:00.004	1.318681	1.253480	1.322344
00:00:00.005	1.314286	1.293040	1.320147
00:00:00.005	1.314286	1.321612	1.311355
00:00:00.005	1.316484	1.321612	1.306960
00:00:00.006	1.321612	1.332601	1.309890
00:00:00.006	1.307692	1.315751	1.294505
00:00:00.006	1.301832	1.323077	1.297436
00:00:00.007	1.304762	1.330403	1.273260
00:00:00.007	1.300366	1.328205	1.265934
00:00:00.007	1.299634	1.326740	1.299634
00:00:00.008	1.309158	1.338462	1.308425
00:00:00.008	1.315018	1.331868	1.311355
00:00:00.008	1.295971	1.304029	1.300366
00:00:00.009	1.314286	1.293773	1.309890
00:00:00.009	1.317216	1.298168	1.306227
00:00:00.010	1.306227	1.301832	1.306960
00:00:00.010	1.311355	1.317216	1.312821
00:00:00.010	1.306960	1.309158	1.315018
00:00:00.011	1.310623	1.312088	1.306227
00:00:00.043	1.323077	1.271062	1.308425
00:00:00.043	1.311355	1.271795	1.306227
00:00:00.043	1.315751	1.298901	1.311355
00:00:00.044	1.307692	1.290110	1.295971
00:00:00.044	1.312088	1.297436	1.296703
00:00:00.045	1.300366	1.290110	1.304029
00:00:00.045	1.303297	1.291575	1.306227
00:00:00.045	1.298901	1.295971	1.293773
00:00:00.046	1.318681	1.284982	1.309890
00:00:00.046	1.311355	1.291575	1.313553
00:00:00.046	1.306960	1.265201	1.294505
00:00:00.047	1.313553	1.269597	1.312821
00:00:00.047	1.310623	1.301099	1.298901
00:00:00.047	1.312088	1.333333	1.309158
00:00:00.048	1.318681	1.336996	1.311355
00:00:00.048	1.319414	1.336996	1.297436
00:00:00.048	1.316484	1.352381	1.279121
00:00:00.049	1.304762	1.312821	1.287912
00:00:00.049	1.310623	1.300366	1.311355
00:00:00.050	1.307692	1.320879	1.331868
00:00:00.050	1.315751	1.309158	1.326007
00:00:00.050	1.309890	1.310623	1.313553
00:00:00.051	1.310623	1.322344	1.307692
00:00:00.051	1.309158	1.327473	1.305495
00:00:00.051	1.299634	1.300366	1.286447
00:00:00.052	1.309158	1.320879	1.288645
00:00:00.052	1.301099	1.331136	1.257143
00:00:00.052	1.308425	1.300366	1.284249
00:00:00.053	1.305495	1.263736	1.309158
00:00:00.053	1.313553	1.259341	1.311355
00:00:00.053	1.312088	1.274725	1.312821
00:00:00.054	1.316484	1.327473	1.317949
00:00:00.054	1.314286	1.347985	1.308425
00:00:00.055	1.306227	1.359707	1.312088
00:00:00.055	1.298168	1.331868	1.300366
00:00:00.055	1.313553	1.352381	1.308425
00:00:00.057	1.317216	1.351648	1.312088
00:00:00.057	1.305495	1.309158	1.298901
00:00:00.057	1.307692	1.276923	1.296703
00:00:00.057	1.310623	1.255678	1.305495
00:00:00.057	1.304029	1.277656	1.314286
00:00:00.057	1.298168	1.260806	1.341392
00:00:00.059	1.300366	1.263004	1.336264
00:00:00.059	1.301832	1.278388	1.320879
00:00:00.059	1.313553	1.312821	1.331136
00:00:00.059	1.306227	1.304029	1.280586
00:00:00.059	1.311355	1.285714	1.290842
00:00:00.060	1.317949	1.274725	1.334066
00:00:00.060	1.312088	1.293040	1.308425
00:00:00.060	1.313553	1.315018	1.230037
00:00:00.092	1.315751	1.336996	1.167033
00:00:00.096	1.316484	1.347253	1.256410
00:00:00.096	1.315018	1.345055	1.300366
00:00:00.096	1.312088	1.340659	1.304762
00:00:00.096	1.322344	1.334799	1.320147
00:00:00.096	1.306227	1.323077	1.313553
00:00:00.096	1.306227	1.330403	1.320147
00:00:00.096	1.312088	1.317949	1.320147
00:00:00.096	1.306227	1.301099	1.307692
00:00:00.096	1.321612	1.297436	1.323077
00:00:00.096	1.300366	1.276190	1.295971
00:00:00.096	1.313553	1.295238	1.309158
00:00:00.097	1.306227	1.286447	1.312821
00:00:00.097	1.300366	1.271795	1.307692
00:00:00.097	1.304762	1.295971	1.309158
00:00:00.098	1.315751	1.320147	1.309158
00:00:00.098	1.314286	1.315751	1.309158
00:00:00.098	1.311355	1.312088	1.305495
00:00:00.099	1.309158	1.316484	1.303297
00:00:00.099	1.312821	1.304762	1.305495
00:00:00.100	1.309158	1.290842	1.304762
00:00:00.100	1.315751	1.294505	1.311355
00:00:00.100	1.312088	1.282784	1.304762
00:00:00.101	1.301832	1.270330	1.298168
00:00:00.101	1.310623	1.303297	1.315018
00:00:00.101	1.311355	1.304029	1.312088
00:00:00.102	1.312088	1.298901	1.302564
00:00:00.102	1.312821	1.339927	1.310623
00:00:00.102	1.309158	1.335531	1.298901
00:00:00.104	1.312088	1.336264	1.305495
00:00:00.104	1.309158	1.359707	1.301832
00:00:00.104	1.306227	1.349451	1.306227
00:00:00.104	1.307692	1.312088	1.298168
00:00:00.104	1.311355	1.287912	1.305495
00:00:00.105	1.315751	1.271062	1.299634
00:00:00.105	1.312088	1.267399	1.309890
00:00:00.105	1.315018	1.234432	1.303297
00:00:00.106	1.315018	1.235165	1.302564
00:00:00.106	1.310623	1.286447	1.304762
00:00:00.106	1.300366	1.295238	1.299634
00:00:00.107	1.314286	1.322344	1.309158
00:00:00.107	1.315018	1.325275	1.304762
00:00:00.108	1.300366	1.308425	1.293773
00:00:00.108	1.312821	1.316484	1.304029
00:00:00.108	1.306960	1.326740	1.296703
00:00:00.109	1.300366	1.330403	1.307692
00:00:00.109	1.313553	1.328205	1.310623
00:00:00.109	1.315751	1.308425	1.311355
00:00:00.110	1.315018	1.311355	1.313553
00:00:00.110	1.314286	1.330403	1.304762
00:00:00.142	1.317216	1.330403	1.306227
00:00:00.143	1.313553	1.310623	1.304762
00:00:00.143	1.309158	1.304029	1.300366
00:00:00.143	1.312821	1.320147	1.298168
00:00:00.144	1.314286	1.320879	1.307692
00:00:00.144	1.316484	1.315751	1.309890
00:00:00.144	1.304762	1.303297	1.295971
00:00:00.145	1.312821	1.308425	1.308425
00:00:00.145	1.308425	1.325275	1.304029
00:00:00.145	1.302564	1.332601	1.305495
00:00:00.146	1.304029	1.332601	1.306960
00:00:00.146	1.309158	1.330403	1.304762
00:00:00.146	1.302564	1.328205	1.306960
00:00:00.147	1.317949	1.304762	1.313553
00:00:00.147	1.312088	1.288645	1.307692
00:00:00.148	1.305495	1.275458	1.290842
00:00:00.148	1.310623	1.273993	1.287912
00:00:00.148	1.312821	1.256410	1.306227
00:00:00.149	1.312821	1.273260	1.306227
00:00:00.149	1.320147	1.281319	1.302564
00:00:00.149	1.308425	1.265934	1.302564
00:00:00.150	1.310623	1.230037	1.298901
00:00:00.150	1.313553	1.249817	1.306227
00:00:00.150	1.309158	1.306227	1.302564
00:00:00.151	1.308425	1.343590	1.306227
00:00:00.151	1.320147	1.368498	1.309158
00:00:00.151	1.308425	1.345055	1.294505
00:00:00.154	1.312088	1.352381	1.309890
00:00:00.154	1.310623	1.332601	1.303297
00:00:00.154	1.298168	1.312821	1.309158
00:00:00.154	1.307692	1.304762	1.298168
00:00:00.154	1.315018	1.298901	1.312821
00:00:00.154	1.308425	1.287179	1.309158
00:00:00.156	1.317216	1.305495	1.315751
00:00:00.156	1.317216	1.304029	1.304762
00:00:00.156	1.304762	1.304029	1.298901
00:00:00.156	1.319414	1.317949	1.311355
00:00:00.156	1.315018	1.334799	1.310623
00:00:00.156	1.312821	1.369963	1.307692
00:00:00.156	1.319414	1.371429	1.310623
00:00:00.156	1.312821	1.363370	1.311355
00:00:00.157	1.313553	1.342125	1.313553
00:00:00.157	1.306960	1.293040	1.308425
00:00:00.160	1.310623	1.243223	1.306960
00:00:00.160	1.314286	1.196337	1.308425
00:00:00.160	1.296703	1.202198	1.300366
00:00:00.160	1.306960	1.282784	1.292308
00:00:00.160	1.318681	1.358974	1.307692
00:00:00.160	1.312821	1.414652	1.297436
00:00:00.160	1.306960	1.376557	1.306227
00:00:00.192	1.312088	1.318681	1.303297
00:00:00.192	1.316484	1.265934	1.308425
00:00:00.193	1.308425	1.224908	1.290842
00:00:00.193	1.306227	1.205128	1.302564
00:00:00.193	1.317216	1.217582	1.302564
00:00:00.194	1.306227	1.278388	1.307692
00:00:00.194	1.317949	1.343590	1.303297
00:00:00.194	1.309158	1.345055	1.304762
00:00:00.194	1.307692	1.316484	1.306227
00:00:00.195	1.312821	1.330403	1.308425
00:00:00.195	1.317216	1.335531	1.306960
00:00:00.196	1.297436	1.337729	1.300366
00:00:00.196	1.311355	1.341392	1.304029
00:00:00.197	1.310623	1.338462	1.299634
00:00:00.197	1.307692	1.315018	1.302564
00:00:00.197	1.310623	1.306960	1.310623
00:00:00.198	1.319414	1.298168	1.309158
00:00:00.198	1.308425	1.274725	1.309158
00:00:00.198	1.322344	1.308425	1.311355
00:00:00.199	1.323810	1.355311	1.310623
00:00:00.199	1.306960	1.315018	1.293040
00:00:00.199	1.313553	1.298168	1.300366
00:00:00.200	1.312088	1.301832	1.298901
00:00:00.200	1.308425	1.321612	1.304762
00:00:00.200	1.304762	1.332601	1.309158
00:00:00.201	1.311355	1.315751	1.304029
00:00:00.201	1.309890	1.319414	1.302564
00:00:00.202	1.295238	1.316484	1.295971
00:00:00.202	1.310623	1.295971	1.305495
00:00:00.202	1.302564	1.245421	1.304029
00:00:00.202	1.311355	1.232234	1.304029
00:00:00.203	1.309158	1.246886	1.292308
00:00:00.203	1.317216	1.298168	1.309158
00:00:00.204	1.315018	1.311355	1.304029
00:00:00.204	1.312088	1.312088	1.306227
00:00:00.204	1.315751	1.312821	1.303297
00:00:00.205	1.318681	1.320879	1.300366
00:00:00.205	1.313553	1.331868	1.307692
00:00:00.205	1.304762	1.336264	1.309158
00:00:00.206	1.316484	1.306960	1.307692
00:00:00.206	1.314286	1.312821	1.303297
00:00:00.207	1.302564	1.312821	1.297436
00:00:00.207	1.301832	1.306960	1.292308
00:00:00.208	1.305495	1.314286	1.302564
00:00:00.208	1.310623	1.309890	1.302564
00:00:00.208	1.308425	1.322344	1.306227
00:00:00.208	1.307692	1.321612	1.304762
00:00:00.209	1.312088	1.326740	1.305495
00:00:00.209	1.319414	1.336264	1.311355
00:00:00.209	1.317216	1.327473	1.309158
00:00:00.242	1.308425	1.306960	1.307692
00:00:00.242	1.315018	1.293773	1.305495
00:00:00.242	1.303297	1.292308	1.306227
00:00:00.243	1.301832	1.295238	1.305495
00:00:00.243	1.300366	1.298168	1.300366
00:00:00.243	1.308425	1.296703	1.308425
00:00:00.244	1.312088	1.286447	1.308425
00:00:00.244	1.312088	1.287179	1.305495
00:00:00.244	1.312088	1.298901	1.308425
00:00:00.245	1.315018	1.310623	1.309158
00:00:00.245	1.309890	1.305495	1.300366
00:00:00.246	1.318681	1.312821	1.311355
00:00:00.246	1.306960	1.316484	1.302564
00:00:00.246	1.301832	1.316484	1.306227
00:00:00.247	1.315018	1.318681	1.308425
00:00:00.247	1.311355	1.323077	1.306227
00:00:00.247	1.317949	1.321612	1.311355
00:00:00.249	1.314286	1.291575	1.308425
00:00:00.249	1.304762	1.299634	1.302564
00:00:00.249	1.320147	1.307692	1.309890
00:00:00.249	1.312088	1.295971	1.298901
00:00:00.250	1.308425	1.288645	1.298168
00:00:00.250	1.306227	1.311355	1.304029
00:00:00.250	1.300366	1.309890	1.294505
00:00:00.250	1.306227	1.332601	1.300366
00:00:00.251	1.308425	1.301099	1.305495
00:00:00.251	1.298168	1.304029	1.290842
00:00:00.251	1.306960	1.310623	1.304029
00:00:00.252	1.300366	1.280586	1.287179
00:00:00.252	1.311355	1.304029	1.312088
00:00:00.252	1.319414	1.312088	1.312821
00:00:00.252	1.315018	1.266667	1.314286
00:00:00.253	1.314286	1.260073	1.312088
00:00:00.253	1.310623	1.268132	1.312821
00:00:00.257	1.319414	1.265201	1.312088
00:00:00.257	1.310623	1.278388	1.303297
00:00:00.257	1.317216	1.306227	1.306960
00:00:00.257	1.317949	1.323077	1.309890
00:00:00.257	1.304029	1.323810	1.296703
00:00:00.257	1.312088	1.347985	1.306227
00:00:00.257	1.306227	1.357509	1.305495
00:00:00.257	1.300366	1.345788	1.303297
00:00:00.257	1.308425	1.331868	1.293040
00:00:00.257	1.297436	1.322344	1.291575
00:00:00.257	1.316484	1.332601	1.309158
00:00:00.258	1.307692	1.301099	1.312821
00:00:00.258	1.305495	1.284982	1.295971
00:00:00.258	1.309158	1.287179	1.312821
00:00:00.259	1.306227	1.270330	1.303297
00:00:00.259	1.306227	1.246154	1.300366
00:00:00.292	1.323077	1.293040	1.311355
00:00:00.292	1.320879	1.342857	1.306960
00:00:00.292	1.320879	1.344322	1.316484
00:00:00.292	1.312821	1.317949	1.304029
00:00:00.293	1.313553	1.309890	1.304762
00:00:00.293	1.306960	1.304029	1.300366
00:00:00.293	1.309890	1.299634	1.304029
00:00:00.294	1.306960	1.309158	1.309158
00:00:00.294	1.304762	1.316484	1.300366
00:00:00.295	1.308425	1.320879	1.304029
00:00:00.295	1.302564	1.318681	1.308425
00:00:00.295	1.312088	1.308425	1.306960
00:00:00.296	1.315751	1.306227	1.304029
00:00:00.296	1.310623	1.299634	1.305495
00:00:00.296	1.315751	1.331868	1.308425
00:00:00.297	1.312088	1.353846	1.312088
00:00:00.297	1.312821	1.320879	1.305495
00:00:00.297	1.309158	1.287179	1.291575
00:00:00.298	1.311355	1.288645	1.300366
00:00:00.298	1.319414	1.300366	1.310623
00:00:00.298	1.317216	1.304029	1.306960
00:00:00.299	1.316484	1.288645	1.306960
00:00:00.299	1.306227	1.290110	1.290842
00:00:00.299	1.304762	1.290842	1.303297
00:00:00.300	1.307692	1.279121	1.302564
00:00:00.300	1.309158	1.268132	1.300366
00:00:00.301	1.318681	1.272527	1.309890
00:00:00.301	1.314286	1.306960	1.308425
00:00:00.301	1.306960	1.300366	1.298168
00:00:00.302	1.314286	1.312088	1.312088
00:00:00.302	1.309158	1.323077	1.306960
00:00:00.302	1.314286	1.328938	1.312088
00:00:00.303	1.317216	1.319414	1.307692
00:00:00.303	1.302564	1.309158	1.306227
00:00:00.303	1.304762	1.306960	1.305495
00:00:00.304	1.315751	1.310623	1.304762
00:00:00.304	1.316484	1.311355	1.296703
00:00:00.305	1.315018	1.318681	1.307692
00:00:00.305	1.316484	1.317216	1.306227
00:00:00.305	1.309158	1.301832	1.295238
00:00:00.306	1.318681	1.320147	1.306227
00:00:00.306	1.306960	1.306227	1.282784
00:00:00.306	1.301099	1.314286	1.307692
00:00:00.307	1.296703	1.307692	1.300366
00:00:00.307	1.310623	1.315751	1.305495
00:00:00.307	1.315751	1.317949	1.307692
00:00:00.308	1.310623	1.299634	1.305495
00:00:00.308	1.314286	1.297436	1.308425
00:00:00.309	1.311355	1.305495	1.307692
00:00:00.309	1.316484	1.306960	1.302564
00:00:00.341	1.302564	1.305495	1.304762
00:00:00.341	1.315751	1.315751	1.304762
00:00:00.342	1.313553	1.311355	1.310623
00:00:00.342	1.314286	1.295971	1.308425
00:00:00.342	1.316484	1.295971	1.301832
00:00:00.343	1.304029	1.288645	1.298168
00:00:00.344	1.312821	1.300366	1.309890
00:00:00.344	1.307692	1.306960	1.306960
00:00:00.344	1.308425	1.331136	1.309890
00:00:00.344	1.313553	1.309890	1.307692
00:00:00.345	1.309890	1.290110	1.299634
00:00:00.345	1.313553	1.298168	1.307692
00:00:00.345	1.310623	1.306960	1.304762
00:00:00.347	1.302564	1.306227	1.299634
00:00:00.347	1.316484	1.310623	1.312821
00:00:00.347	1.306960	1.293040	1.306227
00:00:00.347	1.306227	1.307692	1.311355
00:00:00.347	1.320147	1.322344	1.309158
00:00:00.347	1.315751	1.339927	1.300366
00:00:00.348	1.317949	1.342857	1.306960
00:00:00.348	1.312821	1.361172	1.309158
00:00:00.352	1.317949	1.332601	1.306960
00:00:00.352	1.306227	1.303297	1.304029
00:00:00.352	1.315751	1.290110	1.304029
00:00:00.352	1.311355	1.260073	1.306227
00:00:00.352	1.300366	1.267399	1.303297
00:00:00.352	1.312088	1.315751	1.305495
00:00:00.352	1.304029	1.312088	1.306227
00:00:00.352	1.306227	1.312821	1.300366
00:00:00.352	1.309890	1.310623	1.296703
00:00:00.352	1.303297	1.295238	1.293040
00:00:00.352	1.312088	1.301832	1.306960
00:00:00.353	1.307692	1.274725	1.300366
00:00:00.353	1.318681	1.266667	1.311355
00:00:00.353	1.315751	1.282784	1.314286
00:00:00.354	1.306227	1.273260	1.302564
00:00:00.354	1.317216	1.289377	1.300366
00:00:00.354	1.317949	1.295238	1.303297
00:00:00.355	1.311355	1.325275	1.307692
00:00:00.355	1.315018	1.328205	1.305495
00:00:00.355	1.312088	1.326007	1.298901
00:00:00.356	1.305495	1.326740	1.299634
00:00:00.356	1.308425	1.323810	1.306960
00:00:00.356	1.310623	1.324542	1.306960
00:00:00.357	1.309890	1.320147	1.302564
00:00:00.357	1.309158	1.313553	1.309890
00:00:00.358	1.307692	1.301832	1.294505
00:00:00.358	1.312088	1.326007	1.304762
00:00:00.358	1.300366	1.345055	1.302564
00:00:00.359	1.312088	1.349451	1.304029
00:00:00.391	1.308425	1.352381	1.291575
00:00:00.391	1.314286	1.334799	1.309158
00:00:00.391	1.307692	1.279121	1.309158
00:00:00.392	1.309158	1.220513	1.300366
00:00:00.392	1.319414	1.215385	1.304029
00:00:00.393	1.313553	1.241758	1.304029
00:00:00.393	1.317949	1.272527	1.312821
00:00:00.393	1.301099	1.288645	1.290110
00:00:00.394	1.308425	1.336264	1.304029
00:00:00.394	1.309890	1.336264	1.304029
00:00:00.394	1.309890	1.353114	1.312088
00:00:00.395	1.307692	1.350916	1.307692
