timestamp	ch1	ch2	ch3
00:00:00.000	1.377289	1.286447	1.252747
00:00:00.000	1.326740	1.294505	1.274725
00:00:00.000	1.353846	1.285714	1.292308
00:00:00.000	1.358974	1.295238	1.300366
00:00:00.000	1.391209	1.320147	1.312088
00:00:00.001	1.323077	1.318681	1.309890
00:00:00.001	1.274725	1.338462	1.321612
00:00:00.002	1.257875	1.329670	1.322344
00:00:00.002	1.281319	1.317949	1.311355
00:00:00.002	1.307692	1.317949	1.319414
00:00:00.003	1.312821	1.300366	1.306227
00:00:00.003	1.317949	1.300366	1.295238
00:00:00.006	1.320879	1.313553	1.284249
00:00:00.006	1.283516	1.302564	1.301832
00:00:00.006	1.353846	1.309890	1.326740
00:00:00.006	1.328938	1.312088	1.286447
00:00:00.006	1.240293	1.268864	1.269597
00:00:00.006	1.241026	1.250549	1.284982
00:00:00.006	1.388278	1.264469	1.332601
00:00:00.006	1.359707	1.298901	1.351648
00:00:00.006	1.326007	1.316484	1.389011
00:00:00.007	1.315018	1.330403	1.368498
00:00:00.007	1.299634	1.322344	1.261538
00:00:00.007	1.294505	1.318681	1.227839
00:00:00.009	1.284982	1.304762	1.283516
00:00:00.009	1.287179	1.297436	1.219048
00:00:00.009	1.289377	1.293040	1.190476
00:00:00.009	1.302564	1.299634	1.282784
00:00:00.009	1.309890	1.315751	1.320879
00:00:00.009	1.315751	1.305495	1.319414
00:00:00.010	1.320879	1.304029	1.322344
00:00:00.010	1.328938	1.298901	1.323810
00:00:00.014	1.335531	1.309158	1.320879
00:00:00.014	1.330403	1.306227	1.320147
00:00:00.014	1.321612	1.304762	1.289377
00:00:00.014	1.315751	1.315018	1.270330
00:00:00.014	1.318681	1.323077	1.306227
00:00:00.014	1.312821	1.312821	1.312821
00:00:00.014	1.291575	1.290842	1.331868
00:00:00.014	1.292308	1.282784	1.347253
00:00:00.014	1.298168	1.289377	1.306960
00:00:00.014	1.303297	1.308425	1.289377
00:00:00.014	1.302564	1.316484	1.305495
00:00:00.047	1.308425	1.317949	1.290842
00:00:00.047	1.308425	1.313553	1.287912
00:00:00.047	1.317216	1.314286	1.323810
00:00:00.047	1.307692	1.302564	1.313553
00:00:00.048	1.317949	1.298168	1.304762
00:00:00.048	1.320879	1.299634	1.309890
00:00:00.049	1.320879	1.291575	1.304762
00:00:00.049	1.316484	1.290842	1.303297
00:00:00.049	1.306227	1.290842	1.298901
00:00:00.050	1.308425	1.298901	1.297436
00:00:00.050	1.313553	1.305495	1.305495
00:00:00.050	1.298901	1.307692	1.301832
00:00:00.050	1.311355	1.323810	1.304762
00:00:00.051	1.306960	1.320879	1.309158
00:00:00.051	1.295238	1.318681	1.307692
00:00:00.052	1.290842	1.309158	1.306227
00:00:00.052	1.298901	1.314286	1.308425
00:00:00.053	1.299634	1.309890	1.297436
00:00:00.053	1.307692	1.312821	1.295971
00:00:00.053	1.304762	1.302564	1.297436
00:00:00.053	1.318681	1.305495	1.304762
00:00:00.053	1.305495	1.301832	1.307692
00:00:00.054	1.312821	1.294505	1.315751
00:00:00.054	1.331136	1.287912	1.332601
00:00:00.055	1.321612	1.281319	1.292308
00:00:00.055	1.315018	1.295238	1.298168
00:00:00.055	1.320147	1.294505	1.304029
00:00:00.056	1.300366	1.287179	1.297436
00:00:00.057	1.312088	1.301832	1.302564
00:00:00.057	1.312088	1.309158	1.297436
00:00:00.057	1.312088	1.313553	1.304029
00:00:00.057	1.308425	1.320879	1.304762
00:00:00.058	1.297436	1.316484	1.304029
00:00:00.058	1.298168	1.302564	1.298901
00:00:00.058	1.310623	1.317949	1.306227
00:00:00.059	1.312821	1.317949	1.305495
00:00:00.059	1.318681	1.303297	1.305495
00:00:00.060	1.348718	1.290842	1.305495
00:00:00.060	1.350183	1.301099	1.306960
00:00:00.060	1.355311	1.329670	1.309158
00:00:00.061	1.296703	1.320879	1.307692
00:00:00.061	1.275458	1.318681	1.318681
00:00:00.062	1.306960	1.328938	1.300366
00:00:00.062	1.294505	1.306227	1.278388
00:00:00.062	1.286447	1.288645	1.295238
00:00:00.062	1.252015	1.308425	1.311355
00:00:00.063	1.259341	1.296703	1.320879
00:00:00.063	1.301832	1.304762	1.334799
00:00:00.064	1.312088	1.301832	1.276190
00:00:00.064	1.300366	1.294505	1.248352
00:00:00.096	1.316484	1.313553	1.306960
00:00:00.096	1.313553	1.309158	1.307692
00:00:00.096	1.318681	1.315751	1.306960
00:00:00.097	1.324542	1.307692	1.312821
00:00:00.098	1.312821	1.287912	1.304029
00:00:00.098	1.321612	1.290110	1.316484
00:00:00.098	1.328205	1.284982	1.315751
00:00:00.099	1.326740	1.269597	1.297436
00:00:00.099	1.329670	1.291575	1.309158
00:00:00.099	1.321612	1.296703	1.307692
00:00:00.100	1.322344	1.309158	1.312088
00:00:00.100	1.319414	1.320879	1.304762
00:00:00.101	1.299634	1.326740	1.295238
00:00:00.101	1.309158	1.329670	1.310623
00:00:00.101	1.301099	1.318681	1.306227
00:00:00.103	1.290842	1.324542	1.305495
00:00:00.103	1.301099	1.334799	1.306227
00:00:00.103	1.306227	1.312821	1.310623
00:00:00.103	1.306227	1.302564	1.309890
00:00:00.103	1.313553	1.306960	1.304029
00:00:00.103	1.308425	1.300366	1.308425
00:00:00.104	1.315018	1.286447	1.309890
00:00:00.104	1.310623	1.272527	1.301832
00:00:00.104	1.329670	1.294505	1.311355
00:00:00.105	1.327473	1.295238	1.300366
00:00:00.105	1.326740	1.302564	1.315018
00:00:00.106	1.317949	1.299634	1.306227
00:00:00.106	1.317216	1.304762	1.300366
00:00:00.106	1.306227	1.308425	1.298168
00:00:00.106	1.302564	1.315751	1.301099
00:00:00.106	1.298168	1.324542	1.306227
00:00:00.107	1.303297	1.323077	1.308425
00:00:00.107	1.299634	1.326740	1.305495
00:00:00.108	1.303297	1.320147	1.304762
00:00:00.108	1.291575	1.304762	1.298168
00:00:00.109	1.309890	1.317216	1.306227
00:00:00.109	1.297436	1.298901	1.303297
00:00:00.109	1.318681	1.300366	1.309158
00:00:00.110	1.320147	1.289377	1.303297
00:00:00.110	1.312821	1.287179	1.302564
00:00:00.110	1.320147	1.295971	1.312088
00:00:00.110	1.321612	1.293773	1.309890
00:00:00.111	1.322344	1.302564	1.310623
00:00:00.111	1.312821	1.303297	1.304029
00:00:00.111	1.312821	1.303297	1.309158
00:00:00.112	1.309158	1.314286	1.312088
00:00:00.113	1.298901	1.311355	1.292308
00:00:00.113	1.300366	1.333333	1.308425
00:00:00.113	1.297436	1.323810	1.294505
00:00:00.113	1.288645	1.317949	1.298901
00:00:00.146	1.304762	1.319414	1.303297
00:00:00.146	1.298901	1.306960	1.290842
00:00:00.147	1.312088	1.311355	1.308425
00:00:00.147	1.322344	1.296703	1.312821
00:00:00.147	1.326007	1.293773	1.304762
00:00:00.147	1.322344	1.290110	1.310623
00:00:00.148	1.323810	1.284982	1.306227
00:00:00.148	1.321612	1.293773	1.307692
00:00:00.149	1.326007	1.311355	1.315018
00:00:00.149	1.310623	1.304762	1.304029
00:00:00.150	1.323810	1.309890	1.307692
00:00:00.150	1.308425	1.311355	1.293040
00:00:00.150	1.304762	1.326007	1.308425
00:00:00.150	1.304762	1.323077	1.305495
00:00:00.150	1.294505	1.306227	1.296703
00:00:00.151	1.302564	1.326007	1.309890
00:00:00.152	1.301099	1.326740	1.302564
00:00:00.152	1.299634	1.323077	1.306227
00:00:00.152	1.292308	1.309890	1.298901
00:00:00.153	1.303297	1.284982	1.296703
00:00:00.153	1.315018	1.274725	1.279121
00:00:00.153	1.317949	1.269597	1.282784
00:00:00.154	1.320147	1.285714	1.308425
00:00:00.154	1.323077	1.306227	1.309158
00:00:00.154	1.323810	1.326740	1.314286
00:00:00.155	1.319414	1.315751	1.310623
00:00:00.155	1.310623	1.313553	1.309890
00:00:00.156	1.309158	1.310623	1.306227
00:00:00.156	1.306227	1.309890	1.304762
00:00:00.156	1.303297	1.294505	1.302564
00:00:00.156	1.303297	1.300366	1.304029
00:00:00.157	1.299634	1.287179	1.306960
00:00:00.157	1.296703	1.297436	1.298168
00:00:00.157	1.299634	1.311355	1.298901
00:00:00.158	1.306960	1.317216	1.306227
00:00:00.158	1.312821	1.334066	1.311355
00:00:00.159	1.302564	1.324542	1.306227
00:00:00.159	1.316484	1.306227	1.309158
00:00:00.160	1.309158	1.279853	1.303297
00:00:00.160	1.323810	1.281319	1.314286
00:00:00.160	1.326740	1.284249	1.312088
00:00:00.161	1.317949	1.289377	1.306960
00:00:00.161	1.327473	1.320147	1.308425
00:00:00.161	1.328938	1.338462	1.311355
00:00:00.161	1.321612	1.313553	1.319414
00:00:00.162	1.304029	1.295238	1.297436
00:00:00.162	1.304029	1.312821	1.304762
00:00:00.162	1.303297	1.310623	1.290842
00:00:00.163	1.300366	1.336996	1.302564
00:00:00.164	1.295238	1.339927	1.300366
00:00:00.196	1.306227	1.340659	1.304029
00:00:00.196	1.304029	1.329670	1.302564
00:00:00.196	1.297436	1.307692	1.298168
00:00:00.198	1.310623	1.298168	1.290110
00:00:00.198	1.310623	1.290110	1.306960
00:00:00.198	1.323077	1.298168	1.316484
00:00:00.198	1.320879	1.296703	1.304762
00:00:00.198	1.309890	1.286447	1.300366
00:00:00.199	1.318681	1.298901	1.311355
00:00:00.199	1.309158	1.291575	1.306227
00:00:00.199	1.315018	1.298901	1.310623
00:00:00.201	1.312088	1.301832	1.297436
00:00:00.201	1.298168	1.300366	1.303297
00:00:00.201	1.307692	1.311355	1.308425
00:00:00.201	1.300366	1.306960	1.295238
00:00:00.201	1.293773	1.321612	1.298901
00:00:00.201	1.304762	1.323077	1.306960
00:00:00.206	1.296703	1.315751	1.300366
00:00:00.206	1.306960	1.324542	1.306227
00:00:00.206	1.303297	1.303297	1.297436
00:00:00.206	1.314286	1.306227	1.300366
00:00:00.206	1.317949	1.301099	1.306960
00:00:00.206	1.322344	1.303297	1.308425
00:00:00.206	1.317949	1.293773	1.303297
00:00:00.206	1.319414	1.293040	1.300366
00:00:00.206	1.314286	1.284982	1.299634
00:00:00.206	1.315751	1.301832	1.306227
00:00:00.206	1.305495	1.298168	1.307692
00:00:00.206	1.311355	1.303297	1.309158
00:00:00.206	1.303297	1.302564	1.298168
00:00:00.206	1.298901	1.320879	1.308425
00:00:00.207	1.303297	1.323077	1.311355
00:00:00.207	1.298901	1.323810	1.302564
00:00:00.207	1.298901	1.320879	1.295238
00:00:00.208	1.301832	1.328205	1.287912
00:00:00.209	1.312088	1.322344	1.287912
00:00:00.209	1.314286	1.312088	1.305495
00:00:00.209	1.314286	1.300366	1.304029
00:00:00.209	1.317216	1.299634	1.312821
00:00:00.209	1.321612	1.287912	1.310623
00:00:00.210	1.321612	1.273993	1.305495
00:00:00.210	1.326007	1.276923	1.317949
00:00:00.210	1.315018	1.284249	1.300366
00:00:00.210	1.315751	1.300366	1.310623
00:00:00.211	1.300366	1.296703	1.306227
00:00:00.211	1.315018	1.320879	1.307692
00:00:00.212	1.305495	1.326007	1.293040
00:00:00.212	1.300366	1.339194	1.306227
00:00:00.213	1.304029	1.342857	1.306227
00:00:00.213	1.290842	1.317949	1.296703
00:00:00.245	1.300366	1.309890	1.308425
00:00:00.245	1.304029	1.298168	1.308425
00:00:00.245	1.309890	1.300366	1.309158
00:00:00.246	1.306227	1.296703	1.301832
00:00:00.246	1.320147	1.296703	1.319414
00:00:00.247	1.306227	1.301099	1.295971
00:00:00.248	1.304762	1.301832	1.303297
00:00:00.248	1.323077	1.282784	1.312821
00:00:00.248	1.310623	1.271062	1.305495
00:00:00.248	1.326007	1.295971	1.309890
00:00:00.248	1.315018	1.282784	1.305495
00:00:00.249	1.303297	1.279853	1.292308
00:00:00.249	1.311355	1.316484	1.298168
00:00:00.249	1.297436	1.305495	1.279121
00:00:00.250	1.303297	1.315018	1.282784
00:00:00.251	1.300366	1.320147	1.300366
00:00:00.251	1.295238	1.328938	1.307692
00:00:00.251	1.299634	1.323810	1.318681
00:00:00.252	1.309158	1.322344	1.353114
00:00:00.252	1.309158	1.317216	1.338462
00:00:00.252	1.311355	1.323077	1.328205
00:00:00.252	1.312821	1.306960	1.265201
00:00:00.253	1.315018	1.296703	1.239560
00:00:00.253	1.323810	1.315018	1.294505
00:00:00.254	1.312821	1.289377	1.306960
00:00:00.254	1.318681	1.283516	1.312821
00:00:00.254	1.315018	1.276923	1.310623
00:00:00.254	1.318681	1.298901	1.314286
00:00:00.255	1.305495	1.293040	1.303297
00:00:00.255	1.309158	1.306960	1.315018
00:00:00.256	1.307692	1.309158	1.308425
00:00:00.256	1.304762	1.312821	1.310623
00:00:00.257	1.308425	1.325275	1.282051
00:00:00.257	1.301832	1.317949	1.278388
00:00:00.257	1.303297	1.321612	1.299634
00:00:00.258	1.300366	1.336996	1.306960
00:00:00.258	1.308425	1.329670	1.309890
00:00:00.258	1.303297	1.304762	1.300366
00:00:00.259	1.309158	1.293773	1.298168
00:00:00.259	1.323077	1.300366	1.311355
00:00:00.260	1.322344	1.290110	1.312821
00:00:00.262	1.323810	1.286447	1.304762
00:00:00.262	1.321612	1.293773	1.312821
00:00:00.262	1.311355	1.293773	1.301832
00:00:00.262	1.316484	1.305495	1.311355
00:00:00.262	1.300366	1.302564	1.308425
00:00:00.262	1.305495	1.312088	1.301832
00:00:00.262	1.302564	1.311355	1.304029
00:00:00.264	1.306227	1.319414	1.308425
00:00:00.264	1.305495	1.318681	1.308425
00:00:00.295	1.291575	1.309158	1.304029
00:00:00.295	1.301832	1.319414	1.306227
00:00:00.297	1.308425	1.317949	1.304762
00:00:00.297	1.310623	1.317216	1.304762
00:00:00.297	1.302564	1.306227	1.306227
00:00:00.297	1.308425	1.299634	1.298168
00:00:00.297	1.317216	1.303297	1.304762
00:00:00.298	1.319414	1.299634	1.306227
00:00:00.298	1.309158	1.287912	1.298168
00:00:00.298	1.321612	1.284982	1.309890
00:00:00.298	1.309890	1.265201	1.297436
00:00:00.299	1.317949	1.265934	1.305495
00:00:00.299	1.320147	1.320147	1.315751
00:00:00.304	1.311355	1.318681	1.300366
00:00:00.304	1.307692	1.314286	1.312088
00:00:00.304	1.296703	1.309890	1.309890
00:00:00.304	1.295238	1.308425	1.295238
00:00:00.304	1.288645	1.313553	1.304029
00:00:00.304	1.299634	1.316484	1.304029
00:00:00.304	1.299634	1.314286	1.298168
00:00:00.304	1.316484	1.324542	1.302564
00:00:00.304	1.315751	1.315751	1.310623
00:00:00.304	1.313553	1.301099	1.296703
00:00:00.304	1.319414	1.300366	1.305495
00:00:00.304	1.320879	1.291575	1.303297
00:00:00.304	1.317216	1.304762	1.308425
00:00:00.304	1.315018	1.296703	1.306960
00:00:00.304	1.313553	1.292308	1.303297
00:00:00.305	1.302564	1.305495	1.290842
00:00:00.305	1.305495	1.318681	1.304762
00:00:00.306	1.304762	1.306960	1.310623
00:00:00.306	1.305495	1.285714	1.309890
00:00:00.306	1.303297	1.313553	1.309158
00:00:00.307	1.308425	1.307692	1.312821
00:00:00.307	1.306960	1.295238	1.300366
00:00:00.308	1.308425	1.304029	1.299634
00:00:00.308	1.311355	1.328205	1.308425
00:00:00.308	1.309158	1.327473	1.292308
00:00:00.309	1.322344	1.328938	1.309158
00:00:00.309	1.317949	1.313553	1.299634
00:00:00.309	1.323810	1.304762	1.311355
00:00:00.310	1.328205	1.297436	1.309890
00:00:00.310	1.322344	1.299634	1.300366
00:00:00.310	1.307692	1.296703	1.306227
00:00:00.311	1.315018	1.313553	1.306960
00:00:00.311	1.311355	1.294505	1.309890
00:00:00.311	1.308425	1.302564	1.304029
00:00:00.312	1.290110	1.305495	1.301832
00:00:00.313	1.287912	1.306960	1.293040
00:00:00.313	1.298901	1.313553	1.293040
00:00:00.345	1.300366	1.313553	1.297436
00:00:00.345	1.301832	1.304762	1.306227
00:00:00.345	1.304029	1.305495	1.306960
00:00:00.345	1.306960	1.308425	1.303297
00:00:00.346	1.309158	1.312821	1.309158
00:00:00.347	1.310623	1.303297	1.302564
00:00:00.347	1.321612	1.302564	1.314286
00:00:00.347	1.318681	1.297436	1.304029
00:00:00.347	1.315751	1.290842	1.302564
00:00:00.347	1.312821	1.295238	1.311355
00:00:00.348	1.324542	1.297436	1.309158
00:00:00.348	1.311355	1.294505	1.294505
00:00:00.348	1.312088	1.304762	1.309158
00:00:00.349	1.309158	1.307692	1.306227
00:00:00.349	1.290842	1.306227	1.285714
00:00:00.350	1.304762	1.333333	1.289377
00:00:00.351	1.293040	1.336996	1.299634
00:00:00.351	1.298168	1.327473	1.305495
00:00:00.351	1.289377	1.312821	1.298168
00:00:00.352	1.306227	1.323810	1.293040
00:00:00.352	1.317216	1.320147	1.310623
00:00:00.352	1.317216	1.295238	1.306960
00:00:00.352	1.314286	1.272527	1.305495
00:00:00.353	1.320147	1.257143	1.305495
00:00:00.353	1.322344	1.275458	1.302564
00:00:00.353	1.320147	1.300366	1.309890
00:00:00.354	1.309890	1.290110	1.295238
00:00:00.354	1.317216	1.302564	1.305495
00:00:00.355	1.312088	1.320147	1.308425
00:00:00.355	1.304762	1.319414	1.304762
00:00:00.356	1.309158	1.320147	1.304029
00:00:00.356	1.304029	1.323810	1.306227
00:00:00.356	1.298901	1.314286	1.309890
00:00:00.357	1.290842	1.296703	1.303297
00:00:00.357	1.290842	1.296703	1.295971
00:00:00.357	1.293773	1.311355	1.304762
00:00:00.360	1.312088	1.303297	1.304029
00:00:00.360	1.304029	1.296703	1.310623
00:00:00.360	1.309158	1.295971	1.311355
00:00:00.360	1.309890	1.293773	1.301832
00:00:00.360	1.313553	1.296703	1.292308
00:00:00.360	1.321612	1.307692	1.303297
00:00:00.360	1.320147	1.308425	1.313553
00:00:00.360	1.315751	1.311355	1.300366
00:00:00.361	1.317949	1.312088	1.308425
00:00:00.361	1.297436	1.286447	1.291575
00:00:00.361	1.306227	1.296703	1.305495
00:00:00.361	1.309158	1.314286	1.301832
00:00:00.362	1.308425	1.323810	1.310623
00:00:00.362	1.305495	1.313553	1.296703
00:00:00.399	1.298901	1.312088	1.303297
00:00:00.399	1.303297	1.315751	1.304762
00:00:00.399	1.306227	1.320879	1.311355
00:00:00.399	1.303297	1.309890	1.300366
00:00:00.399	1.309158	1.308425	1.309158
00:00:00.399	1.313553	1.295238	1.300366
00:00:00.399	1.320879	1.304029	1.312088
00:00:00.399	1.326007	1.304762	1.308425
00:00:00.399	1.312821	1.284249	1.295971
00:00:00.399	1.319414	1.287912	1.306227
00:00:00.399	1.320147	1.295971	1.303297
00:00:00.399	1.310623	1.312821	1.309890
00:00:00.399	1.306960	1.317949	1.304762
00:00:00.399	1.300366	1.313553	1.292308
00:00:00.399	1.301832	1.308425	1.306227
00:00:00.400	1.304029	1.307692	1.304029
00:00:00.400	1.296703	1.295238	1.294505
00:00:00.400	1.315018	1.300366	1.308425
00:00:00.401	1.311355	1.302564	1.303297
00:00:00.401	1.306960	1.303297	1.307692
00:00:00.402	1.312088	1.316484	1.306960
00:00:00.402	1.317216	1.310623	1.308425
00:00:00.402	1.309890	1.303297	1.305495
00:00:00.402	1.324542	1.307692	1.309890
00:00:00.403	1.320879	1.297436	1.307692
00:00:00.403	1.312088	1.289377	1.301832
00:00:00.404	1.321612	1.300366	1.310623
00:00:00.404	1.315751	1.287912	1.305495
00:00:00.404	1.316484	1.303297	1.309158
00:00:00.405	1.317216	1.314286	1.305495
00:00:00.405	1.300366	1.311355	1.300366
00:00:00.405	1.306227	1.326740	1.305495
00:00:00.406	1.303297	1.317949	1.300366
00:00:00.406	1.291575	1.316484	1.304029
00:00:00.406	1.284249	1.308425	1.298168
00:00:00.407	1.298168	1.309890	1.294505
00:00:00.407	1.306960	1.324542	1.305495
00:00:00.407	1.311355	1.314286	1.305495
00:00:00.408	1.311355	1.313553	1.312821
00:00:00.408	1.320147	1.314286	1.306227
00:00:00.408	1.315751	1.290842	1.293773
00:00:00.409	1.326007	1.285714	1.312821
00:00:00.410	1.320147	1.284249	1.304762
00:00:00.410	1.317949	1.295238	1.309158
00:00:00.410	1.317216	1.305495	1.306227
00:00:00.410	1.315751	1.311355	1.308425
00:00:00.410	1.308425	1.309890	1.304029
00:00:00.411	1.302564	1.318681	1.305495
00:00:00.412	1.302564	1.317216	1.305495
00:00:00.412	1.303297	1.315751	1.307692
00:00:00.444	1.304029	1.306227	1.304762
00:00:00.445	1.297436	1.302564	1.300366
00:00:00.445	1.301832	1.303297	1.309158
00:00:00.445	1.298901	1.293773	1.294505
00:00:00.445	1.312088	1.309158	1.307692
00:00:00.445	1.309890	1.307692	1.308425
00:00:00.446	1.306960	1.304029	1.303297
00:00:00.447	1.317216	1.306960	1.300366
00:00:00.447	1.315018	1.310623	1.312821
00:00:00.447	1.309890	1.307692	1.312821
00:00:00.447	1.320879	1.305495	1.309890
00:00:00.449	1.309890	1.293773	1.294505
00:00:00.449	1.314286	1.301832	1.309890
00:00:00.449	1.309890	1.306960	1.303297
00:00:00.449	1.306960	1.310623	1.302564
00:00:00.449	1.309158	1.306227	1.303297
00:00:00.450	1.303297	1.306960	1.303297
00:00:00.450	1.290110	1.306227	1.302564
00:00:00.450	1.310623	1.320879	1.307692
00:00:00.451	1.301832	1.312088	1.296703
00:00:00.451	1.306960	1.299634	1.304029
00:00:00.452	1.309890	1.302564	1.305495
00:00:00.452	1.309158	1.293040	1.295238
00:00:00.453	1.315751	1.298168	1.302564
00:00:00.453	1.321612	1.307692	1.305495
00:00:00.453	1.323077	1.307692	1.297436
00:00:00.456	1.316484	1.298168	1.304762
00:00:00.456	1.321612	1.286447	1.309158
00:00:00.456	1.307692	1.285714	1.298901
00:00:00.456	1.314286	1.314286	1.310623
00:00:00.456	1.310623	1.318681	1.312088
00:00:00.456	1.306960	1.320147	1.311355
00:00:00.456	1.309158	1.326007	1.304762
00:00:00.456	1.300366	1.323810	1.304029
00:00:00.456	1.300366	1.324542	1.303297
00:00:00.457	1.307692	1.320879	1.312821
00:00:00.457	1.302564	1.312088	1.307692
00:00:00.457	1.311355	1.318681	1.304762
00:00:00.458	1.309158	1.309158	1.296703
00:00:00.458	1.313553	1.303297	1.300366
00:00:00.463	1.312821	1.294505	1.306960
00:00:00.463	1.308425	1.288645	1.295971
00:00:00.463	1.327473	1.293773	1.307692
00:00:00.463	1.325275	1.276923	1.309890
00:00:00.463	1.320147	1.276190	1.308425
00:00:00.463	1.322344	1.285714	1.315018
00:00:00.463	1.308425	1.292308	1.300366
00:00:00.463	1.312088	1.317216	1.309158
00:00:00.463	1.309890	1.343590	1.312088
00:00:00.463	1.303297	1.354579	1.309890
00:00:00.495	1.300366	1.350183	1.304762
00:00:00.495	1.297436	1.320147	1.306960
00:00:00.495	1.304029	1.312821	1.307692
00:00:00.495	1.311355	1.313553	1.303297
00:00:00.495	1.298168	1.273993	1.297436
00:00:00.495	1.312088	1.275458	1.300366
00:00:00.496	1.315018	1.287912	1.304029
00:00:00.496	1.318681	1.285714	1.304029
00:00:00.497	1.319414	1.285714	1.303297
00:00:00.497	1.322344	1.293040	1.308425
00:00:00.497	1.321612	1.302564	1.308425
00:00:00.498	1.316484	1.285714	1.295971
00:00:00.498	1.307692	1.281319	1.297436
00:00:00.498	1.318681	1.314286	1.304762
00:00:00.499	1.301099	1.313553	1.307692
00:00:00.499	1.304029	1.323810	1.306227
00:00:00.500	1.305495	1.325275	1.306227
00:00:00.500	1.295238	1.312821	1.297436
00:00:00.500	1.293040	1.312088	1.297436
00:00:00.500	1.304762	1.327473	1.308425
00:00:00.501	1.308425	1.321612	1.310623
00:00:00.501	1.311355	1.318681	1.304762
00:00:00.502	1.301832	1.295971	1.298168
00:00:00.502	1.313553	1.283516	1.297436
00:00:00.502	1.319414	1.292308	1.315018
00:00:00.502	1.318681	1.291575	1.309890
00:00:00.503	1.311355	1.287912	1.305495
00:00:00.503	1.328205	1.297436	1.308425
00:00:00.504	1.320147	1.302564	1.315751
00:00:00.504	1.312088	1.302564	1.299634
00:00:00.504	1.309890	1.314286	1.306227
00:00:00.504	1.302564	1.312821	1.304029
00:00:00.505	1.301832	1.320147	1.309890
00:00:00.506	1.302564	1.324542	1.306960
00:00:00.506	1.305495	1.323077	1.304029
00:00:00.506	1.300366	1.323077	1.312821
00:00:00.507	1.300366	1.315018	1.307692
00:00:00.507	1.304029	1.301099	1.306227
00:00:00.507	1.317216	1.316484	1.309158
00:00:00.507	1.306227	1.300366	1.302564
00:00:00.508	1.320879	1.306960	1.312821
00:00:00.508	1.312088	1.293040	1.308425
00:00:00.508	1.319414	1.296703	1.312088
00:00:00.509	1.323810	1.293040	1.312088
00:00:00.510	1.324542	1.287912	1.308425
00:00:00.510	1.319414	1.295238	1.307692
00:00:00.510	1.303297	1.296703	1.303297
00:00:00.511	1.301099	1.300366	1.301832
00:00:00.511	1.298168	1.320147	1.304029
00:00:00.512	1.309890	1.329670	1.309158
00:00:00.544	1.300366	1.320879	1.308425
00:00:00.544	1.304762	1.315751	1.304762
00:00:00.544	1.307692	1.317949	1.309158
00:00:00.545	1.298168	1.287912	1.293040
00:00:00.545	1.312088	1.314286	1.307692
00:00:00.545	1.309158	1.312088	1.306960
00:00:00.546	1.316484	1.303297	1.308425
00:00:00.546	1.321612	1.305495	1.308425
00:00:00.547	1.317216	1.289377	1.299634
00:00:00.547	1.315751	1.296703	1.312088
00:00:00.547	1.311355	1.287912	1.293773
00:00:00.548	1.316484	1.299634	1.299634
00:00:00.548	1.321612	1.303297	1.304762
00:00:00.548	1.306227	1.303297	1.303297
00:00:00.549	1.299634	1.307692	1.307692
00:00:00.549	1.308425	1.320879	1.307692
00:00:00.549	1.303297	1.317216	1.300366
00:00:00.551	1.287912	1.307692	1.302564
00:00:00.551	1.296703	1.310623	1.298168
00:00:00.551	1.294505	1.309890	1.299634
00:00:00.551	1.298168	1.309890	1.304029
00:00:00.551	1.301832	1.306960	1.298901
00:00:00.552	1.317949	1.302564	1.308425
00:00:00.552	1.308425	1.279853	1.298168
00:00:00.552	1.323077	1.317216	1.317949
00:00:00.554	1.328205	1.312821	1.310623
00:00:00.554	1.316484	1.289377	1.306227
00:00:00.554	1.317216	1.295971	1.302564
00:00:00.554	1.317949	1.318681	1.308425
00:00:00.554	1.303297	1.297436	1.303297
00:00:00.554	1.309890	1.300366	1.305495
00:00:00.559	1.305495	1.288645	1.306960
00:00:00.559	1.311355	1.295238	1.305495
00:00:00.559	1.309890	1.299634	1.312088
00:00:00.559	1.298901	1.299634	1.308425
00:00:00.559	1.310623	1.324542	1.304029
00:00:00.559	1.309158	1.324542	1.299634
00:00:00.559	1.295971	1.320879	1.299634
00:00:00.559	1.310623	1.326740	1.306960
00:00:00.559	1.304762	1.300366	1.300366
00:00:00.559	1.305495	1.294505	1.298168
00:00:00.559	1.309158	1.290842	1.300366
00:00:00.559	1.315751	1.294505	1.311355
00:00:00.559	1.309158	1.294505	1.302564
00:00:00.559	1.314286	1.301832	1.298168
00:00:00.560	1.319414	1.305495	1.306960
00:00:00.560	1.316484	1.312821	1.304762
00:00:00.561	1.303297	1.300366	1.298901
00:00:00.561	1.305495	1.318681	1.304762
00:00:00.561	1.304762	1.312821	1.298168
00:00:00.593	1.298901	1.320147	1.306960
00:00:00.593	1.309158	1.328205	1.308425
00:00:00.594	1.292308	1.312821	1.303297
00:00:00.595	1.299634	1.309890	1.299634
00:00:00.595	1.309158	1.304762	1.306960
00:00:00.595	1.309890	1.293040	1.296703
00:00:00.595	1.320879	1.298168	1.310623
00:00:00.595	1.313553	1.288645	1.306960
00:00:00.596	1.315751	1.290110	1.306960
00:00:00.596	1.323810	1.306227	1.306960
00:00:00.597	1.315751	1.315018	1.307692
00:00:00.597	1.324542	1.320147	1.310623
00:00:00.597	1.313553	1.304762	1.305495
00:00:00.598	1.312821	1.306227	1.304762
00:00:00.598	1.305495	1.305495	1.295238
00:00:00.599	1.309158	1.323810	1.309158
00:00:00.599	1.304762	1.323810	1.304762
00:00:00.599	1.303297	1.334799	1.312821
00:00:00.600	1.294505	1.320147	1.305495
00:00:00.600	1.291575	1.299634	1.296703
00:00:00.600	1.304029	1.298168	1.304762
00:00:00.601	1.295971	1.284982	1.309158
00:00:00.601	1.314286	1.292308	1.304762
00:00:00.602	1.319414	1.294505	1.308425
00:00:00.602	1.319414	1.287912	1.303297
00:00:00.602	1.319414	1.287179	1.303297
00:00:00.603	1.321612	1.273260	1.310623
00:00:00.603	1.320147	1.288645	1.298168
00:00:00.603	1.314286	1.292308	1.306227
00:00:00.604	1.317216	1.298168	1.302564
00:00:00.604	1.309890	1.303297	1.306227
00:00:00.604	1.306960	1.305495	1.302564
00:00:00.605	1.307692	1.323077	1.305495
00:00:00.606	1.293773	1.325275	1.299634
00:00:00.606	1.310623	1.334066	1.303297
00:00:00.606	1.298901	1.312821	1.293773
00:00:00.606	1.306960	1.328205	1.312088
00:00:00.607	1.312088	1.314286	1.304029
00:00:00.607	1.313553	1.312088	1.309158
00:00:00.607	1.316484	1.315018	1.309158
00:00:00.608	1.317949	1.306960	1.309158
00:00:00.608	1.312821	1.297436	1.315751
00:00:00.608	1.325275	1.297436	1.309158
00:00:00.609	1.318681	1.297436	1.302564
00:00:00.609	1.318681	1.300366	1.306227
00:00:00.609	1.315018	1.302564	1.309890
00:00:00.610	1.312088	1.303297	1.298901
00:00:00.610	1.312821	1.317949	1.309158
00:00:00.610	1.309890	1.320879	1.304029
00:00:00.610	1.300366	1.317216	1.304762
00:00:00.643	1.309158	1.316484	1.305495
00:00:00.645	1.298901	1.298901	1.284982
00:00:00.645	1.300366	1.300366	1.292308
00:00:00.645	1.302564	1.305495	1.300366
00:00:00.645	1.301099	1.311355	1.307692
00:00:00.645	1.307692	1.298901	1.306227
00:00:00.645	1.318681	1.290110	1.306960
00:00:00.646	1.319414	1.316484	1.306960
00:00:00.646	1.314286	1.319414	1.314286
00:00:00.646	1.320147	1.297436	1.293773
00:00:00.647	1.323810	1.309158	1.310623
00:00:00.647	1.317949	1.299634	1.310623
00:00:00.647	1.309158	1.290842	1.302564
00:00:00.647	1.315018	1.303297	1.305495
00:00:00.649	1.315018	1.312088	1.300366
00:00:00.649	1.308425	1.301099	1.304762
00:00:00.649	1.306227	1.303297	1.309890
00:00:00.649	1.301099	1.312088	1.306960
00:00:00.654	1.304029	1.308425	1.312821
00:00:00.654	1.305495	1.319414	1.305495
00:00:00.654	1.295971	1.310623	1.306227
00:00:00.654	1.309890	1.319414	1.311355
00:00:00.654	1.306227	1.309890	1.304762
00:00:00.654	1.305495	1.300366	1.304029
00:00:00.654	1.319414	1.304762	1.305495
00:00:00.654	1.308425	1.292308	1.291575
00:00:00.654	1.316484	1.293773	1.304029
00:00:00.654	1.326740	1.299634	1.310623
00:00:00.654	1.315018	1.299634	1.304762
00:00:00.654	1.318681	1.306960	1.312088
00:00:00.654	1.317949	1.306960	1.310623
00:00:00.654	1.308425	1.306227	1.302564
00:00:00.655	1.310623	1.312088	1.306960
00:00:00.655	1.304762	1.315018	1.302564
00:00:00.655	1.304762	1.305495	1.295238
00:00:00.655	1.309158	1.322344	1.306227
00:00:00.655	1.309158	1.330403	1.304762
00:00:00.656	1.312088	1.321612	1.302564
00:00:00.656	1.301099	1.302564	1.298168
00:00:00.657	1.313553	1.297436	1.302564
00:00:00.658	1.322344	1.298901	1.307692
00:00:00.658	1.317216	1.299634	1.304762
00:00:00.658	1.317216	1.309890	1.313553
00:00:00.658	1.314286	1.300366	1.300366
00:00:00.659	1.309890	1.284249	1.297436
00:00:00.659	1.320879	1.297436	1.306227
00:00:00.659	1.317216	1.307692	1.310623
00:00:00.660	1.306960	1.303297	1.304762
00:00:00.660	1.312088	1.315751	1.312821
00:00:00.660	1.304029	1.309890	1.305495
00:00:00.693	1.306960	1.318681	1.304029
00:00:00.693	1.308425	1.318681	1.300366
00:00:00.693	1.304029	1.317949	1.298168
00:00:00.693	1.308425	1.317216	1.305495
00:00:00.694	1.307692	1.306227	1.303297
00:00:00.694	1.314286	1.295238	1.306960
00:00:00.694	1.312821	1.298901	1.303297
00:00:00.695	1.315751	1.295238	1.304029
00:00:00.695	1.317949	1.302564	1.309158
00:00:00.696	1.323810	1.311355	1.312821
00:00:00.696	1.318681	1.313553	1.300366
00:00:00.696	1.318681	1.306960	1.306227
00:00:00.697	1.313553	1.309158	1.312821
00:00:00.698	1.309158	1.296703	1.295238
00:00:00.698	1.306227	1.296703	1.297436
00:00:00.698	1.307692	1.315018	1.307692
00:00:00.699	1.302564	1.317216	1.303297
00:00:00.699	1.304762	1.326007	1.313553
00:00:00.699	1.307692	1.320879	1.304029
00:00:00.699	1.306227	1.320147	1.305495
00:00:00.699	1.293773	1.314286	1.308425
00:00:00.700	1.307692	1.308425	1.307692
00:00:00.700	1.294505	1.289377	1.301832
00:00:00.700	1.317949	1.295971	1.315018
00:00:00.701	1.315018	1.286447	1.296703
00:00:00.702	1.314286	1.293040	1.300366
00:00:00.702	1.321612	1.295971	1.306227
00:00:00.702	1.320147	1.299634	1.312088
00:00:00.703	1.323810	1.302564	1.306960
00:00:00.703	1.311355	1.304029	1.302564
00:00:00.704	1.311355	1.306960	1.311355
00:00:00.704	1.313553	1.309890	1.306227
00:00:00.704	1.300366	1.312821	1.306227
00:00:00.704	1.303297	1.316484	1.306227
00:00:00.705	1.299634	1.320147	1.302564
00:00:00.705	1.298168	1.323810	1.304762
00:00:00.706	1.303297	1.322344	1.306227
00:00:00.706	1.308425	1.314286	1.300366
00:00:00.706	1.309158	1.317949	1.312088
00:00:00.707	1.312088	1.306227	1.312821
00:00:00.707	1.294505	1.284249	1.295238
00:00:00.708	1.320879	1.295238	1.310623
00:00:00.708	1.315018	1.296703	1.304762
00:00:00.708	1.317216	1.298901	1.310623
00:00:00.709	1.322344	1.304029	1.311355
00:00:00.709	1.304029	1.284982	1.299634
00:00:00.710	1.317216	1.300366	1.306227
00:00:00.710	1.310623	1.294505	1.295971
00:00:00.710	1.315751	1.310623	1.309158
00:00:00.710	1.312088	1.327473	1.312088
00:00:00.744	1.306960	1.326007	1.306960
00:00:00.744	1.306227	1.335531	1.308425
00:00:00.744	1.307692	1.323077	1.305495
00:00:00.744	1.307692	1.318681	1.306960
00:00:00.744	1.304029	1.305495	1.300366
00:00:00.744	1.307692	1.303297	1.303297
00:00:00.745	1.310623	1.304762	1.304029
